1.275999999999999912e-01 1.927699999999999969e+00 5.924999999999999711e-02 4.125000000000000194e-02
2.913000000000000034e-01 1.927699999999999969e+00 5.515000000000000457e-02 4.184999999999999831e-02
4.549000000000000266e-01 1.927699999999999969e+00 5.459999999999999576e-02 4.370000000000000273e-02
6.186000000000000387e-01 1.927699999999999969e+00 4.610000000000000209e-02 4.994999999999999440e-02
7.822000000000000064e-01 1.927699999999999969e+00 5.050000000000000322e-02 5.129999999999999838e-02
9.458999999999999631e-01 1.927699999999999969e+00 5.125000000000000389e-02 5.285000000000000114e-02
1.109499999999999931e+00 1.927699999999999969e+00 5.140000000000000124e-02 5.380000000000000060e-02
1.273099999999999898e+00 1.927699999999999969e+00 4.059999999999999720e-02 5.849999999999999645e-02
1.436800000000000077e+00 1.927699999999999969e+00 5.475000000000000006e-02 5.160000000000000003e-02
1.600400000000000045e+00 1.927699999999999969e+00 4.624999999999999944e-02 6.099999999999999867e-02
1.764100000000000001e+00 1.927699999999999969e+00 4.230000000000000426e-02 6.545000000000000817e-02
1.927699999999999969e+00 1.927699999999999969e+00 5.519999999999999907e-02 5.995000000000000329e-02
2.091400000000000148e+00 1.927699999999999969e+00 5.855000000000000482e-02 5.915000000000000119e-02
2.254999999999999893e+00 1.927699999999999969e+00 7.220000000000000029e-02 5.449999999999999289e-02
2.418600000000000083e+00 1.927699999999999969e+00 7.345000000000000140e-02 5.684999999999999776e-02
2.582300000000000040e+00 1.927699999999999969e+00 7.144999999999999962e-02 5.600000000000000117e-02
2.745899999999999785e+00 1.927699999999999969e+00 7.794999999999999152e-02 5.515000000000000457e-02
2.909600000000000186e+00 1.927699999999999969e+00 7.664999999999999591e-02 5.780000000000000415e-02
3.073199999999999932e+00 1.927699999999999969e+00 7.595000000000000362e-02 5.980000000000000593e-02
3.236800000000000122e+00 1.927699999999999969e+00 7.869999999999999218e-02 6.429999999999999605e-02
3.400500000000000078e+00 1.927699999999999969e+00 8.535000000000000919e-02 6.090000000000000274e-02
3.564099999999999824e+00 1.927699999999999969e+00 9.145000000000000351e-02 5.774999999999999578e-02
3.727799999999999780e+00 1.927699999999999969e+00 9.179999999999999272e-02 5.240000000000000213e-02
3.891399999999999970e+00 1.927699999999999969e+00 1.036500000000000060e-01 4.200000000000000261e-02
4.055100000000000371e+00 1.927699999999999969e+00 1.098500000000000032e-01 4.205000000000000404e-02
4.218700000000000117e+00 1.927699999999999969e+00 9.929999999999999938e-02 5.979999999999999899e-02
4.382299999999999862e+00 1.927699999999999969e+00 1.046999999999999875e-01 5.515000000000000457e-02
4.546000000000000263e+00 1.927699999999999969e+00 1.179499999999999993e-01 4.349999999999999700e-02
4.709600000000000009e+00 1.927699999999999969e+00 1.181000000000000105e-01 4.649999999999999967e-02
4.873300000000000409e+00 1.927699999999999969e+00 1.174999999999999933e-01 5.319999999999999729e-02
5.036900000000000155e+00 1.927699999999999969e+00 1.221000000000000141e-01 4.510000000000000120e-02
5.200599999999999667e+00 1.927699999999999969e+00 1.281499999999999861e-01 4.314999999999999392e-02
5.364200000000000301e+00 1.927699999999999969e+00 1.255499999999999949e-01 4.070000000000000007e-02
5.527800000000000047e+00 1.927699999999999969e+00 1.292999999999999983e-01 3.255000000000000254e-02
5.691499999999999559e+00 1.927699999999999969e+00 1.267500000000000016e-01 4.295000000000000207e-02
5.855100000000000193e+00 1.927699999999999969e+00 1.375000000000000111e-01 2.554999999999999979e-02
6.018799999999999706e+00 1.927699999999999969e+00 1.437499999999999889e-01 1.975000000000000019e-02
6.182400000000000340e+00 1.927699999999999969e+00 1.445000000000000173e-01 1.524999999999999967e-02
6.346099999999999852e+00 1.927699999999999969e+00 1.445500000000000118e-01 1.874999999999999931e-02
6.509699999999999598e+00 1.927699999999999969e+00 1.494000000000000050e-01 6.399999999999999439e-03
6.673300000000000232e+00 1.927699999999999969e+00 1.513499999999999845e-01 -2.500000000000002220e-04
6.836999999999999744e+00 1.927699999999999969e+00 1.486500000000000044e-01 -6.949999999999999581e-03
7.000600000000000378e+00 1.927699999999999969e+00 1.497499999999999942e-01 -1.530000000000000110e-02
7.164299999999999891e+00 1.927699999999999969e+00 1.487499999999999933e-01 -2.500000000000000139e-02
7.327899999999999636e+00 1.927699999999999969e+00 1.507000000000000006e-01 -3.660000000000000059e-02
1.275999999999999912e-01 1.764100000000000001e+00 4.885000000000000453e-02 4.789999999999999813e-02
2.913000000000000034e-01 1.764100000000000001e+00 5.764999999999999986e-02 4.290000000000000063e-02
4.549000000000000266e-01 1.764100000000000001e+00 5.179999999999999882e-02 4.895000000000000046e-02
6.186000000000000387e-01 1.764100000000000001e+00 3.594999999999999585e-02 5.455000000000000127e-02
7.822000000000000064e-01 1.764100000000000001e+00 5.815000000000000724e-02 4.900000000000000189e-02
9.458999999999999631e-01 1.764100000000000001e+00 5.674999999999999489e-02 4.859999999999999737e-02
1.109499999999999931e+00 1.764100000000000001e+00 4.209999999999999853e-02 5.564999999999999808e-02
1.273099999999999898e+00 1.764100000000000001e+00 2.920000000000000026e-02 7.084999999999999631e-02
1.436800000000000077e+00 1.764100000000000001e+00 4.124999999999999500e-02 6.279999999999999472e-02
1.600400000000000045e+00 1.764100000000000001e+00 4.649999999999999967e-02 6.385000000000000397e-02
1.764100000000000001e+00 1.764100000000000001e+00 4.429999999999999910e-02 6.734999999999999321e-02
1.927699999999999969e+00 1.764100000000000001e+00 5.250000000000000500e-02 6.600000000000000311e-02
2.091400000000000148e+00 1.764100000000000001e+00 7.100000000000000755e-02 5.440000000000000391e-02
2.254999999999999893e+00 1.764100000000000001e+00 6.665000000000000091e-02 6.104999999999999316e-02
2.418600000000000083e+00 1.764100000000000001e+00 5.990000000000000185e-02 6.585000000000000575e-02
2.582300000000000040e+00 1.764100000000000001e+00 7.430000000000000493e-02 5.890000000000000097e-02
2.745899999999999785e+00 1.764100000000000001e+00 7.405000000000000471e-02 6.379999999999999560e-02
2.909600000000000186e+00 1.764100000000000001e+00 7.169999999999999984e-02 6.209999999999999548e-02
3.073199999999999932e+00 1.764100000000000001e+00 7.520000000000000295e-02 6.485000000000000486e-02
3.236800000000000122e+00 1.764100000000000001e+00 8.274999999999999023e-02 5.795000000000000151e-02
3.400500000000000078e+00 1.764100000000000001e+00 8.709999999999999687e-02 6.135000000000000175e-02
3.564099999999999824e+00 1.764100000000000001e+00 8.935000000000001275e-02 6.414999999999999869e-02
3.727799999999999780e+00 1.764100000000000001e+00 9.079999999999999183e-02 6.654999999999999805e-02
3.891399999999999970e+00 1.764100000000000001e+00 1.008000000000000007e-01 5.425000000000000655e-02
4.055100000000000371e+00 1.764100000000000001e+00 1.032500000000000084e-01 5.884999999999999953e-02
4.218700000000000117e+00 1.764100000000000001e+00 1.033000000000000029e-01 6.320000000000000617e-02
4.382299999999999862e+00 1.764100000000000001e+00 1.094500000000000056e-01 5.764999999999999986e-02
4.546000000000000263e+00 1.764100000000000001e+00 1.178000000000000019e-01 5.210000000000000048e-02
4.709600000000000009e+00 1.764100000000000001e+00 1.164499999999999980e-01 5.800000000000000294e-02
4.873300000000000409e+00 1.764100000000000001e+00 1.194500000000000006e-01 5.729999999999999677e-02
5.036900000000000155e+00 1.764100000000000001e+00 1.272000000000000075e-01 4.420000000000000318e-02
5.200599999999999667e+00 1.764100000000000001e+00 1.301499999999999879e-01 4.895000000000000046e-02
5.364200000000000301e+00 1.764100000000000001e+00 1.289500000000000091e-01 5.194999999999999618e-02
5.527800000000000047e+00 1.764100000000000001e+00 1.289500000000000091e-01 5.734999999999999820e-02
5.691499999999999559e+00 1.764100000000000001e+00 1.431000000000000050e-01 2.920000000000000373e-02
5.855100000000000193e+00 1.764100000000000001e+00 1.428000000000000103e-01 2.185000000000000137e-02
6.018799999999999706e+00 1.764100000000000001e+00 1.472499999999999920e-01 2.110000000000000070e-02
6.182400000000000340e+00 1.764100000000000001e+00 1.537000000000000033e-01 1.809999999999999803e-02
6.346099999999999852e+00 1.764100000000000001e+00 1.512499999999999956e-01 1.909999999999999892e-02
6.509699999999999598e+00 1.764100000000000001e+00 1.534000000000000086e-01 1.350000000000000158e-02
6.673300000000000232e+00 1.764100000000000001e+00 1.610499999999999987e-01 -1.000000000000000021e-03
6.836999999999999744e+00 1.764100000000000001e+00 1.606500000000000150e-01 -7.400000000000000328e-03
7.000600000000000378e+00 1.764100000000000001e+00 1.545500000000000207e-01 -1.390000000000000090e-02
7.164299999999999891e+00 1.764100000000000001e+00 1.577999999999999958e-01 -2.784999999999999976e-02
7.327899999999999636e+00 1.764100000000000001e+00 1.471999999999999975e-01 -4.080000000000000293e-02
1.275999999999999912e-01 1.600400000000000045e+00 4.800000000000000100e-02 5.449999999999999983e-02
2.913000000000000034e-01 1.600400000000000045e+00 5.500000000000000028e-02 5.075000000000000344e-02
4.549000000000000266e-01 1.600400000000000045e+00 4.495000000000000384e-02 6.074999999999999845e-02
6.186000000000000387e-01 1.600400000000000045e+00 4.195000000000000118e-02 6.120000000000000440e-02
7.822000000000000064e-01 1.600400000000000045e+00 5.879999999999999810e-02 5.330000000000000016e-02
9.458999999999999631e-01 1.600400000000000045e+00 5.870000000000000218e-02 5.330000000000000016e-02
1.109499999999999931e+00 1.600400000000000045e+00 4.130000000000000338e-02 6.019999999999999657e-02
1.273099999999999898e+00 1.600400000000000045e+00 3.554999999999999827e-02 7.570000000000000340e-02
1.436800000000000077e+00 1.600400000000000045e+00 4.349999999999999700e-02 7.209999999999999742e-02
1.600400000000000045e+00 1.600400000000000045e+00 4.769999999999999934e-02 7.084999999999999631e-02
1.764100000000000001e+00 1.600400000000000045e+00 4.569999999999999757e-02 7.585000000000000075e-02
1.927699999999999969e+00 1.600400000000000045e+00 5.095000000000000223e-02 7.439999999999999392e-02
2.091400000000000148e+00 1.600400000000000045e+00 6.295000000000000595e-02 6.869999999999999718e-02
2.254999999999999893e+00 1.600400000000000045e+00 6.214999999999999691e-02 7.024999999999999301e-02
2.418600000000000083e+00 1.600400000000000045e+00 6.320000000000000617e-02 6.604999999999999760e-02
2.582300000000000040e+00 1.600400000000000045e+00 6.930000000000000049e-02 6.314999999999999780e-02
2.745899999999999785e+00 1.600400000000000045e+00 7.189999999999999170e-02 6.959999999999999520e-02
2.909600000000000186e+00 1.600400000000000045e+00 7.414999999999999369e-02 6.695000000000000950e-02
3.073199999999999932e+00 1.600400000000000045e+00 7.714999999999999636e-02 7.050000000000000711e-02
3.236800000000000122e+00 1.600400000000000045e+00 8.274999999999999023e-02 6.654999999999999805e-02
3.400500000000000078e+00 1.600400000000000045e+00 8.235000000000000653e-02 6.950000000000000622e-02
3.564099999999999824e+00 1.600400000000000045e+00 8.780000000000000304e-02 6.834999999999999409e-02
3.727799999999999780e+00 1.600400000000000045e+00 9.074999999999999734e-02 6.844999999999999696e-02
3.891399999999999970e+00 1.600400000000000045e+00 9.324999999999999956e-02 6.635000000000000620e-02
4.055100000000000371e+00 1.600400000000000045e+00 9.900000000000000466e-02 6.775000000000000466e-02
4.218700000000000117e+00 1.600400000000000045e+00 1.029499999999999998e-01 6.900000000000000577e-02
4.382299999999999862e+00 1.600400000000000045e+00 1.074999999999999983e-01 6.579999999999999738e-02
4.546000000000000263e+00 1.600400000000000045e+00 1.152999999999999997e-01 5.820000000000000173e-02
4.709600000000000009e+00 1.600400000000000045e+00 1.197499999999999953e-01 6.240000000000000407e-02
4.873300000000000409e+00 1.600400000000000045e+00 1.219999999999999973e-01 5.840000000000000052e-02
5.036900000000000155e+00 1.600400000000000045e+00 1.278499999999999914e-01 5.500000000000000028e-02
5.200599999999999667e+00 1.600400000000000045e+00 1.284000000000000141e-01 5.580000000000000238e-02
5.364200000000000301e+00 1.600400000000000045e+00 1.325000000000000067e-01 5.989999999999999492e-02
5.527800000000000047e+00 1.600400000000000045e+00 1.372000000000000164e-01 4.969999999999999418e-02
5.691499999999999559e+00 1.600400000000000045e+00 1.452499999999999902e-01 3.534999999999999948e-02
5.855100000000000193e+00 1.600400000000000045e+00 1.468500000000000083e-01 3.285000000000000420e-02
6.018799999999999706e+00 1.600400000000000045e+00 1.498500000000000110e-01 3.229999999999999538e-02
6.182400000000000340e+00 1.600400000000000045e+00 1.577999999999999958e-01 2.665000000000000008e-02
6.346099999999999852e+00 1.600400000000000045e+00 1.628499999999999948e-01 1.134999999999999898e-02
6.509699999999999598e+00 1.600400000000000045e+00 1.653999999999999915e-01 1.505000000000000088e-02
6.673300000000000232e+00 1.600400000000000045e+00 1.683499999999999996e-01 -2.600000000000000314e-03
6.836999999999999744e+00 1.600400000000000045e+00 1.655499999999999750e-01 -5.050000000000000669e-03
7.000600000000000378e+00 1.600400000000000045e+00 1.647000000000000131e-01 -7.000000000000001013e-03
7.164299999999999891e+00 1.600400000000000045e+00 1.687000000000000166e-01 -2.795000000000000262e-02
7.327899999999999636e+00 1.600400000000000045e+00 1.613499999999999934e-01 -3.115000000000000407e-02
1.275999999999999912e-01 1.436800000000000077e+00 2.790000000000000119e-02 7.320000000000000118e-02
2.913000000000000034e-01 1.436800000000000077e+00 3.409999999999999837e-02 6.444999999999999341e-02
4.549000000000000266e-01 1.436800000000000077e+00 3.934999999999999609e-02 6.850000000000000533e-02
6.186000000000000387e-01 1.436800000000000077e+00 3.785000000000000170e-02 7.144999999999999962e-02
7.822000000000000064e-01 1.436800000000000077e+00 3.584999999999999992e-02 6.829999999999999960e-02
9.458999999999999631e-01 1.436800000000000077e+00 4.435000000000000053e-02 6.704999999999999849e-02
1.109499999999999931e+00 1.436800000000000077e+00 4.105000000000000315e-02 6.685000000000000664e-02
1.273099999999999898e+00 1.436800000000000077e+00 3.959999999999999631e-02 7.464999999999999414e-02
1.436800000000000077e+00 1.436800000000000077e+00 4.570000000000000451e-02 7.489999999999999436e-02
1.600400000000000045e+00 1.436800000000000077e+00 4.760000000000000342e-02 7.670000000000000429e-02
1.764100000000000001e+00 1.436800000000000077e+00 4.569999999999999757e-02 8.229999999999999816e-02
1.927699999999999969e+00 1.436800000000000077e+00 5.324999999999999872e-02 8.210000000000000631e-02
2.091400000000000148e+00 1.436800000000000077e+00 5.859999999999999931e-02 8.135000000000000564e-02
2.254999999999999893e+00 1.436800000000000077e+00 5.970000000000000306e-02 7.925000000000000100e-02
2.418600000000000083e+00 1.436800000000000077e+00 6.089999999999999580e-02 8.019999999999999352e-02
2.582300000000000040e+00 1.436800000000000077e+00 6.715000000000000135e-02 8.114999999999999991e-02
2.745899999999999785e+00 1.436800000000000077e+00 7.115000000000000491e-02 8.549999999999999267e-02
2.909600000000000186e+00 1.436800000000000077e+00 7.234999999999999765e-02 8.235000000000000653e-02
3.073199999999999932e+00 1.436800000000000077e+00 7.785000000000000253e-02 8.054999999999999660e-02
3.236800000000000122e+00 1.436800000000000077e+00 8.544999999999999818e-02 7.705000000000000737e-02
3.400500000000000078e+00 1.436800000000000077e+00 9.059999999999999998e-02 6.784999999999999365e-02
3.564099999999999824e+00 1.436800000000000077e+00 8.829999999999998961e-02 7.209999999999999742e-02
3.727799999999999780e+00 1.436800000000000077e+00 9.539999999999999869e-02 6.650000000000000355e-02
3.891399999999999970e+00 1.436800000000000077e+00 1.003499999999999948e-01 6.729999999999999871e-02
4.055100000000000371e+00 1.436800000000000077e+00 1.025000000000000078e-01 7.614999999999999547e-02
4.218700000000000117e+00 1.436800000000000077e+00 1.000500000000000000e-01 8.530000000000000082e-02
4.382299999999999862e+00 1.436800000000000077e+00 1.023499999999999965e-01 9.274999999999999911e-02
4.546000000000000263e+00 1.436800000000000077e+00 1.130000000000000032e-01 7.314999999999999281e-02
4.709600000000000009e+00 1.436800000000000077e+00 1.263500000000000179e-01 6.004999999999999921e-02
4.873300000000000409e+00 1.436800000000000077e+00 1.251499999999999835e-01 6.239999999999999714e-02
5.036900000000000155e+00 1.436800000000000077e+00 1.333000000000000018e-01 6.850000000000000533e-02
5.200599999999999667e+00 1.436800000000000077e+00 1.338000000000000023e-01 7.075000000000000733e-02
5.364200000000000301e+00 1.436800000000000077e+00 1.350500000000000034e-01 6.720000000000000973e-02
5.527800000000000047e+00 1.436800000000000077e+00 1.416499999999999981e-01 5.399999999999999939e-02
5.691499999999999559e+00 1.436800000000000077e+00 1.560499999999999943e-01 3.750000000000000555e-02
5.855100000000000193e+00 1.436800000000000077e+00 1.567000000000000060e-01 3.899999999999999994e-02
6.018799999999999706e+00 1.436800000000000077e+00 1.571000000000000174e-01 4.254999999999999755e-02
6.182400000000000340e+00 1.436800000000000077e+00 1.717500000000000138e-01 2.035000000000000003e-02
6.346099999999999852e+00 1.436800000000000077e+00 1.720999999999999752e-01 9.650000000000000591e-03
6.509699999999999598e+00 1.436800000000000077e+00 1.771000000000000074e-01 1.515000000000000027e-02
6.673300000000000232e+00 1.436800000000000077e+00 1.764999999999999902e-01 7.450000000000000025e-03
6.836999999999999744e+00 1.436800000000000077e+00 1.845499999999999918e-01 -1.669999999999999957e-02
7.000600000000000378e+00 1.436800000000000077e+00 1.819500000000000006e-01 -3.389999999999999958e-02
7.164299999999999891e+00 1.436800000000000077e+00 1.814000000000000057e-01 -4.070000000000000007e-02
7.327899999999999636e+00 1.436800000000000077e+00 1.735499999999999821e-01 -3.590000000000000135e-02
1.275999999999999912e-01 1.273099999999999898e+00 1.884999999999999870e-02 8.665000000000000480e-02
2.913000000000000034e-01 1.273099999999999898e+00 3.194999999999999923e-02 7.134999999999999676e-02
4.549000000000000266e-01 1.273099999999999898e+00 3.984999999999999654e-02 7.489999999999999436e-02
6.186000000000000387e-01 1.273099999999999898e+00 3.450000000000000289e-02 7.610000000000000098e-02
7.822000000000000064e-01 1.273099999999999898e+00 3.665000000000000202e-02 8.000000000000000167e-02
9.458999999999999631e-01 1.273099999999999898e+00 3.794999999999999762e-02 8.349999999999999090e-02
1.109499999999999931e+00 1.273099999999999898e+00 5.115000000000000102e-02 6.930000000000000049e-02
1.273099999999999898e+00 1.273099999999999898e+00 4.929999999999999660e-02 7.520000000000000295e-02
1.436800000000000077e+00 1.273099999999999898e+00 4.354999999999999843e-02 8.530000000000000082e-02
1.600400000000000045e+00 1.273099999999999898e+00 5.119999999999999551e-02 8.965000000000000746e-02
1.764100000000000001e+00 1.273099999999999898e+00 5.160000000000000003e-02 9.274999999999999911e-02
1.927699999999999969e+00 1.273099999999999898e+00 5.449999999999999983e-02 9.189999999999999558e-02
2.091400000000000148e+00 1.273099999999999898e+00 5.980000000000000593e-02 9.029999999999999138e-02
2.254999999999999893e+00 1.273099999999999898e+00 6.375000000000000111e-02 8.599999999999999312e-02
2.418600000000000083e+00 1.273099999999999898e+00 6.110000000000000153e-02 8.999999999999999667e-02
2.582300000000000040e+00 1.273099999999999898e+00 7.314999999999999281e-02 8.829999999999998961e-02
2.745899999999999785e+00 1.273099999999999898e+00 7.564999999999999503e-02 8.729999999999998872e-02
2.909600000000000186e+00 1.273099999999999898e+00 6.740000000000000158e-02 8.970000000000000195e-02
3.073199999999999932e+00 1.273099999999999898e+00 7.464999999999999414e-02 8.999999999999999667e-02
3.236800000000000122e+00 1.273099999999999898e+00 8.845000000000000084e-02 7.994999999999999329e-02
3.400500000000000078e+00 1.273099999999999898e+00 9.314999999999999669e-02 8.005000000000001004e-02
3.564099999999999824e+00 1.273099999999999898e+00 9.829999999999999849e-02 7.439999999999999392e-02
3.727799999999999780e+00 1.273099999999999898e+00 9.525000000000000133e-02 8.290000000000000147e-02
3.891399999999999970e+00 1.273099999999999898e+00 8.755000000000000282e-02 9.700000000000000289e-02
4.055100000000000371e+00 1.273099999999999898e+00 1.113999999999999990e-01 7.929999999999999549e-02
4.218700000000000117e+00 1.273099999999999898e+00 1.142499999999999905e-01 7.960000000000000409e-02
4.382299999999999862e+00 1.273099999999999898e+00 1.095000000000000001e-01 8.240000000000000102e-02
4.546000000000000263e+00 1.273099999999999898e+00 1.192499999999999949e-01 8.004999999999999616e-02
4.709600000000000009e+00 1.273099999999999898e+00 1.230500000000000066e-01 8.185000000000000608e-02
4.873300000000000409e+00 1.273099999999999898e+00 1.222999999999999921e-01 9.539999999999999869e-02
5.036900000000000155e+00 1.273099999999999898e+00 1.280000000000000027e-01 9.695000000000000839e-02
5.200599999999999667e+00 1.273099999999999898e+00 1.353499999999999981e-01 9.145000000000000351e-02
5.364200000000000301e+00 1.273099999999999898e+00 1.505000000000000226e-01 6.884999999999999454e-02
5.527800000000000047e+00 1.273099999999999898e+00 1.665999999999999981e-01 2.989999999999999949e-02
5.691499999999999559e+00 1.273099999999999898e+00 1.664499999999999869e-01 5.050000000000000322e-02
5.855100000000000193e+00 1.273099999999999898e+00 1.661499999999999921e-01 4.050000000000000128e-02
6.018799999999999706e+00 1.273099999999999898e+00 1.684999999999999831e-01 3.604999999999999871e-02
6.182400000000000340e+00 1.273099999999999898e+00 1.833500000000000130e-01 1.929999999999999771e-02
6.346099999999999852e+00 1.273099999999999898e+00 1.921499999999999875e-01 2.509999999999999731e-02
6.509699999999999598e+00 1.273099999999999898e+00 1.895999999999999908e-01 5.279999999999999971e-02
6.673300000000000232e+00 1.273099999999999898e+00 1.939500000000000113e-01 3.100000000000000325e-03
6.836999999999999744e+00 1.273099999999999898e+00 2.076999999999999957e-01 -2.609999999999999820e-02
7.000600000000000378e+00 1.273099999999999898e+00 2.018000000000000071e-01 -4.039999999999999841e-02
7.164299999999999891e+00 1.273099999999999898e+00 1.933000000000000274e-01 -5.865000000000000074e-02
7.327899999999999636e+00 1.273099999999999898e+00 1.808000000000000163e-01 -6.244999999999999857e-02
1.275999999999999912e-01 1.109499999999999931e+00 3.030000000000000054e-02 9.690000000000000002e-02
2.913000000000000034e-01 1.109499999999999931e+00 3.675000000000000488e-02 8.344999999999999640e-02
4.549000000000000266e-01 1.109499999999999931e+00 3.454999999999999738e-02 8.849999999999999534e-02
6.186000000000000387e-01 1.109499999999999931e+00 3.334999999999999770e-02 9.179999999999999272e-02
7.822000000000000064e-01 1.109499999999999931e+00 4.100000000000000172e-02 8.785000000000001141e-02
9.458999999999999631e-01 1.109499999999999931e+00 3.710000000000000103e-02 9.215000000000000968e-02
1.109499999999999931e+00 1.109499999999999931e+00 3.339999999999999913e-02 9.620000000000000773e-02
1.273099999999999898e+00 1.109499999999999931e+00 4.274999999999999634e-02 8.690000000000000502e-02
1.436800000000000077e+00 1.109499999999999931e+00 3.470000000000000168e-02 9.709999999999999187e-02
1.600400000000000045e+00 1.109499999999999931e+00 4.105000000000000315e-02 1.083500000000000019e-01
1.764100000000000001e+00 1.109499999999999931e+00 4.370000000000000273e-02 1.068500000000000005e-01
1.927699999999999969e+00 1.109499999999999931e+00 4.775000000000000078e-02 1.044000000000000067e-01
2.091400000000000148e+00 1.109499999999999931e+00 5.480000000000000149e-02 1.017500000000000071e-01
2.254999999999999893e+00 1.109499999999999931e+00 6.115000000000000296e-02 9.800000000000000377e-02
2.418600000000000083e+00 1.109499999999999931e+00 6.615000000000000047e-02 9.450000000000000067e-02
2.582300000000000040e+00 1.109499999999999931e+00 6.740000000000000158e-02 9.959999999999999409e-02
2.745899999999999785e+00 1.109499999999999931e+00 7.080000000000000182e-02 9.509999999999999010e-02
2.909600000000000186e+00 1.109499999999999931e+00 7.530000000000000582e-02 1.005500000000000005e-01
3.073199999999999932e+00 1.109499999999999931e+00 7.114999999999999103e-02 1.059999999999999970e-01
3.236800000000000122e+00 1.109499999999999931e+00 8.440000000000000280e-02 8.945000000000000173e-02
3.400500000000000078e+00 1.109499999999999931e+00 9.664999999999999980e-02 8.955000000000000460e-02
3.564099999999999824e+00 1.109499999999999931e+00 1.065500000000000058e-01 7.500000000000001110e-02
3.727799999999999780e+00 1.109499999999999931e+00 9.715000000000000024e-02 8.849999999999999534e-02
3.891399999999999970e+00 1.109499999999999931e+00 1.065000000000000113e-01 7.900000000000000078e-02
4.055100000000000371e+00 1.109499999999999931e+00 1.113500000000000045e-01 8.544999999999999818e-02
4.218700000000000117e+00 1.109499999999999931e+00 1.009000000000000036e-01 1.038999999999999924e-01
4.382299999999999862e+00 1.109499999999999931e+00 1.008499999999999952e-01 1.142999999999999849e-01
4.546000000000000263e+00 1.109499999999999931e+00 1.189999999999999947e-01 9.204999999999999294e-02
4.709600000000000009e+00 1.109499999999999931e+00 1.142499999999999905e-01 1.046499999999999930e-01
4.873300000000000409e+00 1.109499999999999931e+00 1.273499999999999910e-01 1.121499999999999997e-01
5.036900000000000155e+00 1.109499999999999931e+00 1.343499999999999972e-01 1.177499999999999936e-01
5.200599999999999667e+00 1.109499999999999931e+00 1.339500000000000135e-01 1.285499999999999976e-01
5.364200000000000301e+00 1.109499999999999931e+00 1.504500000000000004e-01 1.024000000000000049e-01
5.527800000000000047e+00 1.109499999999999931e+00 1.620000000000000051e-01 9.179999999999999272e-02
5.691499999999999559e+00 1.109499999999999931e+00 1.771500000000000019e-01 6.149999999999999911e-02
5.855100000000000193e+00 1.109499999999999931e+00 1.820499999999999896e-01 5.204999999999999905e-02
6.018799999999999706e+00 1.109499999999999931e+00 1.825999999999999845e-01 4.800000000000000100e-02
6.182400000000000340e+00 1.109499999999999931e+00 1.905000000000000027e-01 3.669999999999999651e-02
6.346099999999999852e+00 1.109499999999999931e+00 2.020000000000000129e-01 3.150000000000000022e-02
6.509699999999999598e+00 1.109499999999999931e+00 1.964500000000000135e-01 6.264999999999999736e-02
6.673300000000000232e+00 1.109499999999999931e+00 2.065000000000000169e-01 -3.400000000000000244e-03
6.836999999999999744e+00 1.109499999999999931e+00 2.086999999999999966e-01 -2.999999999999999195e-04
7.000600000000000378e+00 1.109499999999999931e+00 2.151000000000000134e-01 -3.805000000000000049e-02
7.164299999999999891e+00 1.109499999999999931e+00 2.114000000000000046e-01 -4.654999999999999416e-02
7.327899999999999636e+00 1.109499999999999931e+00 2.021000000000000019e-01 -5.934999999999999998e-02
1.275999999999999912e-01 9.458999999999999631e-01 1.884999999999999870e-02 1.164499999999999980e-01
2.913000000000000034e-01 9.458999999999999631e-01 1.899999999999999953e-02 1.076000000000000012e-01
4.549000000000000266e-01 9.458999999999999631e-01 2.260000000000000203e-02 1.091000000000000025e-01
6.186000000000000387e-01 9.458999999999999631e-01 3.005000000000000032e-02 1.096000000000000030e-01
7.822000000000000064e-01 9.458999999999999631e-01 2.444999999999999951e-02 1.098500000000000032e-01
9.458999999999999631e-01 9.458999999999999631e-01 3.255000000000000254e-02 1.068500000000000005e-01
1.109499999999999931e+00 9.458999999999999631e-01 3.584999999999999992e-02 1.128500000000000059e-01
1.273099999999999898e+00 9.458999999999999631e-01 3.099999999999999978e-02 1.128500000000000059e-01
1.436800000000000077e+00 9.458999999999999631e-01 2.960000000000000131e-02 1.190500000000000030e-01
1.600400000000000045e+00 9.458999999999999631e-01 3.719999999999999696e-02 1.229500000000000037e-01
1.764100000000000001e+00 9.458999999999999631e-01 4.495000000000000384e-02 1.224500000000000033e-01
1.927699999999999969e+00 9.458999999999999631e-01 4.485000000000000098e-02 1.229000000000000092e-01
2.091400000000000148e+00 9.458999999999999631e-01 4.705000000000000154e-02 1.075000000000000122e-01
2.254999999999999893e+00 9.458999999999999631e-01 5.764999999999999986e-02 1.054000000000000076e-01
2.418600000000000083e+00 9.458999999999999631e-01 5.674999999999999489e-02 1.160000000000000059e-01
2.582300000000000040e+00 9.458999999999999631e-01 6.220000000000000528e-02 1.235499999999999932e-01
2.745899999999999785e+00 9.458999999999999631e-01 6.320000000000000617e-02 1.129499999999999948e-01
2.909600000000000186e+00 9.458999999999999631e-01 7.400000000000001021e-02 1.188000000000000028e-01
3.073199999999999932e+00 9.458999999999999631e-01 7.585000000000000075e-02 1.247000000000000053e-01
3.236800000000000122e+00 9.458999999999999631e-01 8.530000000000000082e-02 1.171500000000000041e-01
3.400500000000000078e+00 9.458999999999999631e-01 9.295000000000000484e-02 1.093999999999999972e-01
3.564099999999999824e+00 9.458999999999999631e-01 8.254999999999999838e-02 1.218999999999999945e-01
3.727799999999999780e+00 9.458999999999999631e-01 1.006500000000000034e-01 1.027500000000000080e-01
3.891399999999999970e+00 9.458999999999999631e-01 1.286999999999999811e-01 7.215000000000000580e-02
4.055100000000000371e+00 9.458999999999999631e-01 1.181999999999999995e-01 9.409999999999998921e-02
4.218700000000000117e+00 9.458999999999999631e-01 1.000500000000000000e-01 1.371499999999999941e-01
4.382299999999999862e+00 9.458999999999999631e-01 9.564999999999999891e-02 1.496999999999999997e-01
4.546000000000000263e+00 9.458999999999999631e-01 1.143000000000000127e-01 1.319500000000000117e-01
4.709600000000000009e+00 9.458999999999999631e-01 1.293499999999999928e-01 1.290000000000000036e-01
4.873300000000000409e+00 9.458999999999999631e-01 1.328000000000000014e-01 1.180499999999999883e-01
5.036900000000000155e+00 9.458999999999999631e-01 1.425000000000000155e-01 1.132499999999999896e-01
5.200599999999999667e+00 9.458999999999999631e-01 1.496000000000000107e-01 9.454999999999999516e-02
5.364200000000000301e+00 9.458999999999999631e-01 1.621500000000000163e-01 1.131500000000000006e-01
5.527800000000000047e+00 9.458999999999999631e-01 1.743500000000000050e-01 1.133500000000000063e-01
5.691499999999999559e+00 9.458999999999999631e-01 1.892500000000000016e-01 7.610000000000000098e-02
5.855100000000000193e+00 9.458999999999999631e-01 1.978499999999999981e-01 5.234999999999999376e-02
6.018799999999999706e+00 9.458999999999999631e-01 2.085000000000000187e-01 2.719999999999999848e-02
6.182400000000000340e+00 9.458999999999999631e-01 2.103499999999999814e-01 6.899999999999999883e-03
6.346099999999999852e+00 9.458999999999999631e-01 2.095500000000000140e-01 8.799999999999998795e-03
6.509699999999999598e+00 9.458999999999999631e-01 2.090500000000000136e-01 2.375000000000000028e-02
6.673300000000000232e+00 9.458999999999999631e-01 2.291500000000000203e-01 1.219999999999999904e-02
6.836999999999999744e+00 9.458999999999999631e-01 2.294499999999999873e-01 1.700000000000000122e-03
7.000600000000000378e+00 9.458999999999999631e-01 2.283000000000000029e-01 -1.814999999999999947e-02
7.164299999999999891e+00 9.458999999999999631e-01 2.232500000000000040e-01 -2.089999999999999844e-02
7.327899999999999636e+00 9.458999999999999631e-01 2.344499999999999917e-01 7.380000000000000449e-02
1.275999999999999912e-01 7.822000000000000064e-01 2.224999999999999895e-02 1.280999999999999917e-01
2.913000000000000034e-01 7.822000000000000064e-01 3.299999999999999548e-03 1.258499999999999897e-01
4.549000000000000266e-01 7.822000000000000064e-01 1.200000000000000545e-03 1.258499999999999897e-01
6.186000000000000387e-01 7.822000000000000064e-01 2.154999999999999971e-02 1.230499999999999927e-01
7.822000000000000064e-01 7.822000000000000064e-01 1.884999999999999870e-02 1.307500000000000051e-01
9.458999999999999631e-01 7.822000000000000064e-01 1.834999999999999826e-02 1.352500000000000091e-01
1.109499999999999931e+00 7.822000000000000064e-01 2.745000000000000218e-02 1.308999999999999886e-01
1.273099999999999898e+00 7.822000000000000064e-01 2.385000000000000314e-02 1.380000000000000115e-01
1.436800000000000077e+00 7.822000000000000064e-01 2.924999999999999822e-02 1.348499999999999976e-01
1.600400000000000045e+00 7.822000000000000064e-01 3.849999999999999950e-02 1.360999999999999988e-01
1.764100000000000001e+00 7.822000000000000064e-01 3.704999999999999960e-02 1.391000000000000014e-01
1.927699999999999969e+00 7.822000000000000064e-01 3.559999999999999970e-02 1.433500000000000052e-01
2.091400000000000148e+00 7.822000000000000064e-01 5.020000000000000157e-02 1.417999999999999816e-01
2.254999999999999893e+00 7.822000000000000064e-01 5.464999999999999719e-02 1.355999999999999983e-01
2.418600000000000083e+00 7.822000000000000064e-01 4.870000000000000023e-02 1.420000000000000151e-01
2.582300000000000040e+00 7.822000000000000064e-01 7.320000000000000118e-02 1.240500000000000075e-01
2.745899999999999785e+00 7.822000000000000064e-01 7.050000000000000711e-02 1.349000000000000199e-01
2.909600000000000186e+00 7.822000000000000064e-01 7.424999999999999656e-02 1.366499999999999937e-01
3.073199999999999932e+00 7.822000000000000064e-01 7.434999999999999942e-02 1.508499999999999841e-01
3.236800000000000122e+00 7.822000000000000064e-01 8.669999999999999929e-02 1.512499999999999956e-01
3.400500000000000078e+00 7.822000000000000064e-01 8.100000000000000255e-02 1.569499999999999784e-01
3.564099999999999824e+00 7.822000000000000064e-01 9.135000000000000064e-02 1.431000000000000050e-01
3.727799999999999780e+00 7.822000000000000064e-01 9.295000000000000484e-02 1.434499999999999942e-01
3.891399999999999970e+00 7.822000000000000064e-01 1.132500000000000034e-01 1.178499999999999964e-01
4.055100000000000371e+00 7.822000000000000064e-01 9.939999999999998836e-02 1.487499999999999933e-01
4.218700000000000117e+00 7.822000000000000064e-01 1.243499999999999883e-01 1.045000000000000095e-01
4.382299999999999862e+00 7.822000000000000064e-01 1.072999999999999926e-01 1.714999999999999858e-01
4.546000000000000263e+00 7.822000000000000064e-01 1.204999999999999960e-01 1.708999999999999964e-01
4.709600000000000009e+00 7.822000000000000064e-01 1.310499999999999998e-01 1.512499999999999956e-01
4.873300000000000409e+00 7.822000000000000064e-01 1.411000000000000032e-01 1.391499999999999959e-01
5.036900000000000155e+00 7.822000000000000064e-01 1.521500000000000075e-01 1.121000000000000052e-01
5.200599999999999667e+00 7.822000000000000064e-01 1.621000000000000218e-01 1.155000000000000054e-01
5.364200000000000301e+00 7.822000000000000064e-01 1.783500000000000085e-01 1.144000000000000017e-01
5.527800000000000047e+00 7.822000000000000064e-01 1.717500000000000138e-01 7.555000000000000604e-02
5.691499999999999559e+00 7.822000000000000064e-01 1.859000000000000097e-01 4.039999999999999841e-02
5.855100000000000193e+00 7.822000000000000064e-01 2.188499999999999890e-01 6.695000000000000950e-02
6.018799999999999706e+00 7.822000000000000064e-01 2.273999999999999910e-01 1.410000000000000142e-02
6.182400000000000340e+00 7.822000000000000064e-01 2.090000000000000191e-01 1.725000000000000144e-02
6.346099999999999852e+00 7.822000000000000064e-01 2.127499999999999947e-01 1.549999999999999989e-02
6.509699999999999598e+00 7.822000000000000064e-01 2.162000000000000033e-01 2.535000000000000100e-02
6.673300000000000232e+00 7.822000000000000064e-01 2.379000000000000004e-01 2.115000000000000213e-02
6.836999999999999744e+00 7.822000000000000064e-01 2.214500000000000079e-01 -2.089999999999999844e-02
7.000600000000000378e+00 7.822000000000000064e-01 2.215499999999999969e-01 -2.659999999999999865e-02
7.164299999999999891e+00 7.822000000000000064e-01 2.320000000000000118e-01 -2.060000000000000026e-02
7.327899999999999636e+00 7.822000000000000064e-01 2.253000000000000003e-01 -8.854999999999998983e-02
1.275999999999999912e-01 6.186000000000000387e-01 1.184999999999999942e-02 1.460000000000000187e-01
2.913000000000000034e-01 6.186000000000000387e-01 1.250000000000000026e-03 1.462999999999999856e-01
4.549000000000000266e-01 6.186000000000000387e-01 1.499999999999999944e-02 1.496999999999999997e-01
6.186000000000000387e-01 6.186000000000000387e-01 2.695000000000000173e-02 1.457999999999999852e-01
7.822000000000000064e-01 6.186000000000000387e-01 2.844999999999999613e-02 1.495500000000000163e-01
9.458999999999999631e-01 6.186000000000000387e-01 2.090000000000000191e-02 1.561000000000000165e-01
1.109499999999999931e+00 6.186000000000000387e-01 1.605000000000000177e-02 1.506000000000000116e-01
1.273099999999999898e+00 6.186000000000000387e-01 1.605000000000000177e-02 1.496500000000000052e-01
1.436800000000000077e+00 6.186000000000000387e-01 2.004999999999999838e-02 1.613999999999999879e-01
1.600400000000000045e+00 6.186000000000000387e-01 2.759999999999999953e-02 1.613999999999999879e-01
1.764100000000000001e+00 6.186000000000000387e-01 3.255000000000000254e-02 1.628000000000000003e-01
1.927699999999999969e+00 6.186000000000000387e-01 2.885000000000000064e-02 1.645999999999999963e-01
2.091400000000000148e+00 6.186000000000000387e-01 4.389999999999999458e-02 1.548499999999999877e-01
2.254999999999999893e+00 6.186000000000000387e-01 5.285000000000000114e-02 1.552999999999999936e-01
2.418600000000000083e+00 6.186000000000000387e-01 6.669999999999999540e-02 1.529000000000000081e-01
2.582300000000000040e+00 6.186000000000000387e-01 7.255000000000000338e-02 1.563999999999999835e-01
2.745899999999999785e+00 6.186000000000000387e-01 6.795000000000001039e-02 1.617000000000000104e-01
2.909600000000000186e+00 6.186000000000000387e-01 7.599999999999999811e-02 1.707000000000000184e-01
3.073199999999999932e+00 6.186000000000000387e-01 8.624999999999999334e-02 1.658000000000000029e-01
3.236800000000000122e+00 6.186000000000000387e-01 8.724999999999999423e-02 1.678499999999999992e-01
3.400500000000000078e+00 6.186000000000000387e-01 8.444999999999999729e-02 1.791000000000000092e-01
3.564099999999999824e+00 6.186000000000000387e-01 1.055999999999999994e-01 1.775499999999999856e-01
3.727799999999999780e+00 6.186000000000000387e-01 1.095499999999999946e-01 1.743000000000000105e-01
3.891399999999999970e+00 6.186000000000000387e-01 1.280000000000000027e-01 1.553499999999999881e-01
4.055100000000000371e+00 6.186000000000000387e-01 1.068500000000000005e-01 1.763500000000000068e-01
4.218700000000000117e+00 6.186000000000000387e-01 1.316499999999999893e-01 1.119999999999999885e-01
4.382299999999999862e+00 6.186000000000000387e-01 1.193500000000000116e-01 1.730499999999999816e-01
4.546000000000000263e+00 6.186000000000000387e-01 1.253500000000000170e-01 1.809999999999999942e-01
4.709600000000000009e+00 6.186000000000000387e-01 1.300000000000000044e-01 1.678499999999999992e-01
4.873300000000000409e+00 6.186000000000000387e-01 1.535500000000000198e-01 1.022500000000000075e-01
5.036900000000000155e+00 6.186000000000000387e-01 1.572500000000000009e-01 1.122500000000000026e-01
5.200599999999999667e+00 6.186000000000000387e-01 1.476500000000000035e-01 9.425000000000000044e-02
5.364200000000000301e+00 6.186000000000000387e-01 1.680999999999999994e-01 7.960000000000000409e-02
5.527800000000000047e+00 6.186000000000000387e-01 1.499999999999999944e-01 1.775500000000000134e-01
5.691499999999999559e+00 6.186000000000000387e-01 1.732000000000000206e-01 4.134999999999999787e-02
5.855100000000000193e+00 6.186000000000000387e-01 2.263499999999999956e-01 1.100000000000000283e-03
6.018799999999999706e+00 6.186000000000000387e-01 2.374999999999999889e-01 -9.049999999999999017e-03
6.182400000000000340e+00 6.186000000000000387e-01 2.329499999999999904e-01 1.065499999999999919e-01
6.346099999999999852e+00 6.186000000000000387e-01 2.230000000000000038e-01 1.162499999999999922e-01
6.509699999999999598e+00 6.186000000000000387e-01 2.393500000000000072e-01 1.849999999999999215e-03
6.673300000000000232e+00 6.186000000000000387e-01 2.046499999999999986e-01 1.509999999999999884e-02
6.836999999999999744e+00 6.186000000000000387e-01 2.014000000000000234e-01 -2.499999999999999618e-03
7.000600000000000378e+00 6.186000000000000387e-01 2.376000000000000056e-01 -3.994999999999999940e-02
7.164299999999999891e+00 6.186000000000000387e-01 2.236000000000000210e-01 -6.525000000000000244e-02
7.327899999999999636e+00 6.186000000000000387e-01 1.946999999999999842e-01 -9.535000000000000420e-02
1.275999999999999912e-01 4.549000000000000266e-01 9.599999999999999159e-03 1.618499999999999939e-01
2.913000000000000034e-01 4.549000000000000266e-01 8.000000000000000167e-03 1.632500000000000062e-01
4.549000000000000266e-01 4.549000000000000266e-01 3.579999999999999849e-02 1.578999999999999848e-01
6.186000000000000387e-01 4.549000000000000266e-01 4.320000000000000229e-02 1.508499999999999841e-01
7.822000000000000064e-01 4.549000000000000266e-01 4.189999999999999974e-02 1.583999999999999853e-01
9.458999999999999631e-01 4.549000000000000266e-01 2.350000000000000006e-02 1.743500000000000050e-01
1.109499999999999931e+00 4.549000000000000266e-01 1.474999999999999922e-02 1.771500000000000019e-01
1.273099999999999898e+00 4.549000000000000266e-01 2.580000000000000002e-02 1.828500000000000125e-01
1.436800000000000077e+00 4.549000000000000266e-01 2.665000000000000008e-02 1.816500000000000059e-01
1.600400000000000045e+00 4.549000000000000266e-01 3.740000000000000269e-02 1.844999999999999973e-01
1.764100000000000001e+00 4.549000000000000266e-01 3.379999999999999671e-02 1.862499999999999989e-01
1.927699999999999969e+00 4.549000000000000266e-01 3.874999999999999972e-02 1.809499999999999997e-01
2.091400000000000148e+00 4.549000000000000266e-01 4.975000000000000255e-02 1.838500000000000134e-01
2.254999999999999893e+00 4.549000000000000266e-01 5.859999999999999931e-02 1.818500000000000116e-01
2.418600000000000083e+00 4.549000000000000266e-01 6.545000000000000817e-02 1.834500000000000020e-01
2.582300000000000040e+00 4.549000000000000266e-01 7.535000000000000031e-02 1.708999999999999964e-01
2.745899999999999785e+00 4.549000000000000266e-01 6.934999999999999498e-02 1.983000000000000040e-01
2.909600000000000186e+00 4.549000000000000266e-01 7.614999999999999547e-02 2.069000000000000006e-01
3.073199999999999932e+00 4.549000000000000266e-01 7.699999999999999900e-02 2.024499999999999911e-01
3.236800000000000122e+00 4.549000000000000266e-01 7.789999999999999702e-02 2.050000000000000155e-01
3.400500000000000078e+00 4.549000000000000266e-01 8.135000000000000564e-02 2.066999999999999948e-01
3.564099999999999824e+00 4.549000000000000266e-01 7.724999999999999922e-02 2.167499999999999982e-01
3.727799999999999780e+00 4.549000000000000266e-01 1.176000000000000101e-01 1.990999999999999992e-01
3.891399999999999970e+00 4.549000000000000266e-01 1.280000000000000027e-01 2.045000000000000151e-01
4.055100000000000371e+00 4.549000000000000266e-01 1.640000000000000069e-01 1.768000000000000127e-01
4.218700000000000117e+00 4.549000000000000266e-01 1.397499999999999853e-01 1.595999999999999919e-01
4.382299999999999862e+00 4.549000000000000266e-01 1.177499999999999936e-01 2.264499999999999846e-01
4.546000000000000263e+00 4.549000000000000266e-01 1.297500000000000042e-01 2.220499999999999974e-01
4.709600000000000009e+00 4.549000000000000266e-01 1.097500000000000003e-01 2.510499999999999954e-01
4.873300000000000409e+00 4.549000000000000266e-01 1.214500000000000024e-01 2.407499999999999918e-01
5.036900000000000155e+00 4.549000000000000266e-01 1.457999999999999852e-01 1.776999999999999968e-01
5.200599999999999667e+00 4.549000000000000266e-01 1.672500000000000098e-01 7.969999999999999307e-02
5.364200000000000301e+00 4.549000000000000266e-01 1.923999999999999877e-01 2.465000000000000177e-02
5.527800000000000047e+00 4.549000000000000266e-01 1.653999999999999915e-01 4.510000000000000120e-02
5.691499999999999559e+00 4.549000000000000266e-01 2.086000000000000076e-01 -1.745000000000000023e-02
5.855100000000000193e+00 4.549000000000000266e-01 2.193999999999999839e-01 -1.169999999999999860e-02
6.018799999999999706e+00 4.549000000000000266e-01 1.972999999999999754e-01 -2.599999999999999881e-03
6.182400000000000340e+00 4.549000000000000266e-01 2.282500000000000084e-01 -1.679999999999999896e-02
6.346099999999999852e+00 4.549000000000000266e-01 2.289499999999999869e-01 -1.894999999999999810e-02
6.509699999999999598e+00 4.549000000000000266e-01 2.257000000000000117e-01 -3.175000000000000044e-02
6.673300000000000232e+00 4.549000000000000266e-01 1.965500000000000025e-01 -3.525000000000000355e-02
6.836999999999999744e+00 4.549000000000000266e-01 1.787500000000000200e-01 -1.764999999999999902e-02
7.000600000000000378e+00 4.549000000000000266e-01 2.048999999999999988e-01 -3.704999999999999960e-02
7.164299999999999891e+00 4.549000000000000266e-01 2.146500000000000075e-01 -5.399999999999999939e-02
7.327899999999999636e+00 4.549000000000000266e-01 1.790999999999999814e-01 -8.490000000000000324e-02
1.275999999999999912e-01 2.913000000000000034e-01 1.515000000000000027e-02 1.803500000000000103e-01
2.913000000000000034e-01 2.913000000000000034e-01 3.325000000000000178e-02 1.759499999999999953e-01
4.549000000000000266e-01 2.913000000000000034e-01 5.449999999999999983e-03 1.748000000000000109e-01
6.186000000000000387e-01 2.913000000000000034e-01 2.704999999999999766e-02 1.716999999999999915e-01
7.822000000000000064e-01 2.913000000000000034e-01 5.045000000000000179e-02 1.970500000000000029e-01
9.458999999999999631e-01 2.913000000000000034e-01 3.005000000000000032e-02 1.961999999999999855e-01
1.109499999999999931e+00 2.913000000000000034e-01 1.335000000000000075e-02 1.854999999999999982e-01
1.273099999999999898e+00 2.913000000000000034e-01 4.089999999999999886e-02 2.074000000000000010e-01
1.436800000000000077e+00 2.913000000000000034e-01 3.654999999999999916e-02 2.114000000000000046e-01
1.600400000000000045e+00 2.913000000000000034e-01 4.019999999999999962e-02 2.087999999999999856e-01
1.764100000000000001e+00 2.913000000000000034e-01 3.230000000000000232e-02 2.034500000000000197e-01
1.927699999999999969e+00 2.913000000000000034e-01 3.260000000000000397e-02 1.930499999999999994e-01
2.091400000000000148e+00 2.913000000000000034e-01 5.294999999999999707e-02 2.035500000000000087e-01
2.254999999999999893e+00 2.913000000000000034e-01 5.960000000000000020e-02 2.126000000000000112e-01
2.418600000000000083e+00 2.913000000000000034e-01 6.320000000000000617e-02 2.237000000000000099e-01
2.582300000000000040e+00 2.913000000000000034e-01 7.749999999999999944e-02 2.242500000000000049e-01
2.745899999999999785e+00 2.913000000000000034e-01 8.584999999999999576e-02 2.291000000000000258e-01
2.909600000000000186e+00 2.913000000000000034e-01 6.615000000000000047e-02 2.292500000000000093e-01
3.073199999999999932e+00 2.913000000000000034e-01 7.105000000000000204e-02 2.288999999999999924e-01
3.236800000000000122e+00 2.913000000000000034e-01 8.665000000000000480e-02 2.386500000000000010e-01
3.400500000000000078e+00 2.913000000000000034e-01 9.925000000000000488e-02 2.403000000000000136e-01
3.564099999999999824e+00 2.913000000000000034e-01 7.389999999999999347e-02 2.184999999999999998e-01
3.727799999999999780e+00 2.913000000000000034e-01 8.594999999999999862e-02 2.336499999999999966e-01
3.891399999999999970e+00 2.913000000000000034e-01 9.875000000000000444e-02 2.223499999999999921e-01
4.055100000000000371e+00 2.913000000000000034e-01 1.797499999999999931e-01 1.779999999999999916e-01
4.218700000000000117e+00 2.913000000000000034e-01 1.204999999999999960e-01 1.900499999999999967e-01
4.382299999999999862e+00 2.913000000000000034e-01 1.509999999999999953e-01 4.779999999999999527e-02
4.546000000000000263e+00 2.913000000000000034e-01 1.298499999999999932e-01 1.673999999999999932e-01
4.709600000000000009e+00 2.913000000000000034e-01 1.108000000000000096e-01 2.851500000000000146e-01
4.873300000000000409e+00 2.913000000000000034e-01 1.211500000000000077e-01 1.745499999999999829e-01
5.036900000000000155e+00 2.913000000000000034e-01 1.563499999999999890e-01 4.100000000000002948e-03
5.200599999999999667e+00 2.913000000000000034e-01 1.560500000000000220e-01 2.705000000000000113e-02
5.364200000000000301e+00 2.913000000000000034e-01 1.633499999999999952e-01 1.994999999999999898e-02
5.527800000000000047e+00 2.913000000000000034e-01 1.589999999999999747e-01 1.389999999999999916e-02
5.691499999999999559e+00 2.913000000000000034e-01 1.626500000000000168e-01 -3.035000000000000198e-02
5.855100000000000193e+00 2.913000000000000034e-01 1.692000000000000171e-01 -2.479999999999999913e-02
6.018799999999999706e+00 2.913000000000000034e-01 1.708999999999999964e-01 8.450000000000000913e-03
6.182400000000000340e+00 2.913000000000000034e-01 1.690500000000000058e-01 1.470000000000000126e-02
6.346099999999999852e+00 2.913000000000000034e-01 1.522999999999999909e-01 3.544999999999999540e-02
6.509699999999999598e+00 2.913000000000000034e-01 1.370000000000000107e-01 2.479999999999999913e-02
6.673300000000000232e+00 2.913000000000000034e-01 1.267500000000000016e-01 5.249999999999999459e-03
6.836999999999999744e+00 2.913000000000000034e-01 9.804999999999999827e-02 -1.220000000000000077e-02
7.000600000000000378e+00 2.913000000000000034e-01 1.519500000000000017e-01 -1.515000000000000027e-02
7.164299999999999891e+00 2.913000000000000034e-01 1.450000000000000178e-01 -1.965000000000000080e-02
7.327899999999999636e+00 2.913000000000000034e-01 -3.559999999999999970e-02 -2.649999999999999925e-02
1.275999999999999912e-01 1.275999999999999912e-01 9.100000000000000450e-03 1.830499999999999905e-01
2.913000000000000034e-01 1.275999999999999912e-01 2.559999999999999776e-02 1.663499999999999979e-01
4.549000000000000266e-01 1.275999999999999912e-01 4.300000000000000003e-03 1.846500000000000086e-01
6.186000000000000387e-01 1.275999999999999912e-01 7.205000000000000293e-02 1.758500000000000063e-01
7.822000000000000064e-01 1.275999999999999912e-01 4.785000000000000364e-02 1.875499999999999945e-01
9.458999999999999631e-01 1.275999999999999912e-01 2.120000000000000009e-02 1.878499999999999892e-01
1.109499999999999931e+00 1.275999999999999912e-01 4.125000000000000194e-02 1.965500000000000025e-01
1.273099999999999898e+00 1.275999999999999912e-01 4.485000000000000098e-02 2.264499999999999846e-01
1.436800000000000077e+00 1.275999999999999912e-01 4.234999999999999876e-02 2.252500000000000058e-01
1.600400000000000045e+00 1.275999999999999912e-01 4.889999999999999902e-02 2.001499999999999946e-01
1.764100000000000001e+00 1.275999999999999912e-01 4.090000000000000580e-02 2.222000000000000086e-01
1.927699999999999969e+00 1.275999999999999912e-01 2.935000000000000109e-02 2.214000000000000135e-01
2.091400000000000148e+00 1.275999999999999912e-01 2.625000000000000250e-02 2.072999999999999843e-01
2.254999999999999893e+00 1.275999999999999912e-01 3.604999999999999871e-02 2.242000000000000104e-01
2.418600000000000083e+00 1.275999999999999912e-01 6.010000000000000064e-02 2.552999999999999714e-01
2.582300000000000040e+00 1.275999999999999912e-01 6.164999999999999647e-02 2.496499999999999830e-01
2.745899999999999785e+00 1.275999999999999912e-01 9.324999999999999956e-02 2.615000000000000102e-01
2.909600000000000186e+00 1.275999999999999912e-01 8.099999999999998868e-02 2.461500000000000077e-01
3.073199999999999932e+00 1.275999999999999912e-01 6.744999999999999607e-02 2.450499999999999901e-01
3.236800000000000122e+00 1.275999999999999912e-01 1.227000000000000035e-01 2.439999999999999947e-01
3.400500000000000078e+00 1.275999999999999912e-01 1.225999999999999868e-01 2.512999999999999678e-01
3.564099999999999824e+00 1.275999999999999912e-01 9.825000000000000400e-02 2.837500000000000022e-01
3.727799999999999780e+00 1.275999999999999912e-01 9.199999999999999845e-02 2.920500000000000318e-01
3.891399999999999970e+00 1.275999999999999912e-01 9.854999999999999871e-02 2.474500000000000033e-01
4.055100000000000371e+00 1.275999999999999912e-01 1.149499999999999966e-01 2.420999999999999819e-01
4.218700000000000117e+00 1.275999999999999912e-01 1.199500000000000011e-01 2.597999999999999754e-01
4.382299999999999862e+00 1.275999999999999912e-01 1.270000000000000018e-01 1.925999999999999934e-01
4.546000000000000263e+00 1.275999999999999912e-01 1.242999999999999938e-01 2.481499999999999817e-01
4.709600000000000009e+00 1.275999999999999912e-01 1.189000000000000057e-01 2.566999999999999837e-01
4.873300000000000409e+00 1.275999999999999912e-01 1.363999999999999935e-01 1.292999999999999983e-01
5.036900000000000155e+00 1.275999999999999912e-01 1.063000000000000056e-01 4.599999999999998188e-03
5.200599999999999667e+00 1.275999999999999912e-01 1.282999999999999974e-01 -3.269999999999999990e-02
5.364200000000000301e+00 1.275999999999999912e-01 1.035999999999999976e-01 -3.679999999999999938e-02
5.527800000000000047e+00 1.275999999999999912e-01 1.367500000000000104e-01 9.050000000000000752e-03
5.691499999999999559e+00 1.275999999999999912e-01 8.399999999999999134e-02 -7.599999999999999985e-03
5.855100000000000193e+00 1.275999999999999912e-01 8.404999999999999971e-02 -3.950000000000000386e-03
6.018799999999999706e+00 1.275999999999999912e-01 9.054999999999999161e-02 2.120000000000000009e-02
6.182400000000000340e+00 1.275999999999999912e-01 1.703000000000000069e-01 8.049999999999999864e-03
6.346099999999999852e+00 1.275999999999999912e-01 8.510000000000000897e-02 -7.950000000000002204e-03
6.509699999999999598e+00 1.275999999999999912e-01 1.144499999999999962e-01 1.699999999999999775e-02
6.673300000000000232e+00 1.275999999999999912e-01 1.084999999999999853e-02 2.794999999999999915e-02
6.836999999999999744e+00 1.275999999999999912e-01 1.390500000000000069e-01 -7.849999999999999339e-03
7.000600000000000378e+00 1.275999999999999912e-01 2.379999999999999477e-02 1.020000000000000073e-02
7.164299999999999891e+00 1.275999999999999912e-01 -1.051499999999999935e-01 5.365000000000000324e-02
7.327899999999999636e+00 1.275999999999999912e-01 -1.030500000000000027e-01 4.540000000000000285e-02
