1.275999999999999912e-01 1.927699999999999969e+00 6.070000000000000395e-02 -3.465000000000000024e-02
2.913000000000000034e-01 1.927699999999999969e+00 6.239999999999999714e-02 -3.504999999999999782e-02
4.549000000000000266e-01 1.927699999999999969e+00 5.519999999999999907e-02 -3.765000000000000291e-02
6.186000000000000387e-01 1.927699999999999969e+00 5.154999999999999860e-02 -4.184999999999999831e-02
7.822000000000000064e-01 1.927699999999999969e+00 4.284999999999999920e-02 -4.460000000000000075e-02
9.458999999999999631e-01 1.927699999999999969e+00 3.849999999999999950e-02 -4.854999999999999594e-02
1.109499999999999931e+00 1.927699999999999969e+00 3.445000000000000145e-02 -5.260000000000000092e-02
1.273099999999999898e+00 1.927699999999999969e+00 3.219999999999999946e-02 -5.185000000000000026e-02
1.436800000000000077e+00 1.927699999999999969e+00 3.710000000000000103e-02 -5.210000000000000048e-02
1.600400000000000045e+00 1.927699999999999969e+00 2.380000000000000171e-02 -5.974999999999999756e-02
1.764100000000000001e+00 1.927699999999999969e+00 1.915000000000000036e-02 -6.414999999999999869e-02
1.927699999999999969e+00 1.927699999999999969e+00 2.290000000000000022e-02 -5.884999999999999953e-02
2.091400000000000148e+00 1.927699999999999969e+00 1.899999999999999953e-02 -5.834999999999999909e-02
2.254999999999999893e+00 1.927699999999999969e+00 1.820000000000000090e-02 -5.964999999999999469e-02
2.418600000000000083e+00 1.927699999999999969e+00 1.134999999999999898e-02 -6.235000000000000264e-02
2.582300000000000040e+00 1.927699999999999969e+00 7.150000000000000105e-03 -5.994999999999999635e-02
2.745899999999999785e+00 1.927699999999999969e+00 3.100000000000000325e-03 -5.899999999999999689e-02
2.909600000000000186e+00 1.927699999999999969e+00 -1.699999999999999905e-03 -5.820000000000000173e-02
3.073199999999999932e+00 1.927699999999999969e+00 -6.799999999999999621e-03 -5.600000000000000117e-02
3.236800000000000122e+00 1.927699999999999969e+00 -1.159999999999999920e-02 -5.614999999999999852e-02
3.400500000000000078e+00 1.927699999999999969e+00 -1.520000000000000170e-02 -4.960000000000000520e-02
3.564099999999999824e+00 1.927699999999999969e+00 -1.795000000000000068e-02 -4.605000000000000066e-02
3.727799999999999780e+00 1.927699999999999969e+00 -2.625000000000000250e-02 -5.190000000000000169e-02
3.891399999999999970e+00 1.927699999999999969e+00 -2.625000000000000250e-02 -3.640000000000000180e-02
4.055100000000000371e+00 1.927699999999999969e+00 -3.429999999999999716e-02 -4.700000000000000011e-02
4.218700000000000117e+00 1.927699999999999969e+00 -3.660000000000000059e-02 -5.555000000000000215e-02
4.382299999999999862e+00 1.927699999999999969e+00 -3.855000000000000093e-02 -4.845000000000000001e-02
4.546000000000000263e+00 1.927699999999999969e+00 -3.384999999999999815e-02 -2.819999999999999937e-02
4.709600000000000009e+00 1.927699999999999969e+00 -3.964999999999999775e-02 -3.304999999999999605e-02
4.873300000000000409e+00 1.927699999999999969e+00 -4.649999999999999967e-02 -4.059999999999999720e-02
5.036900000000000155e+00 1.927699999999999969e+00 -4.284999999999999920e-02 -2.980000000000000010e-02
5.200599999999999667e+00 1.927699999999999969e+00 -4.435000000000000053e-02 -2.350000000000000006e-02
5.364200000000000301e+00 1.927699999999999969e+00 -5.480000000000000149e-02 -2.759999999999999953e-02
5.527800000000000047e+00 1.927699999999999969e+00 -5.020000000000000157e-02 -1.824999999999999886e-02
5.691499999999999559e+00 1.927699999999999969e+00 -6.404999999999999583e-02 -3.515000000000000069e-02
5.855100000000000193e+00 1.927699999999999969e+00 -5.510000000000000314e-02 -2.069999999999999965e-02
6.018799999999999706e+00 1.927699999999999969e+00 -4.365000000000000130e-02 -6.150000000000000085e-03
6.182400000000000340e+00 1.927699999999999969e+00 -4.929999999999999660e-02 -1.450000000000000334e-03
6.346099999999999852e+00 1.927699999999999969e+00 -5.210000000000000048e-02 -1.550000000000000162e-03
6.509699999999999598e+00 1.927699999999999969e+00 -5.075000000000000344e-02 5.799999999999999600e-03
6.673300000000000232e+00 1.927699999999999969e+00 -5.185000000000000026e-02 1.394999999999999886e-02
6.836999999999999744e+00 1.927699999999999969e+00 -5.330000000000000016e-02 1.634999999999999995e-02
7.000600000000000378e+00 1.927699999999999969e+00 -4.879999999999999616e-02 1.905000000000000096e-02
7.164299999999999891e+00 1.927699999999999969e+00 -4.914999999999999925e-02 2.695000000000000173e-02
7.327899999999999636e+00 1.927699999999999969e+00 -4.489999999999999547e-02 3.264999999999999847e-02
1.275999999999999912e-01 1.764100000000000001e+00 6.199999999999999956e-02 -4.240000000000000019e-02
2.913000000000000034e-01 1.764100000000000001e+00 6.575000000000000289e-02 -4.435000000000000053e-02
4.549000000000000266e-01 1.764100000000000001e+00 5.594999999999999973e-02 -4.805000000000000243e-02
6.186000000000000387e-01 1.764100000000000001e+00 5.380000000000000060e-02 -4.895000000000000046e-02
7.822000000000000064e-01 1.764100000000000001e+00 6.079999999999999988e-02 -4.984999999999999848e-02
9.458999999999999631e-01 1.764100000000000001e+00 5.569999999999999951e-02 -5.419999999999999818e-02
1.109499999999999931e+00 1.764100000000000001e+00 4.220000000000000140e-02 -5.834999999999999909e-02
1.273099999999999898e+00 1.764100000000000001e+00 1.965000000000000080e-02 -7.464999999999999414e-02
1.436800000000000077e+00 1.764100000000000001e+00 2.634999999999999842e-02 -6.909999999999999476e-02
1.600400000000000045e+00 1.764100000000000001e+00 2.085000000000000048e-02 -7.330000000000000404e-02
1.764100000000000001e+00 1.764100000000000001e+00 1.890000000000000013e-02 -7.220000000000000029e-02
1.927699999999999969e+00 1.764100000000000001e+00 1.849999999999999908e-02 -7.380000000000000449e-02
2.091400000000000148e+00 1.764100000000000001e+00 2.589999999999999941e-02 -6.634999999999999232e-02
2.254999999999999893e+00 1.764100000000000001e+00 1.419999999999999908e-02 -6.950000000000000622e-02
2.418600000000000083e+00 1.764100000000000001e+00 5.650000000000000508e-03 -7.325000000000000955e-02
2.582300000000000040e+00 1.764100000000000001e+00 5.150000000000000064e-03 -6.754999999999999893e-02
2.745899999999999785e+00 1.764100000000000001e+00 3.150000000000000022e-03 -6.694999999999999563e-02
2.909600000000000186e+00 1.764100000000000001e+00 -2.000000000000000042e-03 -6.479999999999999649e-02
3.073199999999999932e+00 1.764100000000000001e+00 -5.950000000000000427e-03 -6.259999999999998899e-02
3.236800000000000122e+00 1.764100000000000001e+00 -6.150000000000000085e-03 -5.409999999999999531e-02
3.400500000000000078e+00 1.764100000000000001e+00 -1.534999999999999906e-02 -5.225000000000000477e-02
3.564099999999999824e+00 1.764100000000000001e+00 -1.795000000000000068e-02 -5.269999999999999685e-02
3.727799999999999780e+00 1.764100000000000001e+00 -2.430000000000000215e-02 -5.845000000000000195e-02
3.891399999999999970e+00 1.764100000000000001e+00 -2.670000000000000151e-02 -4.994999999999999440e-02
4.055100000000000371e+00 1.764100000000000001e+00 -3.119999999999999857e-02 -4.945000000000000090e-02
4.218700000000000117e+00 1.764100000000000001e+00 -3.540000000000000091e-02 -5.619999999999999996e-02
4.382299999999999862e+00 1.764100000000000001e+00 -3.990000000000000491e-02 -5.240000000000000213e-02
4.546000000000000263e+00 1.764100000000000001e+00 -3.985000000000000347e-02 -4.345000000000000251e-02
4.709600000000000009e+00 1.764100000000000001e+00 -4.619999999999999801e-02 -4.130000000000000338e-02
4.873300000000000409e+00 1.764100000000000001e+00 -4.629999999999999394e-02 -4.225000000000000283e-02
5.036900000000000155e+00 1.764100000000000001e+00 -5.125000000000000389e-02 -3.300000000000000155e-02
5.200599999999999667e+00 1.764100000000000001e+00 -5.119999999999999551e-02 -3.049999999999999933e-02
5.364200000000000301e+00 1.764100000000000001e+00 -5.394999999999999796e-02 -3.710000000000000103e-02
5.527800000000000047e+00 1.764100000000000001e+00 -6.709999999999999298e-02 -3.880000000000000115e-02
5.691499999999999559e+00 1.764100000000000001e+00 -5.525000000000000744e-02 -2.484999999999999709e-02
5.855100000000000193e+00 1.764100000000000001e+00 -5.290000000000000258e-02 -9.799999999999999684e-03
6.018799999999999706e+00 1.764100000000000001e+00 -5.489999999999999741e-02 -7.149999999999999238e-03
6.182400000000000340e+00 1.764100000000000001e+00 -5.465000000000000413e-02 9.499999999999998897e-04
6.346099999999999852e+00 1.764100000000000001e+00 -5.215000000000000191e-02 3.150000000000000022e-03
6.509699999999999598e+00 1.764100000000000001e+00 -5.349999999999999895e-02 6.599999999999999964e-03
6.673300000000000232e+00 1.764100000000000001e+00 -5.330000000000000016e-02 1.694999999999999979e-02
6.836999999999999744e+00 1.764100000000000001e+00 -5.609999999999999709e-02 2.009999999999999981e-02
7.000600000000000378e+00 1.764100000000000001e+00 -5.610000000000000403e-02 2.334999999999999923e-02
7.164299999999999891e+00 1.764100000000000001e+00 -5.375000000000000611e-02 3.114999999999999714e-02
7.327899999999999636e+00 1.764100000000000001e+00 -4.209999999999999853e-02 4.005000000000000226e-02
1.275999999999999912e-01 1.600400000000000045e+00 6.404999999999999583e-02 -4.700000000000000011e-02
2.913000000000000034e-01 1.600400000000000045e+00 6.565000000000000002e-02 -5.500000000000000722e-02
4.549000000000000266e-01 1.600400000000000045e+00 6.235000000000000264e-02 -5.924999999999999711e-02
6.186000000000000387e-01 1.600400000000000045e+00 6.110000000000000153e-02 -6.010000000000000064e-02
7.822000000000000064e-01 1.600400000000000045e+00 6.804999999999999938e-02 -5.269999999999999685e-02
9.458999999999999631e-01 1.600400000000000045e+00 5.949999999999999734e-02 -5.854999999999999788e-02
1.109499999999999931e+00 1.600400000000000045e+00 4.939999999999999947e-02 -6.364999999999999825e-02
1.273099999999999898e+00 1.600400000000000045e+00 3.320000000000000034e-02 -7.025000000000000688e-02
1.436800000000000077e+00 1.600400000000000045e+00 3.524999999999999661e-02 -7.449999999999999678e-02
1.600400000000000045e+00 1.600400000000000045e+00 3.150000000000000022e-02 -7.730000000000000759e-02
1.764100000000000001e+00 1.600400000000000045e+00 1.855000000000000052e-02 -8.619999999999999885e-02
1.927699999999999969e+00 1.600400000000000045e+00 1.490000000000000005e-02 -8.404999999999999971e-02
2.091400000000000148e+00 1.600400000000000045e+00 1.364999999999999894e-02 -8.024999999999998801e-02
2.254999999999999893e+00 1.600400000000000045e+00 1.530000000000000110e-02 -7.639999999999999569e-02
2.418600000000000083e+00 1.600400000000000045e+00 1.179999999999999973e-02 -7.284999999999999809e-02
2.582300000000000040e+00 1.600400000000000045e+00 9.099999999999998715e-03 -7.270000000000000073e-02
2.745899999999999785e+00 1.600400000000000045e+00 -9.199999999999999845e-03 -7.820000000000000562e-02
2.909600000000000186e+00 1.600400000000000045e+00 -4.300000000000000003e-03 -7.574999999999999789e-02
3.073199999999999932e+00 1.600400000000000045e+00 -7.250000000000000368e-03 -7.280000000000000360e-02
3.236800000000000122e+00 1.600400000000000045e+00 -4.250000000000000305e-03 -6.385000000000000397e-02
3.400500000000000078e+00 1.600400000000000045e+00 -1.310000000000000053e-02 -6.105000000000000010e-02
3.564099999999999824e+00 1.600400000000000045e+00 -1.474999999999999922e-02 -5.979999999999999899e-02
3.727799999999999780e+00 1.600400000000000045e+00 -2.369999999999999885e-02 -6.260000000000000286e-02
3.891399999999999970e+00 1.600400000000000045e+00 -2.655000000000000068e-02 -5.945000000000000284e-02
4.055100000000000371e+00 1.600400000000000045e+00 -3.080000000000000099e-02 -5.615000000000000546e-02
4.218700000000000117e+00 1.600400000000000045e+00 -3.384999999999999815e-02 -5.924999999999999711e-02
4.382299999999999862e+00 1.600400000000000045e+00 -3.740000000000000269e-02 -5.749999999999999556e-02
4.546000000000000263e+00 1.600400000000000045e+00 -4.560000000000000164e-02 -4.735000000000000320e-02
4.709600000000000009e+00 1.600400000000000045e+00 -4.750000000000000056e-02 -4.155000000000000360e-02
4.873300000000000409e+00 1.600400000000000045e+00 -4.970000000000000112e-02 -4.034999999999999698e-02
5.036900000000000155e+00 1.600400000000000045e+00 -5.319999999999999729e-02 -3.650000000000000466e-02
5.200599999999999667e+00 1.600400000000000045e+00 -5.565000000000000502e-02 -4.114999999999999908e-02
5.364200000000000301e+00 1.600400000000000045e+00 -5.525000000000000050e-02 -4.050000000000000128e-02
5.527800000000000047e+00 1.600400000000000045e+00 -5.779999999999999721e-02 -3.395000000000000101e-02
5.691499999999999559e+00 1.600400000000000045e+00 -5.630000000000000282e-02 -1.700000000000000122e-02
5.855100000000000193e+00 1.600400000000000045e+00 -5.449999999999999289e-02 -1.200000000000000025e-02
6.018799999999999706e+00 1.600400000000000045e+00 -5.824999999999999623e-02 -1.239999999999999956e-02
6.182400000000000340e+00 1.600400000000000045e+00 -5.774999999999999578e-02 -3.299999999999999982e-03
6.346099999999999852e+00 1.600400000000000045e+00 -5.519999999999999907e-02 7.499999999999999722e-03
6.509699999999999598e+00 1.600400000000000045e+00 -5.659999999999999754e-02 3.449999999999999942e-03
6.673300000000000232e+00 1.600400000000000045e+00 -6.279999999999999472e-02 1.159999999999999920e-02
6.836999999999999744e+00 1.600400000000000045e+00 -5.770000000000000129e-02 1.859999999999999848e-02
7.000600000000000378e+00 1.600400000000000045e+00 -6.210000000000000242e-02 2.280000000000000082e-02
7.164299999999999891e+00 1.600400000000000045e+00 -5.355000000000000038e-02 3.469999999999999474e-02
7.327899999999999636e+00 1.600400000000000045e+00 -5.235000000000000070e-02 3.819999999999999785e-02
1.275999999999999912e-01 1.436800000000000077e+00 5.980000000000000593e-02 -6.354999999999999538e-02
2.913000000000000034e-01 1.436800000000000077e+00 6.094999999999999724e-02 -6.770000000000001017e-02
4.549000000000000266e-01 1.436800000000000077e+00 6.254999999999999449e-02 -6.925000000000000600e-02
6.186000000000000387e-01 1.436800000000000077e+00 5.689999999999999919e-02 -6.995000000000001217e-02
7.822000000000000064e-01 1.436800000000000077e+00 5.154999999999999860e-02 -7.159999999999999698e-02
9.458999999999999631e-01 1.436800000000000077e+00 5.405000000000000082e-02 -7.489999999999999436e-02
1.109499999999999931e+00 1.436800000000000077e+00 5.109999999999999959e-02 -7.495000000000000273e-02
1.273099999999999898e+00 1.436800000000000077e+00 3.425000000000000266e-02 -8.210000000000000631e-02
1.436800000000000077e+00 1.436800000000000077e+00 3.225000000000000089e-02 -8.594999999999999862e-02
1.600400000000000045e+00 1.436800000000000077e+00 2.819999999999999937e-02 -8.755000000000000282e-02
1.764100000000000001e+00 1.436800000000000077e+00 2.520000000000000018e-02 -9.220000000000000417e-02
1.927699999999999969e+00 1.436800000000000077e+00 1.915000000000000036e-02 -9.339999999999999691e-02
2.091400000000000148e+00 1.436800000000000077e+00 1.339999999999999872e-02 -8.989999999999999380e-02
2.254999999999999893e+00 1.436800000000000077e+00 8.799999999999998795e-03 -9.370000000000000551e-02
2.418600000000000083e+00 1.436800000000000077e+00 5.799999999999999600e-03 -9.095000000000000306e-02
2.582300000000000040e+00 1.436800000000000077e+00 4.499999999999998793e-04 -8.784999999999999754e-02
2.745899999999999785e+00 1.436800000000000077e+00 -7.399999999999999460e-03 -9.135000000000000064e-02
2.909600000000000186e+00 1.436800000000000077e+00 -9.700000000000000289e-03 -8.660000000000001030e-02
3.073199999999999932e+00 1.436800000000000077e+00 -1.545000000000000019e-02 -8.374999999999999112e-02
3.236800000000000122e+00 1.436800000000000077e+00 -1.115000000000000019e-02 -7.799999999999999989e-02
3.400500000000000078e+00 1.436800000000000077e+00 -9.100000000000000450e-03 -6.460000000000000464e-02
3.564099999999999824e+00 1.436800000000000077e+00 -1.455000000000000043e-02 -6.495000000000000773e-02
3.727799999999999780e+00 1.436800000000000077e+00 -2.355000000000000149e-02 -6.314999999999999780e-02
3.891399999999999970e+00 1.436800000000000077e+00 -2.889999999999999861e-02 -6.464999999999999913e-02
4.055100000000000371e+00 1.436800000000000077e+00 -3.254999999999999560e-02 -6.925000000000000600e-02
4.218700000000000117e+00 1.436800000000000077e+00 -3.470000000000000168e-02 -7.025000000000000688e-02
4.382299999999999862e+00 1.436800000000000077e+00 -3.989999999999999797e-02 -7.245000000000000051e-02
4.546000000000000263e+00 1.436800000000000077e+00 -4.170000000000000095e-02 -5.770000000000000129e-02
4.709600000000000009e+00 1.436800000000000077e+00 -4.860000000000000431e-02 -4.405000000000000582e-02
4.873300000000000409e+00 1.436800000000000077e+00 -5.624999999999999445e-02 -4.445000000000000340e-02
5.036900000000000155e+00 1.436800000000000077e+00 -5.455000000000000127e-02 -4.539999999999999591e-02
5.200599999999999667e+00 1.436800000000000077e+00 -5.969999999999999613e-02 -5.309999999999999443e-02
5.364200000000000301e+00 1.436800000000000077e+00 -5.749999999999999556e-02 -4.524999999999999856e-02
5.527800000000000047e+00 1.436800000000000077e+00 -6.029999999999999249e-02 -3.244999999999999968e-02
5.691499999999999559e+00 1.436800000000000077e+00 -6.149999999999999911e-02 -1.675000000000000100e-02
5.855100000000000193e+00 1.436800000000000077e+00 -6.029999999999999249e-02 -1.640000000000000138e-02
6.018799999999999706e+00 1.436800000000000077e+00 -6.804999999999999938e-02 -2.249999999999999917e-02
6.182400000000000340e+00 1.436800000000000077e+00 -6.089999999999999580e-02 4.399999999999999398e-03
6.346099999999999852e+00 1.436800000000000077e+00 -6.014999999999999514e-02 9.749999999999999986e-03
6.509699999999999598e+00 1.436800000000000077e+00 -6.219999999999999835e-02 1.550000000000000162e-03
6.673300000000000232e+00 1.436800000000000077e+00 -7.264999999999999236e-02 3.300000000000000416e-03
6.836999999999999744e+00 1.436800000000000077e+00 -6.825000000000000511e-02 2.460000000000000034e-02
7.000600000000000378e+00 1.436800000000000077e+00 -6.489999999999999936e-02 3.354999999999999649e-02
7.164299999999999891e+00 1.436800000000000077e+00 -6.279999999999999472e-02 4.059999999999999720e-02
7.327899999999999636e+00 1.436800000000000077e+00 -6.464999999999999913e-02 3.139999999999999736e-02
1.275999999999999912e-01 1.273099999999999898e+00 5.945000000000000284e-02 -7.749999999999999944e-02
2.913000000000000034e-01 1.273099999999999898e+00 6.235000000000000264e-02 -7.639999999999999569e-02
4.549000000000000266e-01 1.273099999999999898e+00 5.880000000000000504e-02 -8.069999999999999396e-02
6.186000000000000387e-01 1.273099999999999898e+00 5.855000000000000482e-02 -8.210000000000000631e-02
7.822000000000000064e-01 1.273099999999999898e+00 5.700000000000000205e-02 -8.735000000000001097e-02
9.458999999999999631e-01 1.273099999999999898e+00 5.530000000000000193e-02 -9.349999999999999978e-02
1.109499999999999931e+00 1.273099999999999898e+00 5.815000000000000030e-02 -8.945000000000000173e-02
1.273099999999999898e+00 1.273099999999999898e+00 4.504999999999999977e-02 -9.795000000000000928e-02
1.436800000000000077e+00 1.273099999999999898e+00 3.675000000000000488e-02 -1.053999999999999937e-01
1.600400000000000045e+00 1.273099999999999898e+00 3.164999999999999758e-02 -1.039500000000000007e-01
1.764100000000000001e+00 1.273099999999999898e+00 3.080000000000000099e-02 -1.040500000000000036e-01
1.927699999999999969e+00 1.273099999999999898e+00 2.675000000000000294e-02 -1.009000000000000036e-01
2.091400000000000148e+00 1.273099999999999898e+00 1.830000000000000029e-02 -1.128500000000000059e-01
2.254999999999999893e+00 1.273099999999999898e+00 1.269999999999999948e-02 -1.083500000000000019e-01
2.418600000000000083e+00 1.273099999999999898e+00 5.650000000000000508e-03 -1.079999999999999988e-01
2.582300000000000040e+00 1.273099999999999898e+00 5.250000000000000326e-03 -1.019499999999999990e-01
2.745899999999999785e+00 1.273099999999999898e+00 -2.299999999999999961e-03 -9.760000000000000620e-02
2.909600000000000186e+00 1.273099999999999898e+00 -7.549999999999999420e-03 -9.745000000000000884e-02
3.073199999999999932e+00 1.273099999999999898e+00 -1.379999999999999977e-02 -9.074999999999999734e-02
3.236800000000000122e+00 1.273099999999999898e+00 -1.509999999999999884e-02 -8.465000000000000302e-02
3.400500000000000078e+00 1.273099999999999898e+00 -1.995000000000000245e-02 -7.720000000000000473e-02
3.564099999999999824e+00 1.273099999999999898e+00 -2.469999999999999973e-02 -7.655000000000000693e-02
3.727799999999999780e+00 1.273099999999999898e+00 -2.734999999999999931e-02 -7.850000000000000033e-02
3.891399999999999970e+00 1.273099999999999898e+00 -3.339999999999999913e-02 -7.574999999999999789e-02
4.055100000000000371e+00 1.273099999999999898e+00 -3.785000000000000170e-02 -7.805000000000000826e-02
4.218700000000000117e+00 1.273099999999999898e+00 -4.280000000000000471e-02 -7.225000000000000866e-02
4.382299999999999862e+00 1.273099999999999898e+00 -4.220000000000000140e-02 -7.109999999999999654e-02
4.546000000000000263e+00 1.273099999999999898e+00 -4.864999999999999880e-02 -6.215000000000000385e-02
4.709600000000000009e+00 1.273099999999999898e+00 -5.100000000000000366e-02 -6.360000000000000375e-02
4.873300000000000409e+00 1.273099999999999898e+00 -5.834999999999999909e-02 -7.630000000000000671e-02
5.036900000000000155e+00 1.273099999999999898e+00 -6.584999999999999187e-02 -8.050000000000000211e-02
5.200599999999999667e+00 1.273099999999999898e+00 -6.250000000000000000e-02 -6.279999999999999472e-02
5.364200000000000301e+00 1.273099999999999898e+00 -6.604999999999999760e-02 -5.325000000000000566e-02
5.527800000000000047e+00 1.273099999999999898e+00 -6.435000000000000442e-02 -2.435000000000000012e-02
5.691499999999999559e+00 1.273099999999999898e+00 -6.205000000000000099e-02 -1.775000000000000189e-02
5.855100000000000193e+00 1.273099999999999898e+00 -6.795000000000001039e-02 -1.990000000000000102e-02
6.018799999999999706e+00 1.273099999999999898e+00 -8.225000000000000366e-02 -8.099999999999999561e-03
6.182400000000000340e+00 1.273099999999999898e+00 -6.794999999999999651e-02 -3.499999999999999639e-03
6.346099999999999852e+00 1.273099999999999898e+00 -6.915000000000000313e-02 7.500000000000002325e-04
6.509699999999999598e+00 1.273099999999999898e+00 -8.410000000000000808e-02 -1.969999999999999876e-02
6.673300000000000232e+00 1.273099999999999898e+00 -7.925000000000000100e-02 6.550000000000000266e-03
6.836999999999999744e+00 1.273099999999999898e+00 -7.510000000000000009e-02 1.955000000000000140e-02
7.000600000000000378e+00 1.273099999999999898e+00 -7.475000000000001088e-02 3.420000000000000123e-02
7.164299999999999891e+00 1.273099999999999898e+00 -6.775000000000000466e-02 5.169999999999999596e-02
7.327899999999999636e+00 1.273099999999999898e+00 -6.554999999999999716e-02 4.784999999999999670e-02
1.275999999999999912e-01 1.109499999999999931e+00 6.360000000000000375e-02 -8.765000000000000568e-02
2.913000000000000034e-01 1.109499999999999931e+00 5.905000000000000526e-02 -8.810000000000001164e-02
4.549000000000000266e-01 1.109499999999999931e+00 5.444999999999999840e-02 -9.554999999999999605e-02
6.186000000000000387e-01 1.109499999999999931e+00 5.970000000000000306e-02 -9.975000000000000533e-02
7.822000000000000064e-01 1.109499999999999931e+00 6.194999999999999812e-02 -1.010500000000000009e-01
9.458999999999999631e-01 1.109499999999999931e+00 5.394999999999999796e-02 -1.083999999999999964e-01
1.109499999999999931e+00 1.109499999999999931e+00 5.025000000000000300e-02 -1.144000000000000017e-01
1.273099999999999898e+00 1.109499999999999931e+00 5.174999999999999739e-02 -1.168500000000000094e-01
1.436800000000000077e+00 1.109499999999999931e+00 3.759999999999999454e-02 -1.189500000000000002e-01
1.600400000000000045e+00 1.109499999999999931e+00 3.074999999999999956e-02 -1.218000000000000055e-01
1.764100000000000001e+00 1.109499999999999931e+00 2.649999999999999578e-02 -1.227000000000000035e-01
1.927699999999999969e+00 1.109499999999999931e+00 2.419999999999999929e-02 -1.208499999999999991e-01
2.091400000000000148e+00 1.109499999999999931e+00 1.899999999999999953e-02 -1.156500000000000028e-01
2.254999999999999893e+00 1.109499999999999931e+00 1.534999999999999906e-02 -1.150499999999999856e-01
2.418600000000000083e+00 1.109499999999999931e+00 1.030000000000000013e-02 -1.221499999999999947e-01
2.582300000000000040e+00 1.109499999999999931e+00 1.999999999999996572e-04 -1.209999999999999964e-01
2.745899999999999785e+00 1.109499999999999931e+00 -3.150000000000000022e-03 -1.096999999999999920e-01
2.909600000000000186e+00 1.109499999999999931e+00 -6.499999999999999702e-03 -1.110500000000000098e-01
3.073199999999999932e+00 1.109499999999999931e+00 -1.445000000000000104e-02 -1.172999999999999876e-01
3.236800000000000122e+00 1.109499999999999931e+00 -1.874999999999999931e-02 -1.086499999999999966e-01
3.400500000000000078e+00 1.109499999999999931e+00 -2.209999999999999812e-02 -9.564999999999999891e-02
3.564099999999999824e+00 1.109499999999999931e+00 -2.840000000000000163e-02 -9.185000000000000109e-02
3.727799999999999780e+00 1.109499999999999931e+00 -3.409999999999999837e-02 -1.004499999999999976e-01
3.891399999999999970e+00 1.109499999999999931e+00 -4.000000000000000083e-02 -8.815000000000000613e-02
4.055100000000000371e+00 1.109499999999999931e+00 -3.849999999999999950e-02 -7.935000000000000386e-02
4.218700000000000117e+00 1.109499999999999931e+00 -4.184999999999999831e-02 -9.939999999999998836e-02
4.382299999999999862e+00 1.109499999999999931e+00 -5.015000000000000013e-02 -1.115500000000000103e-01
4.546000000000000263e+00 1.109499999999999931e+00 -5.349999999999999895e-02 -7.489999999999999436e-02
4.709600000000000009e+00 1.109499999999999931e+00 -5.770000000000000129e-02 -8.080000000000001070e-02
4.873300000000000409e+00 1.109499999999999931e+00 -6.105000000000000704e-02 -7.594999999999998974e-02
5.036900000000000155e+00 1.109499999999999931e+00 -6.650000000000000355e-02 -9.260000000000000175e-02
5.200599999999999667e+00 1.109499999999999931e+00 -6.980000000000000093e-02 -7.955000000000000959e-02
5.364200000000000301e+00 1.109499999999999931e+00 -7.330000000000000404e-02 -6.495000000000000773e-02
5.527800000000000047e+00 1.109499999999999931e+00 -8.304999999999999882e-02 -5.964999999999999469e-02
5.691499999999999559e+00 1.109499999999999931e+00 -7.689999999999999614e-02 -2.915000000000000230e-02
5.855100000000000193e+00 1.109499999999999931e+00 -8.540000000000000369e-02 -3.169999999999999901e-02
6.018799999999999706e+00 1.109499999999999931e+00 -8.255000000000001226e-02 -2.729999999999999788e-02
6.182400000000000340e+00 1.109499999999999931e+00 -7.925000000000000100e-02 -1.274999999999999918e-02
6.346099999999999852e+00 1.109499999999999931e+00 -8.235000000000000653e-02 -1.550000000000000162e-03
6.509699999999999598e+00 1.109499999999999931e+00 -9.220000000000000417e-02 -3.010000000000000175e-02
6.673300000000000232e+00 1.109499999999999931e+00 -9.389999999999999736e-02 4.950000000000000407e-03
6.836999999999999744e+00 1.109499999999999931e+00 -9.900000000000000466e-02 1.135000000000000071e-02
7.000600000000000378e+00 1.109499999999999931e+00 -8.254999999999999838e-02 3.529999999999999805e-02
7.164299999999999891e+00 1.109499999999999931e+00 -8.580000000000000127e-02 3.704999999999999960e-02
7.327899999999999636e+00 1.109499999999999931e+00 -8.790000000000000591e-02 4.599999999999999922e-02
1.275999999999999912e-01 9.458999999999999631e-01 6.229999999999999427e-02 -1.088500000000000023e-01
2.913000000000000034e-01 9.458999999999999631e-01 5.550000000000000072e-02 -1.078500000000000014e-01
4.549000000000000266e-01 9.458999999999999631e-01 6.224999999999999978e-02 -1.166500000000000037e-01
6.186000000000000387e-01 9.458999999999999631e-01 6.759999999999999343e-02 -1.222499999999999976e-01
7.822000000000000064e-01 9.458999999999999631e-01 5.790000000000000008e-02 -1.223000000000000059e-01
9.458999999999999631e-01 9.458999999999999631e-01 5.400000000000000633e-02 -1.308999999999999886e-01
1.109499999999999931e+00 9.458999999999999631e-01 5.120000000000000245e-02 -1.289000000000000146e-01
1.273099999999999898e+00 9.458999999999999631e-01 4.000000000000000083e-02 -1.342000000000000137e-01
1.436800000000000077e+00 9.458999999999999631e-01 3.264999999999999847e-02 -1.434500000000000219e-01
1.600400000000000045e+00 9.458999999999999631e-01 3.005000000000000032e-02 -1.426999999999999935e-01
1.764100000000000001e+00 9.458999999999999631e-01 2.720000000000000195e-02 -1.439000000000000001e-01
1.927699999999999969e+00 9.458999999999999631e-01 1.644999999999999934e-02 -1.482499999999999929e-01
2.091400000000000148e+00 9.458999999999999631e-01 2.280000000000000082e-02 -1.214999999999999969e-01
2.254999999999999893e+00 9.458999999999999631e-01 9.100000000000000450e-03 -1.368499999999999994e-01
2.418600000000000083e+00 9.458999999999999631e-01 -1.099999999999999849e-03 -1.449500000000000233e-01
2.582300000000000040e+00 9.458999999999999631e-01 -4.449999999999999963e-03 -1.393999999999999961e-01
2.745899999999999785e+00 9.458999999999999631e-01 -7.650000000000000550e-03 -1.349000000000000199e-01
2.909600000000000186e+00 9.458999999999999631e-01 -1.554999999999999959e-02 -1.267000000000000071e-01
3.073199999999999932e+00 9.458999999999999631e-01 -1.959999999999999937e-02 -1.305499999999999994e-01
3.236800000000000122e+00 9.458999999999999631e-01 -2.054999999999999882e-02 -1.257000000000000062e-01
3.400500000000000078e+00 9.458999999999999631e-01 -2.475000000000000117e-02 -1.179499999999999993e-01
3.564099999999999824e+00 9.458999999999999631e-01 -3.969999999999999918e-02 -1.376999999999999891e-01
3.727799999999999780e+00 9.458999999999999631e-01 -4.080000000000000293e-02 -1.101499999999999979e-01
3.891399999999999970e+00 9.458999999999999631e-01 -4.230000000000000426e-02 -7.499999999999999722e-02
4.055100000000000371e+00 9.458999999999999631e-01 -4.700000000000000011e-02 -8.915000000000000702e-02
4.218700000000000117e+00 9.458999999999999631e-01 -5.449999999999999983e-02 -9.435000000000000331e-02
4.382299999999999862e+00 9.458999999999999631e-01 -5.179999999999999882e-02 -1.346499999999999919e-01
4.546000000000000263e+00 9.458999999999999631e-01 -6.254999999999999449e-02 -1.221500000000000086e-01
4.709600000000000009e+00 9.458999999999999631e-01 -6.500000000000000222e-02 -1.083000000000000074e-01
4.873300000000000409e+00 9.458999999999999631e-01 -6.514999999999999958e-02 -6.604999999999999760e-02
5.036900000000000155e+00 9.458999999999999631e-01 -7.580000000000000626e-02 -9.475000000000000089e-02
5.200599999999999667e+00 9.458999999999999631e-01 -7.639999999999999569e-02 -6.734999999999999321e-02
5.364200000000000301e+00 9.458999999999999631e-01 -8.749999999999999445e-02 -6.900000000000000577e-02
5.527800000000000047e+00 9.458999999999999631e-01 -9.550000000000000155e-02 -7.384999999999999898e-02
5.691499999999999559e+00 9.458999999999999631e-01 -9.189999999999999558e-02 -4.440000000000000197e-02
5.855100000000000193e+00 9.458999999999999631e-01 -9.695000000000000839e-02 -3.625000000000000444e-02
6.018799999999999706e+00 9.458999999999999631e-01 -9.514999999999999847e-02 -2.480000000000000260e-02
6.182400000000000340e+00 9.458999999999999631e-01 -8.734999999999999709e-02 -1.669999999999999957e-02
6.346099999999999852e+00 9.458999999999999631e-01 -1.073000000000000065e-01 -2.189999999999999933e-02
6.509699999999999598e+00 9.458999999999999631e-01 -1.049500000000000016e-01 -2.639999999999999986e-02
6.673300000000000232e+00 9.458999999999999631e-01 -1.086499999999999966e-01 -4.199999999999999740e-03
6.836999999999999744e+00 9.458999999999999631e-01 -1.140000000000000041e-01 1.039999999999999952e-02
7.000600000000000378e+00 9.458999999999999631e-01 -1.028000000000000025e-01 3.049999999999999933e-02
7.164299999999999891e+00 9.458999999999999631e-01 -1.169499999999999984e-01 2.264999999999999999e-02
7.327899999999999636e+00 9.458999999999999631e-01 -1.123999999999999999e-01 4.170000000000000095e-02
1.275999999999999912e-01 7.822000000000000064e-01 6.064999999999999558e-02 -1.273499999999999910e-01
2.913000000000000034e-01 7.822000000000000064e-01 5.059999999999999915e-02 -1.346499999999999919e-01
4.549000000000000266e-01 7.822000000000000064e-01 5.500000000000000028e-02 -1.352499999999999813e-01
6.186000000000000387e-01 7.822000000000000064e-01 6.010000000000000064e-02 -1.363000000000000045e-01
7.822000000000000064e-01 7.822000000000000064e-01 5.244999999999999662e-02 -1.512999999999999901e-01
9.458999999999999631e-01 7.822000000000000064e-01 5.010000000000000564e-02 -1.538999999999999813e-01
1.109499999999999931e+00 7.822000000000000064e-01 4.875000000000000167e-02 -1.542000000000000037e-01
1.273099999999999898e+00 7.822000000000000064e-01 4.084999999999999742e-02 -1.665999999999999981e-01
1.436800000000000077e+00 7.822000000000000064e-01 3.905000000000000138e-02 -1.648999999999999910e-01
1.600400000000000045e+00 7.822000000000000064e-01 3.300000000000000155e-02 -1.632500000000000062e-01
1.764100000000000001e+00 7.822000000000000064e-01 2.425000000000000072e-02 -1.561500000000000110e-01
1.927699999999999969e+00 7.822000000000000064e-01 1.735000000000000084e-02 -1.615499999999999992e-01
2.091400000000000148e+00 7.822000000000000064e-01 1.279999999999999888e-02 -1.669999999999999818e-01
2.254999999999999893e+00 7.822000000000000064e-01 3.850000000000000124e-03 -1.685999999999999999e-01
2.418600000000000083e+00 7.822000000000000064e-01 -2.399999999999999790e-03 -1.667500000000000093e-01
2.582300000000000040e+00 7.822000000000000064e-01 -9.350000000000000672e-03 -1.570499999999999952e-01
2.745899999999999785e+00 7.822000000000000064e-01 -1.145000000000000011e-02 -1.441500000000000004e-01
2.909600000000000186e+00 7.822000000000000064e-01 -2.019999999999999921e-02 -1.450500000000000123e-01
3.073199999999999932e+00 7.822000000000000064e-01 -2.609999999999999820e-02 -1.578999999999999848e-01
3.236800000000000122e+00 7.822000000000000064e-01 -3.409999999999999837e-02 -1.656499999999999917e-01
3.400500000000000078e+00 7.822000000000000064e-01 -3.395000000000000101e-02 -1.456500000000000017e-01
3.564099999999999824e+00 7.822000000000000064e-01 -4.689999999999999725e-02 -1.433000000000000107e-01
3.727799999999999780e+00 7.822000000000000064e-01 -5.129999999999999838e-02 -1.373499999999999999e-01
3.891399999999999970e+00 7.822000000000000064e-01 -4.725000000000000033e-02 -1.083999999999999964e-01
4.055100000000000371e+00 7.822000000000000064e-01 -5.134999999999999981e-02 -1.285499999999999976e-01
4.218700000000000117e+00 7.822000000000000064e-01 -5.149999999999999717e-02 -6.539999999999999980e-02
4.382299999999999862e+00 7.822000000000000064e-01 -5.415000000000000369e-02 -1.390500000000000069e-01
4.546000000000000263e+00 7.822000000000000064e-01 -6.529999999999999694e-02 -1.480500000000000149e-01
4.709600000000000009e+00 7.822000000000000064e-01 -6.984999999999999543e-02 -1.099499999999999922e-01
4.873300000000000409e+00 7.822000000000000064e-01 -7.850000000000000033e-02 -9.934999999999999387e-02
5.036900000000000155e+00 7.822000000000000064e-01 -8.269999999999999574e-02 -8.945000000000000173e-02
5.200599999999999667e+00 7.822000000000000064e-01 -7.914999999999999813e-02 -7.030000000000000138e-02
5.364200000000000301e+00 7.822000000000000064e-01 -9.650000000000000244e-02 -7.624999999999999833e-02
5.527800000000000047e+00 7.822000000000000064e-01 -8.030000000000001026e-02 -3.225000000000000089e-02
5.691499999999999559e+00 7.822000000000000064e-01 -1.027499999999999941e-01 -8.035000000000000475e-02
5.855100000000000193e+00 7.822000000000000064e-01 -8.760000000000001119e-02 -1.660000000000000017e-02
6.018799999999999706e+00 7.822000000000000064e-01 -9.834999999999999298e-02 -8.250000000000000389e-03
6.182400000000000340e+00 7.822000000000000064e-01 -9.784999999999999254e-02 -1.080000000000000057e-02
6.346099999999999852e+00 7.822000000000000064e-01 -9.650000000000000244e-02 -1.165000000000000063e-02
6.509699999999999598e+00 7.822000000000000064e-01 -1.083999999999999964e-01 -1.365000000000000067e-02
6.673300000000000232e+00 7.822000000000000064e-01 -1.190999999999999975e-01 -1.350000000000000071e-03
6.836999999999999744e+00 7.822000000000000064e-01 -1.252000000000000057e-01 5.849999999999999298e-03
7.000600000000000378e+00 7.822000000000000064e-01 -1.292000000000000093e-01 2.139999999999999888e-02
7.164299999999999891e+00 7.822000000000000064e-01 -1.294500000000000095e-01 2.960000000000000131e-02
7.327899999999999636e+00 7.822000000000000064e-01 -1.173499999999999960e-01 5.464999999999999719e-02
1.275999999999999912e-01 6.186000000000000387e-01 5.605000000000000260e-02 -1.552000000000000046e-01
2.913000000000000034e-01 6.186000000000000387e-01 5.185000000000000026e-02 -1.557000000000000051e-01
4.549000000000000266e-01 6.186000000000000387e-01 5.134999999999999981e-02 -1.547999999999999932e-01
6.186000000000000387e-01 6.186000000000000387e-01 6.420000000000000706e-02 -1.609499999999999820e-01
7.822000000000000064e-01 6.186000000000000387e-01 6.024999999999999800e-02 -1.803500000000000103e-01
9.458999999999999631e-01 6.186000000000000387e-01 5.179999999999999882e-02 -1.836499999999999799e-01
1.109499999999999931e+00 6.186000000000000387e-01 5.129999999999999838e-02 -1.701500000000000234e-01
1.273099999999999898e+00 6.186000000000000387e-01 4.164999999999999952e-02 -1.695000000000000118e-01
1.436800000000000077e+00 6.186000000000000387e-01 2.715000000000000052e-02 -1.837499999999999967e-01
1.600400000000000045e+00 6.186000000000000387e-01 2.129999999999999949e-02 -1.787499999999999922e-01
1.764100000000000001e+00 6.186000000000000387e-01 1.469999999999999953e-02 -1.831499999999999795e-01
1.927699999999999969e+00 6.186000000000000387e-01 1.050000000000000065e-02 -1.864999999999999991e-01
2.091400000000000148e+00 6.186000000000000387e-01 1.145000000000000011e-02 -1.689499999999999891e-01
2.254999999999999893e+00 6.186000000000000387e-01 -4.300000000000000003e-03 -1.882000000000000062e-01
2.418600000000000083e+00 6.186000000000000387e-01 -1.149999999999999981e-02 -1.808500000000000107e-01
2.582300000000000040e+00 6.186000000000000387e-01 -1.954999999999999793e-02 -1.759999999999999898e-01
2.745899999999999785e+00 6.186000000000000387e-01 -2.079999999999999905e-02 -1.854500000000000037e-01
2.909600000000000186e+00 6.186000000000000387e-01 -2.964999999999999927e-02 -1.864999999999999991e-01
3.073199999999999932e+00 6.186000000000000387e-01 -3.975000000000000061e-02 -1.868000000000000216e-01
3.236800000000000122e+00 6.186000000000000387e-01 -3.570000000000000256e-02 -1.872499999999999998e-01
3.400500000000000078e+00 6.186000000000000387e-01 -4.340000000000000108e-02 -2.004499999999999893e-01
3.564099999999999824e+00 6.186000000000000387e-01 -5.119999999999999551e-02 -1.885499999999999954e-01
3.727799999999999780e+00 6.186000000000000387e-01 -5.225000000000000477e-02 -1.624500000000000111e-01
3.891399999999999970e+00 6.186000000000000387e-01 -5.559999999999999665e-02 -1.097999999999999948e-01
4.055100000000000371e+00 6.186000000000000387e-01 -1.940000000000000058e-02 -1.562500000000000000e-01
4.218700000000000117e+00 6.186000000000000387e-01 -1.000000000000000021e-02 -8.375000000000000500e-02
4.382299999999999862e+00 6.186000000000000387e-01 -2.149999999999999828e-02 -1.340500000000000025e-01
4.546000000000000263e+00 6.186000000000000387e-01 -7.369999999999998774e-02 -1.844500000000000028e-01
4.709600000000000009e+00 6.186000000000000387e-01 -2.974999999999999867e-02 -9.260000000000000175e-02
4.873300000000000409e+00 6.186000000000000387e-01 -7.910000000000000364e-02 -5.249999999999999806e-02
5.036900000000000155e+00 6.186000000000000387e-01 -8.429999999999999993e-02 -7.470000000000000251e-02
5.200599999999999667e+00 6.186000000000000387e-01 -8.974999999999999645e-02 -5.319999999999999729e-02
5.364200000000000301e+00 6.186000000000000387e-01 -7.910000000000000364e-02 -3.849999999999999950e-02
5.527800000000000047e+00 6.186000000000000387e-01 -8.705000000000000238e-02 -1.089999999999999997e-02
5.691499999999999559e+00 6.186000000000000387e-01 -8.674999999999999378e-02 -3.249999999999999417e-03
5.855100000000000193e+00 6.186000000000000387e-01 -9.765000000000000069e-02 1.195000000000000055e-02
6.018799999999999706e+00 6.186000000000000387e-01 -1.025999999999999968e-01 1.370000000000000037e-02
6.182400000000000340e+00 6.186000000000000387e-01 -1.088999999999999968e-01 7.700000000000000247e-03
6.346099999999999852e+00 6.186000000000000387e-01 -1.198999999999999927e-01 -4.550000000000000225e-03
6.509699999999999598e+00 6.186000000000000387e-01 -1.313499999999999945e-01 -5.949999999999999560e-03
6.673300000000000232e+00 6.186000000000000387e-01 -1.269000000000000128e-01 -7.649999999999999682e-03
6.836999999999999744e+00 6.186000000000000387e-01 -1.277999999999999969e-01 -3.650000000000000033e-03
7.000600000000000378e+00 6.186000000000000387e-01 -1.267000000000000071e-01 2.179999999999999993e-02
7.164299999999999891e+00 6.186000000000000387e-01 -1.152499999999999913e-01 3.969999999999999918e-02
7.327899999999999636e+00 6.186000000000000387e-01 -1.117999999999999966e-01 6.765000000000000180e-02
1.275999999999999912e-01 4.549000000000000266e-01 5.584999999999999687e-02 -1.703999999999999959e-01
2.913000000000000034e-01 4.549000000000000266e-01 5.244999999999999662e-02 -1.688000000000000056e-01
4.549000000000000266e-01 4.549000000000000266e-01 4.835000000000000409e-02 -1.777500000000000191e-01
6.186000000000000387e-01 4.549000000000000266e-01 5.494999999999999885e-02 -1.912499999999999756e-01
7.822000000000000064e-01 4.549000000000000266e-01 5.530000000000000193e-02 -1.986999999999999877e-01
9.458999999999999631e-01 4.549000000000000266e-01 4.725000000000000033e-02 -2.064000000000000001e-01
1.109499999999999931e+00 4.549000000000000266e-01 4.355000000000000537e-02 -2.038500000000000034e-01
1.273099999999999898e+00 4.549000000000000266e-01 3.860000000000000236e-02 -2.111500000000000044e-01
1.436800000000000077e+00 4.549000000000000266e-01 2.835000000000000020e-02 -2.063500000000000056e-01
1.600400000000000045e+00 4.549000000000000266e-01 2.195000000000000076e-02 -2.085000000000000187e-01
1.764100000000000001e+00 4.549000000000000266e-01 1.499999999999999944e-02 -2.202500000000000013e-01
1.927699999999999969e+00 4.549000000000000266e-01 1.104999999999999906e-02 -2.226500000000000146e-01
2.091400000000000148e+00 4.549000000000000266e-01 1.299999999999999940e-03 -2.122999999999999887e-01
2.254999999999999893e+00 4.549000000000000266e-01 -7.950000000000000469e-03 -2.156000000000000139e-01
2.418600000000000083e+00 4.549000000000000266e-01 -1.559999999999999928e-02 -2.193999999999999839e-01
2.582300000000000040e+00 4.549000000000000266e-01 -2.634999999999999842e-02 -1.981999999999999873e-01
2.745899999999999785e+00 4.549000000000000266e-01 -2.384999999999999967e-02 -2.153499999999999859e-01
2.909600000000000186e+00 4.549000000000000266e-01 -3.030000000000000054e-02 -2.137999999999999901e-01
3.073199999999999932e+00 4.549000000000000266e-01 -3.785000000000000170e-02 -2.216500000000000137e-01
3.236800000000000122e+00 4.549000000000000266e-01 -4.334999999999999964e-02 -2.311499999999999944e-01
3.400500000000000078e+00 4.549000000000000266e-01 -4.854999999999999594e-02 -2.265000000000000069e-01
3.564099999999999824e+00 4.549000000000000266e-01 -4.669999999999999846e-02 -2.347500000000000142e-01
3.727799999999999780e+00 4.549000000000000266e-01 -6.835000000000000797e-02 -2.107499999999999929e-01
3.891399999999999970e+00 4.549000000000000266e-01 -1.360000000000000098e-02 -1.755499999999999838e-01
4.055100000000000371e+00 4.549000000000000266e-01 -9.579999999999999627e-02 -1.391999999999999904e-01
4.218700000000000117e+00 4.549000000000000266e-01 -1.665000000000000160e-02 -1.589500000000000079e-01
4.382299999999999862e+00 4.549000000000000266e-01 -1.979999999999999816e-02 -1.916999999999999815e-01
4.546000000000000263e+00 4.549000000000000266e-01 -7.059999999999999609e-02 -2.126500000000000057e-01
4.709600000000000009e+00 4.549000000000000266e-01 -8.004999999999999616e-02 -2.449000000000000066e-01
4.873300000000000409e+00 4.549000000000000266e-01 -3.595000000000000279e-02 -1.578499999999999903e-01
5.036900000000000155e+00 4.549000000000000266e-01 -8.609999999999999598e-02 -6.825000000000000511e-02
5.200599999999999667e+00 4.549000000000000266e-01 -1.073000000000000065e-01 -2.160000000000000114e-02
5.364200000000000301e+00 4.549000000000000266e-01 -7.455000000000000515e-02 6.749999999999999056e-03
5.527800000000000047e+00 4.549000000000000266e-01 -7.979999999999999594e-02 8.899999999999999925e-03
5.691499999999999559e+00 4.549000000000000266e-01 -7.484999999999999987e-02 3.320000000000000034e-02
5.855100000000000193e+00 4.549000000000000266e-01 -9.029999999999999138e-02 2.315000000000000044e-02
6.018799999999999706e+00 4.549000000000000266e-01 -9.215000000000000968e-02 2.305000000000000104e-02
6.182400000000000340e+00 4.549000000000000266e-01 -9.800000000000000377e-02 1.905000000000000096e-02
6.346099999999999852e+00 4.549000000000000266e-01 -1.263499999999999901e-01 1.165000000000000063e-02
6.509699999999999598e+00 4.549000000000000266e-01 -1.260000000000000009e-01 1.789999999999999925e-02
6.673300000000000232e+00 4.549000000000000266e-01 -6.199999999999999956e-02 3.000000000000000062e-03
6.836999999999999744e+00 4.549000000000000266e-01 -7.549999999999999767e-02 7.400000000000000328e-03
7.000600000000000378e+00 4.549000000000000266e-01 -8.544999999999999818e-02 1.554999999999999959e-02
7.164299999999999891e+00 4.549000000000000266e-01 -1.020999999999999963e-01 2.500000000000000139e-02
7.327899999999999636e+00 4.549000000000000266e-01 -9.390000000000001124e-02 6.485000000000000486e-02
1.275999999999999912e-01 2.913000000000000034e-01 5.315000000000000280e-02 -1.971499999999999919e-01
2.913000000000000034e-01 2.913000000000000034e-01 4.070000000000000007e-02 -1.925499999999999989e-01
4.549000000000000266e-01 2.913000000000000034e-01 4.120000000000000051e-02 -1.971999999999999864e-01
6.186000000000000387e-01 2.913000000000000034e-01 4.555000000000000021e-02 -2.164500000000000035e-01
7.822000000000000064e-01 2.913000000000000034e-01 4.574999999999999900e-02 -2.462000000000000022e-01
9.458999999999999631e-01 2.913000000000000034e-01 4.159999999999999809e-02 -2.289499999999999869e-01
1.109499999999999931e+00 2.913000000000000034e-01 3.805000000000000049e-02 -2.163499999999999868e-01
1.273099999999999898e+00 2.913000000000000034e-01 3.504999999999999782e-02 -2.545499999999999985e-01
1.436800000000000077e+00 2.913000000000000034e-01 2.920000000000000026e-02 -2.699500000000000233e-01
1.600400000000000045e+00 2.913000000000000034e-01 1.969999999999999876e-02 -2.665500000000000091e-01
1.764100000000000001e+00 2.913000000000000034e-01 1.204999999999999995e-02 -2.533000000000000251e-01
1.927699999999999969e+00 2.913000000000000034e-01 4.949999999999999539e-03 -2.498000000000000220e-01
2.091400000000000148e+00 2.913000000000000034e-01 -3.699999999999999730e-03 -2.529000000000000137e-01
2.254999999999999893e+00 2.913000000000000034e-01 -1.549999999999999989e-02 -2.426499999999999768e-01
2.418600000000000083e+00 2.913000000000000034e-01 -1.864999999999999991e-02 -2.578500000000000236e-01
2.582300000000000040e+00 2.913000000000000034e-01 -4.115000000000000602e-02 -2.694999999999999618e-01
2.745899999999999785e+00 2.913000000000000034e-01 -4.000000000000000083e-02 -2.595999999999999974e-01
2.909600000000000186e+00 2.913000000000000034e-01 -2.160000000000000114e-02 -2.388000000000000123e-01
3.073199999999999932e+00 2.913000000000000034e-01 -3.275000000000000133e-02 -2.537500000000000311e-01
3.236800000000000122e+00 2.913000000000000034e-01 -5.394999999999999796e-02 -2.633499999999999730e-01
3.400500000000000078e+00 2.913000000000000034e-01 -5.619999999999999996e-02 -2.492999999999999938e-01
3.564099999999999824e+00 2.913000000000000034e-01 -5.069999999999999507e-02 -2.574000000000000177e-01
3.727799999999999780e+00 2.913000000000000034e-01 -5.974999999999999756e-02 -2.762000000000000011e-01
3.891399999999999970e+00 2.913000000000000034e-01 -5.755000000000000393e-02 -2.362499999999999878e-01
4.055100000000000371e+00 2.913000000000000034e-01 -5.210000000000000048e-02 -2.848999999999999866e-01
4.218700000000000117e+00 2.913000000000000034e-01 -5.949999999999999734e-02 -2.069500000000000228e-01
4.382299999999999862e+00 2.913000000000000034e-01 -4.034999999999999698e-02 -1.580000000000000016e-01
4.546000000000000263e+00 2.913000000000000034e-01 -8.075000000000000233e-02 -5.945000000000000284e-02
4.709600000000000009e+00 2.913000000000000034e-01 -1.375000000000000180e-02 -2.031000000000000028e-01
4.873300000000000409e+00 2.913000000000000034e-01 -1.039999999999999952e-02 -3.145000000000000573e-02
5.036900000000000155e+00 2.913000000000000034e-01 -8.404999999999999971e-02 -5.699999999999999338e-03
5.200599999999999667e+00 2.913000000000000034e-01 -6.185000000000000220e-02 7.159999999999999698e-02
5.364200000000000301e+00 2.913000000000000034e-01 -6.975000000000000644e-02 -2.455000000000000238e-02
5.527800000000000047e+00 2.913000000000000034e-01 -5.924999999999999711e-02 3.425000000000000266e-02
5.691499999999999559e+00 2.913000000000000034e-01 -4.555000000000000021e-02 4.309999999999999942e-02
5.855100000000000193e+00 2.913000000000000034e-01 -4.664999999999999702e-02 4.539999999999999591e-02
6.018799999999999706e+00 2.913000000000000034e-01 -5.434999999999999554e-02 4.479999999999999954e-02
6.182400000000000340e+00 2.913000000000000034e-01 -9.639999999999999958e-02 5.070000000000000201e-02
6.346099999999999852e+00 2.913000000000000034e-01 -1.001999999999999974e-01 3.304999999999999605e-02
6.509699999999999598e+00 2.913000000000000034e-01 -1.043499999999999983e-01 5.075000000000000344e-02
6.673300000000000232e+00 2.913000000000000034e-01 -3.109999999999999917e-02 1.679999999999999896e-02
6.836999999999999744e+00 2.913000000000000034e-01 -4.009999999999999676e-02 1.680000000000000243e-02
7.000600000000000378e+00 2.913000000000000034e-01 5.769999999999999435e-02 -2.389999999999999764e-02
7.164299999999999891e+00 2.913000000000000034e-01 7.769999999999999130e-02 -2.794999999999999915e-02
7.327899999999999636e+00 2.913000000000000034e-01 -2.025000000000000064e-02 5.399999999999999939e-02
1.275999999999999912e-01 1.275999999999999912e-01 6.070000000000000395e-02 -2.024500000000000188e-01
2.913000000000000034e-01 1.275999999999999912e-01 4.914999999999999925e-02 -2.142000000000000015e-01
4.549000000000000266e-01 1.275999999999999912e-01 4.630000000000000088e-02 -2.177499999999999991e-01
6.186000000000000387e-01 1.275999999999999912e-01 2.564999999999999919e-02 -2.402500000000000191e-01
7.822000000000000064e-01 1.275999999999999912e-01 3.069999999999999812e-02 -2.570500000000000007e-01
9.458999999999999631e-01 1.275999999999999912e-01 3.800000000000000600e-02 -2.468500000000000139e-01
1.109499999999999931e+00 1.275999999999999912e-01 3.660000000000000059e-02 -2.369999999999999885e-01
1.273099999999999898e+00 1.275999999999999912e-01 2.840000000000000163e-02 -2.790500000000000203e-01
1.436800000000000077e+00 1.275999999999999912e-01 2.599999999999999881e-02 -2.803499999999999881e-01
1.600400000000000045e+00 1.275999999999999912e-01 1.980000000000000163e-02 -2.759500000000000286e-01
1.764100000000000001e+00 1.275999999999999912e-01 6.350000000000000609e-03 -2.840000000000000302e-01
1.927699999999999969e+00 1.275999999999999912e-01 6.499999999999998834e-03 -2.674500000000000210e-01
2.091400000000000148e+00 1.275999999999999912e-01 4.150000000000000043e-03 -2.527499999999999747e-01
2.254999999999999893e+00 1.275999999999999912e-01 -2.550000000000001051e-03 -2.439999999999999947e-01
2.418600000000000083e+00 1.275999999999999912e-01 -1.979999999999999816e-02 -2.731500000000000039e-01
2.582300000000000040e+00 1.275999999999999912e-01 -3.185000000000000331e-02 -2.887499999999999512e-01
2.745899999999999785e+00 1.275999999999999912e-01 -3.849999999999999950e-02 -2.753999999999999782e-01
2.909600000000000186e+00 1.275999999999999912e-01 -2.475000000000000117e-02 -2.590000000000000080e-01
3.073199999999999932e+00 1.275999999999999912e-01 -4.039999999999999841e-02 -2.724499999999999700e-01
3.236800000000000122e+00 1.275999999999999912e-01 -5.705000000000000349e-02 -2.818999999999999839e-01
3.400500000000000078e+00 1.275999999999999912e-01 -5.360000000000000181e-02 -2.842999999999999972e-01
3.564099999999999824e+00 1.275999999999999912e-01 -5.605000000000000260e-02 -3.060499999999999887e-01
3.727799999999999780e+00 1.275999999999999912e-01 -5.659999999999999754e-02 -3.132000000000000339e-01
3.891399999999999970e+00 1.275999999999999912e-01 -6.645000000000000906e-02 -2.983999999999999986e-01
4.055100000000000371e+00 1.275999999999999912e-01 -7.975000000000000144e-02 -2.849499999999999811e-01
4.218700000000000117e+00 1.275999999999999912e-01 -7.935000000000000386e-02 -2.862500000000000044e-01
4.382299999999999862e+00 1.275999999999999912e-01 3.350000000000002282e-03 -1.595499999999999974e-01
4.546000000000000263e+00 1.275999999999999912e-01 -7.500000000000006661e-04 -1.340999999999999970e-01
4.709600000000000009e+00 1.275999999999999912e-01 -6.784999999999999365e-02 -1.733500000000000041e-01
4.873300000000000409e+00 1.275999999999999912e-01 -7.249999999999999500e-02 -8.455000000000000016e-02
5.036900000000000155e+00 1.275999999999999912e-01 -5.424999999999999961e-02 4.159999999999999809e-02
5.200599999999999667e+00 1.275999999999999912e-01 -2.454999999999999891e-02 5.549999999999999378e-02
5.364200000000000301e+00 1.275999999999999912e-01 -6.550000000000000266e-02 -1.409999999999999969e-02
5.527800000000000047e+00 1.275999999999999912e-01 -1.685000000000000039e-02 5.975000000000000450e-02
5.691499999999999559e+00 1.275999999999999912e-01 -5.390000000000000346e-02 1.970000000000000223e-02
5.855100000000000193e+00 1.275999999999999912e-01 1.050000000000000065e-02 -4.700000000000000185e-03
6.018799999999999706e+00 1.275999999999999912e-01 -3.370000000000000079e-02 2.389999999999999764e-02
6.182400000000000340e+00 1.275999999999999912e-01 -2.009999999999999981e-02 2.209999999999999812e-02
6.346099999999999852e+00 1.275999999999999912e-01 -7.094999999999999918e-02 4.064999999999999863e-02
6.509699999999999598e+00 1.275999999999999912e-01 5.890000000000000097e-02 -1.784999999999999781e-02
6.673300000000000232e+00 1.275999999999999912e-01 -1.110000000000000049e-02 1.250000000000000243e-03
6.836999999999999744e+00 1.275999999999999912e-01 5.125000000000000389e-02 -6.649999999999999661e-03
7.000600000000000378e+00 1.275999999999999912e-01 8.169999999999999485e-02 -3.885000000000000259e-02
7.164299999999999891e+00 1.275999999999999912e-01 8.859999999999999820e-02 -3.604999999999999871e-02
7.327899999999999636e+00 1.275999999999999912e-01 -3.615000000000000158e-02 1.175000000000000003e-02
