1.275999999999999912e-01 1.927699999999999969e+00 1.979999999999999816e-02 -2.779999999999999832e-02
2.913000000000000034e-01 1.927699999999999969e+00 1.354999999999999954e-02 -2.695000000000000173e-02
4.549000000000000266e-01 1.927699999999999969e+00 1.050000000000000065e-02 -3.345000000000000057e-02
6.186000000000000387e-01 1.927699999999999969e+00 7.599999999999999985e-03 -3.675000000000000488e-02
7.822000000000000064e-01 1.927699999999999969e+00 -2.500000000000002220e-04 -4.019999999999999962e-02
9.458999999999999631e-01 1.927699999999999969e+00 -7.400000000000000328e-03 -4.274999999999999634e-02
1.109499999999999931e+00 1.927699999999999969e+00 -1.160000000000000094e-02 -4.895000000000000046e-02
1.273099999999999898e+00 1.927699999999999969e+00 -1.124999999999999958e-02 -4.700000000000000011e-02
1.436800000000000077e+00 1.927699999999999969e+00 -1.030000000000000013e-02 -4.270000000000000184e-02
1.600400000000000045e+00 1.927699999999999969e+00 -2.174999999999999850e-02 -5.195000000000000312e-02
1.764100000000000001e+00 1.927699999999999969e+00 -2.890000000000000208e-02 -5.170000000000000290e-02
1.927699999999999969e+00 1.927699999999999969e+00 -2.454999999999999891e-02 -4.819999999999999979e-02
2.091400000000000148e+00 1.927699999999999969e+00 -2.700000000000000316e-02 -5.019999999999999463e-02
2.254999999999999893e+00 1.927699999999999969e+00 -2.624999999999999903e-02 -4.989999999999999991e-02
2.418600000000000083e+00 1.927699999999999969e+00 -3.250000000000000111e-02 -5.244999999999999662e-02
2.582300000000000040e+00 1.927699999999999969e+00 -3.640000000000000180e-02 -5.144999999999999574e-02
2.745899999999999785e+00 1.927699999999999969e+00 -4.089999999999999886e-02 -5.259999999999999398e-02
2.909600000000000186e+00 1.927699999999999969e+00 -4.419999999999999624e-02 -5.120000000000000245e-02
3.073199999999999932e+00 1.927699999999999969e+00 -4.945000000000000090e-02 -5.405000000000000082e-02
3.236800000000000122e+00 1.927699999999999969e+00 -5.589999999999999830e-02 -5.550000000000000072e-02
3.400500000000000078e+00 1.927699999999999969e+00 -5.729999999999999677e-02 -5.190000000000000169e-02
3.564099999999999824e+00 1.927699999999999969e+00 -5.815000000000000724e-02 -4.950000000000000233e-02
3.727799999999999780e+00 1.927699999999999969e+00 -6.254999999999999449e-02 -5.040000000000000036e-02
3.891399999999999970e+00 1.927699999999999969e+00 -6.460000000000000464e-02 -4.170000000000000095e-02
4.055100000000000371e+00 1.927699999999999969e+00 -7.030000000000000138e-02 -4.679999999999999438e-02
4.218700000000000117e+00 1.927699999999999969e+00 -7.564999999999999503e-02 -5.384999999999999509e-02
4.382299999999999862e+00 1.927699999999999969e+00 -7.769999999999999130e-02 -4.685000000000000275e-02
4.546000000000000263e+00 1.927699999999999969e+00 -7.730000000000000759e-02 -3.350000000000000200e-02
4.709600000000000009e+00 1.927699999999999969e+00 -7.939999999999999836e-02 -3.660000000000000059e-02
4.873300000000000409e+00 1.927699999999999969e+00 -8.390000000000000235e-02 -4.460000000000000075e-02
5.036900000000000155e+00 1.927699999999999969e+00 -8.444999999999999729e-02 -3.800000000000000600e-02
5.200599999999999667e+00 1.927699999999999969e+00 -8.544999999999999818e-02 -3.729999999999999982e-02
5.364200000000000301e+00 1.927699999999999969e+00 -9.139999999999999514e-02 -3.700000000000000511e-02
5.527800000000000047e+00 1.927699999999999969e+00 -9.535000000000000420e-02 -3.370000000000000079e-02
5.691499999999999559e+00 1.927699999999999969e+00 -1.010999999999999954e-01 -4.889999999999999902e-02
5.855100000000000193e+00 1.927699999999999969e+00 -9.690000000000000002e-02 -2.775000000000000036e-02
6.018799999999999706e+00 1.927699999999999969e+00 -8.854999999999998983e-02 -1.684999999999999692e-02
6.182400000000000340e+00 1.927699999999999969e+00 -9.070000000000000284e-02 -1.515000000000000027e-02
6.346099999999999852e+00 1.927699999999999969e+00 -9.535000000000000420e-02 -1.805000000000000007e-02
6.509699999999999598e+00 1.927699999999999969e+00 -9.454999999999999516e-02 -8.099999999999999561e-03
6.673300000000000232e+00 1.927699999999999969e+00 -9.279999999999999361e-02 -2.350000000000000092e-03
6.836999999999999744e+00 1.927699999999999969e+00 -9.265000000000001013e-02 4.000000000000000083e-03
7.000600000000000378e+00 1.927699999999999969e+00 -8.630000000000000171e-02 5.549999999999999378e-03
7.164299999999999891e+00 1.927699999999999969e+00 -8.974999999999999645e-02 8.650000000000001438e-03
7.327899999999999636e+00 1.927699999999999969e+00 -8.945000000000000173e-02 1.605000000000000177e-02
1.275999999999999912e-01 1.764100000000000001e+00 1.714999999999999858e-02 -3.314999999999999891e-02
2.913000000000000034e-01 1.764100000000000001e+00 2.580000000000000002e-02 -3.679999999999999938e-02
4.549000000000000266e-01 1.764100000000000001e+00 1.134999999999999898e-02 -3.835000000000000214e-02
6.186000000000000387e-01 1.764100000000000001e+00 1.159999999999999920e-02 -3.584999999999999992e-02
7.822000000000000064e-01 1.764100000000000001e+00 1.175000000000000003e-02 -3.880000000000000115e-02
9.458999999999999631e-01 1.764100000000000001e+00 5.049999999999999802e-03 -4.589999999999999636e-02
1.109499999999999931e+00 1.764100000000000001e+00 -4.599999999999999922e-03 -4.875000000000000167e-02
1.273099999999999898e+00 1.764100000000000001e+00 -2.185000000000000137e-02 -5.649999999999999467e-02
1.436800000000000077e+00 1.764100000000000001e+00 -1.734999999999999737e-02 -5.780000000000000415e-02
1.600400000000000045e+00 1.764100000000000001e+00 -2.340000000000000066e-02 -5.849999999999999645e-02
1.764100000000000001e+00 1.764100000000000001e+00 -2.759999999999999953e-02 -6.074999999999999845e-02
1.927699999999999969e+00 1.764100000000000001e+00 -2.284999999999999878e-02 -6.054999999999999966e-02
2.091400000000000148e+00 1.764100000000000001e+00 -1.980000000000000163e-02 -5.544999999999999929e-02
2.254999999999999893e+00 1.764100000000000001e+00 -2.334999999999999923e-02 -5.465000000000000413e-02
2.418600000000000083e+00 1.764100000000000001e+00 -3.559999999999999970e-02 -5.985000000000000042e-02
2.582300000000000040e+00 1.764100000000000001e+00 -3.409999999999999837e-02 -5.870000000000000218e-02
2.745899999999999785e+00 1.764100000000000001e+00 -4.189999999999999974e-02 -6.400000000000000133e-02
2.909600000000000186e+00 1.764100000000000001e+00 -4.555000000000000021e-02 -6.160000000000000198e-02
3.073199999999999932e+00 1.764100000000000001e+00 -4.919999999999999374e-02 -5.985000000000000042e-02
3.236800000000000122e+00 1.764100000000000001e+00 -4.795000000000000651e-02 -5.304999999999999993e-02
3.400500000000000078e+00 1.764100000000000001e+00 -5.290000000000000258e-02 -5.304999999999999993e-02
3.564099999999999824e+00 1.764100000000000001e+00 -5.510000000000000314e-02 -5.319999999999999729e-02
3.727799999999999780e+00 1.764100000000000001e+00 -6.090000000000000274e-02 -5.369999999999999774e-02
3.891399999999999970e+00 1.764100000000000001e+00 -6.335000000000000353e-02 -5.075000000000000344e-02
4.055100000000000371e+00 1.764100000000000001e+00 -6.794999999999999651e-02 -5.369999999999999774e-02
4.218700000000000117e+00 1.764100000000000001e+00 -7.150000000000000799e-02 -5.689999999999999919e-02
4.382299999999999862e+00 1.764100000000000001e+00 -7.705000000000000737e-02 -5.050000000000000322e-02
4.546000000000000263e+00 1.764100000000000001e+00 -8.100000000000000255e-02 -4.535000000000000142e-02
4.709600000000000009e+00 1.764100000000000001e+00 -8.190000000000000058e-02 -4.854999999999999594e-02
4.873300000000000409e+00 1.764100000000000001e+00 -8.635000000000001008e-02 -5.409999999999999531e-02
5.036900000000000155e+00 1.764100000000000001e+00 -8.444999999999999729e-02 -3.699999999999999817e-02
5.200599999999999667e+00 1.764100000000000001e+00 -8.989999999999999380e-02 -4.184999999999999831e-02
5.364200000000000301e+00 1.764100000000000001e+00 -9.534999999999999032e-02 -4.785000000000000364e-02
5.527800000000000047e+00 1.764100000000000001e+00 -9.675000000000000266e-02 -5.169999999999999596e-02
5.691499999999999559e+00 1.764100000000000001e+00 -9.969999999999999696e-02 -3.965000000000000469e-02
5.855100000000000193e+00 1.764100000000000001e+00 -9.525000000000000133e-02 -2.405000000000000193e-02
6.018799999999999706e+00 1.764100000000000001e+00 -9.464999999999999802e-02 -2.110000000000000070e-02
6.182400000000000340e+00 1.764100000000000001e+00 -9.304999999999999383e-02 -1.385000000000000120e-02
6.346099999999999852e+00 1.764100000000000001e+00 -9.634999999999999121e-02 -1.594999999999999890e-02
6.509699999999999598e+00 1.764100000000000001e+00 -9.754999999999999782e-02 -1.244999999999999926e-02
6.673300000000000232e+00 1.764100000000000001e+00 -9.734999999999999210e-02 -1.999999999999998741e-04
6.836999999999999744e+00 1.764100000000000001e+00 -9.879999999999999893e-02 2.299999999999999961e-03
7.000600000000000378e+00 1.764100000000000001e+00 -9.800000000000000377e-02 6.349999999999999742e-03
7.164299999999999891e+00 1.764100000000000001e+00 -9.339999999999999691e-02 1.304999999999999910e-02
7.327899999999999636e+00 1.764100000000000001e+00 -8.744999999999999996e-02 3.005000000000000032e-02
1.275999999999999912e-01 1.600400000000000045e+00 1.944999999999999854e-02 -3.815000000000000335e-02
2.913000000000000034e-01 1.600400000000000045e+00 2.350000000000000006e-02 -4.084999999999999742e-02
4.549000000000000266e-01 1.600400000000000045e+00 7.900000000000000772e-03 -4.654999999999999416e-02
6.186000000000000387e-01 1.600400000000000045e+00 1.134999999999999898e-02 -4.760000000000000342e-02
7.822000000000000064e-01 1.600400000000000045e+00 1.240000000000000130e-02 -4.395000000000000295e-02
9.458999999999999631e-01 1.600400000000000045e+00 6.449999999999999137e-03 -5.119999999999999551e-02
1.109499999999999931e+00 1.600400000000000045e+00 5.500000000000001416e-04 -5.315000000000000280e-02
1.273099999999999898e+00 1.600400000000000045e+00 -1.609999999999999973e-02 -6.844999999999999696e-02
1.436800000000000077e+00 1.600400000000000045e+00 -1.020000000000000073e-02 -6.410000000000000420e-02
1.600400000000000045e+00 1.600400000000000045e+00 -1.710000000000000062e-02 -6.950000000000000622e-02
1.764100000000000001e+00 1.600400000000000045e+00 -2.104999999999999927e-02 -6.840000000000000246e-02
1.927699999999999969e+00 1.600400000000000045e+00 -2.389999999999999764e-02 -7.005000000000000115e-02
2.091400000000000148e+00 1.600400000000000045e+00 -2.000000000000000042e-02 -6.489999999999999936e-02
2.254999999999999893e+00 1.600400000000000045e+00 -2.319999999999999840e-02 -6.325000000000000067e-02
2.418600000000000083e+00 1.600400000000000045e+00 -3.069999999999999812e-02 -6.185000000000000220e-02
2.582300000000000040e+00 1.600400000000000045e+00 -2.985000000000000153e-02 -5.924999999999999711e-02
2.745899999999999785e+00 1.600400000000000045e+00 -4.499999999999999833e-02 -7.259999999999999787e-02
2.909600000000000186e+00 1.600400000000000045e+00 -4.959999999999999826e-02 -7.149999999999999412e-02
3.073199999999999932e+00 1.600400000000000045e+00 -4.735000000000000320e-02 -6.909999999999999476e-02
3.236800000000000122e+00 1.600400000000000045e+00 -4.725000000000000033e-02 -6.110000000000000153e-02
3.400500000000000078e+00 1.600400000000000045e+00 -5.360000000000000181e-02 -6.319999999999999230e-02
3.564099999999999824e+00 1.600400000000000045e+00 -5.324999999999999872e-02 -6.074999999999999845e-02
3.727799999999999780e+00 1.600400000000000045e+00 -5.934999999999999998e-02 -5.424999999999999961e-02
3.891399999999999970e+00 1.600400000000000045e+00 -6.510000000000000508e-02 -5.989999999999999492e-02
4.055100000000000371e+00 1.600400000000000045e+00 -6.859999999999999432e-02 -6.149999999999999911e-02
4.218700000000000117e+00 1.600400000000000045e+00 -7.189999999999999170e-02 -6.289999999999999758e-02
4.382299999999999862e+00 1.600400000000000045e+00 -7.574999999999999789e-02 -5.734999999999999820e-02
4.546000000000000263e+00 1.600400000000000045e+00 -8.305000000000001270e-02 -4.914999999999999925e-02
4.709600000000000009e+00 1.600400000000000045e+00 -8.369999999999999662e-02 -5.004999999999999727e-02
4.873300000000000409e+00 1.600400000000000045e+00 -8.335000000000000742e-02 -4.719999999999999890e-02
5.036900000000000155e+00 1.600400000000000045e+00 -8.654999999999998805e-02 -4.914999999999999925e-02
5.200599999999999667e+00 1.600400000000000045e+00 -9.235000000000000153e-02 -5.250000000000000500e-02
5.364200000000000301e+00 1.600400000000000045e+00 -9.579999999999999627e-02 -5.285000000000000114e-02
5.527800000000000047e+00 1.600400000000000045e+00 -9.720000000000000862e-02 -4.449999999999999789e-02
5.691499999999999559e+00 1.600400000000000045e+00 -9.954999999999999960e-02 -3.450000000000000289e-02
5.855100000000000193e+00 1.600400000000000045e+00 -1.050999999999999990e-01 -2.759999999999999953e-02
6.018799999999999706e+00 1.600400000000000045e+00 -1.063999999999999946e-01 -3.484999999999999903e-02
6.182400000000000340e+00 1.600400000000000045e+00 -9.720000000000000862e-02 -1.880000000000000074e-02
6.346099999999999852e+00 1.600400000000000045e+00 -9.539999999999999869e-02 -7.949999999999998734e-03
6.509699999999999598e+00 1.600400000000000045e+00 -1.048499999999999988e-01 -1.364999999999999894e-02
6.673300000000000232e+00 1.600400000000000045e+00 -1.016999999999999987e-01 -4.000000000000000734e-04
6.836999999999999744e+00 1.600400000000000045e+00 -9.954999999999999960e-02 4.750000000000000749e-03
7.000600000000000378e+00 1.600400000000000045e+00 -1.021999999999999992e-01 5.349999999999999721e-03
7.164299999999999891e+00 1.600400000000000045e+00 -9.950000000000000511e-02 1.745000000000000023e-02
7.327899999999999636e+00 1.600400000000000045e+00 -9.945000000000001061e-02 2.255000000000000060e-02
1.275999999999999912e-01 1.436800000000000077e+00 1.404999999999999999e-02 -4.635000000000000231e-02
2.913000000000000034e-01 1.436800000000000077e+00 1.319999999999999993e-02 -4.964999999999999969e-02
4.549000000000000266e-01 1.436800000000000077e+00 1.094999999999999966e-02 -5.390000000000000346e-02
6.186000000000000387e-01 1.436800000000000077e+00 8.800000000000000530e-03 -5.519999999999999907e-02
7.822000000000000064e-01 1.436800000000000077e+00 6.099999999999999520e-03 -5.934999999999999998e-02
9.458999999999999631e-01 1.436800000000000077e+00 3.849999999999999690e-03 -6.275000000000000022e-02
1.109499999999999931e+00 1.436800000000000077e+00 5.999999999999998390e-04 -6.644999999999999518e-02
1.273099999999999898e+00 1.436800000000000077e+00 -1.009999999999999960e-02 -7.130000000000000226e-02
1.436800000000000077e+00 1.436800000000000077e+00 -1.620000000000000259e-02 -7.735000000000000209e-02
1.600400000000000045e+00 1.436800000000000077e+00 -8.550000000000000308e-03 -7.050000000000000711e-02
1.764100000000000001e+00 1.436800000000000077e+00 -2.154999999999999971e-02 -7.935000000000000386e-02
1.927699999999999969e+00 1.436800000000000077e+00 -2.695000000000000173e-02 -8.365000000000000213e-02
2.091400000000000148e+00 1.436800000000000077e+00 -3.099999999999999978e-02 -7.979999999999999594e-02
2.254999999999999893e+00 1.436800000000000077e+00 -3.594999999999999585e-02 -8.175000000000000322e-02
2.418600000000000083e+00 1.436800000000000077e+00 -3.935000000000000303e-02 -8.560000000000000941e-02
2.582300000000000040e+00 1.436800000000000077e+00 -4.265000000000000041e-02 -8.424999999999999156e-02
2.745899999999999785e+00 1.436800000000000077e+00 -4.959999999999999826e-02 -8.584999999999999576e-02
2.909600000000000186e+00 1.436800000000000077e+00 -5.165000000000000147e-02 -7.969999999999999307e-02
3.073199999999999932e+00 1.436800000000000077e+00 -4.944999999999999396e-02 -7.894999999999999241e-02
3.236800000000000122e+00 1.436800000000000077e+00 -5.319999999999999729e-02 -7.469999999999998863e-02
3.400500000000000078e+00 1.436800000000000077e+00 -5.000000000000000278e-02 -6.410000000000000420e-02
3.564099999999999824e+00 1.436800000000000077e+00 -5.525000000000000050e-02 -6.270000000000000573e-02
3.727799999999999780e+00 1.436800000000000077e+00 -5.949999999999999734e-02 -6.089999999999999580e-02
3.891399999999999970e+00 1.436800000000000077e+00 -6.339999999999999802e-02 -6.590000000000000024e-02
4.055100000000000371e+00 1.436800000000000077e+00 -7.139999999999999125e-02 -7.430000000000000493e-02
4.218700000000000117e+00 1.436800000000000077e+00 -7.630000000000000671e-02 -8.075000000000000233e-02
4.382299999999999862e+00 1.436800000000000077e+00 -8.204999999999999793e-02 -8.354999999999999927e-02
4.546000000000000263e+00 1.436800000000000077e+00 -8.054999999999999660e-02 -6.189999999999999669e-02
4.709600000000000009e+00 1.436800000000000077e+00 -8.299999999999999045e-02 -5.194999999999999618e-02
4.873300000000000409e+00 1.436800000000000077e+00 -8.605000000000000149e-02 -5.475000000000000006e-02
5.036900000000000155e+00 1.436800000000000077e+00 -9.059999999999999998e-02 -5.505000000000000171e-02
5.200599999999999667e+00 1.436800000000000077e+00 -9.504999999999999560e-02 -5.909999999999999976e-02
5.364200000000000301e+00 1.436800000000000077e+00 -9.875000000000000444e-02 -5.215000000000000191e-02
5.527800000000000047e+00 1.436800000000000077e+00 -9.745000000000000884e-02 -4.474999999999999811e-02
5.691499999999999559e+00 1.436800000000000077e+00 -1.053000000000000047e-01 -3.385000000000000508e-02
5.855100000000000193e+00 1.436800000000000077e+00 -1.113000000000000100e-01 -3.260000000000000397e-02
6.018799999999999706e+00 1.436800000000000077e+00 -1.117499999999999882e-01 -2.599999999999999881e-02
6.182400000000000340e+00 1.436800000000000077e+00 -1.026499999999999913e-01 -1.750000000000000036e-03
6.346099999999999852e+00 1.436800000000000077e+00 -1.004500000000000115e-01 -2.500000000000000052e-04
6.509699999999999598e+00 1.436800000000000077e+00 -1.126999999999999946e-01 -1.264999999999999979e-02
6.673300000000000232e+00 1.436800000000000077e+00 -1.161000000000000087e-01 -6.850000000000000186e-03
6.836999999999999744e+00 1.436800000000000077e+00 -1.077499999999999986e-01 2.205000000000000016e-02
7.000600000000000378e+00 1.436800000000000077e+00 -1.030500000000000027e-01 1.680000000000000243e-02
7.164299999999999891e+00 1.436800000000000077e+00 -1.078000000000000069e-01 2.139999999999999888e-02
7.327899999999999636e+00 1.436800000000000077e+00 -1.069999999999999979e-01 1.490000000000000005e-02
1.275999999999999912e-01 1.273099999999999898e+00 1.729999999999999941e-02 -5.304999999999999993e-02
2.913000000000000034e-01 1.273099999999999898e+00 1.275000000000000092e-02 -5.705000000000000349e-02
4.549000000000000266e-01 1.273099999999999898e+00 1.929999999999999771e-02 -6.364999999999999825e-02
6.186000000000000387e-01 1.273099999999999898e+00 1.189999999999999912e-02 -6.325000000000000067e-02
7.822000000000000064e-01 1.273099999999999898e+00 4.300000000000000003e-03 -7.480000000000000537e-02
9.458999999999999631e-01 1.273099999999999898e+00 9.749999999999999986e-03 -7.730000000000000759e-02
1.109499999999999931e+00 1.273099999999999898e+00 9.600000000000000894e-03 -7.419999999999998819e-02
1.273099999999999898e+00 1.273099999999999898e+00 -2.250000000000000264e-03 -8.150000000000000300e-02
1.436800000000000077e+00 1.273099999999999898e+00 -1.060000000000000005e-02 -9.135000000000000064e-02
1.600400000000000045e+00 1.273099999999999898e+00 -1.355000000000000128e-02 -9.420000000000000595e-02
1.764100000000000001e+00 1.273099999999999898e+00 -1.864999999999999991e-02 -9.639999999999999958e-02
1.927699999999999969e+00 1.273099999999999898e+00 -1.975000000000000019e-02 -9.289999999999999647e-02
2.091400000000000148e+00 1.273099999999999898e+00 -2.514999999999999875e-02 -9.260000000000000175e-02
2.254999999999999893e+00 1.273099999999999898e+00 -3.130000000000000143e-02 -8.974999999999999645e-02
2.418600000000000083e+00 1.273099999999999898e+00 -3.765000000000000291e-02 -8.824999999999999512e-02
2.582300000000000040e+00 1.273099999999999898e+00 -3.950000000000000039e-02 -9.289999999999999647e-02
2.745899999999999785e+00 1.273099999999999898e+00 -4.494999999999999690e-02 -9.314999999999999669e-02
2.909600000000000186e+00 1.273099999999999898e+00 -5.169999999999999596e-02 -9.645000000000000795e-02
3.073199999999999932e+00 1.273099999999999898e+00 -5.450000000000000677e-02 -8.790000000000000591e-02
3.236800000000000122e+00 1.273099999999999898e+00 -5.589999999999999830e-02 -8.449999999999999178e-02
3.400500000000000078e+00 1.273099999999999898e+00 -6.010000000000000064e-02 -7.980000000000000981e-02
3.564099999999999824e+00 1.273099999999999898e+00 -6.139999999999999625e-02 -7.569999999999998952e-02
3.727799999999999780e+00 1.273099999999999898e+00 -6.750000000000000444e-02 -8.715000000000000524e-02
3.891399999999999970e+00 1.273099999999999898e+00 -7.324999999999999567e-02 -9.349999999999999978e-02
4.055100000000000371e+00 1.273099999999999898e+00 -7.459999999999999964e-02 -7.944999999999999285e-02
4.218700000000000117e+00 1.273099999999999898e+00 -7.539999999999999480e-02 -7.900000000000000078e-02
4.382299999999999862e+00 1.273099999999999898e+00 -7.749999999999999944e-02 -8.335000000000000742e-02
4.546000000000000263e+00 1.273099999999999898e+00 -8.274999999999999023e-02 -7.125000000000000777e-02
4.709600000000000009e+00 1.273099999999999898e+00 -9.129999999999999227e-02 -7.495000000000000273e-02
4.873300000000000409e+00 1.273099999999999898e+00 -9.525000000000000133e-02 -9.420000000000000595e-02
5.036900000000000155e+00 1.273099999999999898e+00 -1.015500000000000014e-01 -9.650000000000000244e-02
5.200599999999999667e+00 1.273099999999999898e+00 -1.032000000000000001e-01 -7.405000000000000471e-02
5.364200000000000301e+00 1.273099999999999898e+00 -1.062500000000000111e-01 -3.994999999999999940e-02
5.527800000000000047e+00 1.273099999999999898e+00 -1.035999999999999976e-01 -2.249999999999999917e-02
5.691499999999999559e+00 1.273099999999999898e+00 -1.130500000000000116e-01 -4.050000000000000128e-02
5.855100000000000193e+00 1.273099999999999898e+00 -1.118500000000000050e-01 -3.930000000000000160e-02
6.018799999999999706e+00 1.273099999999999898e+00 -1.076499999999999957e-01 -1.625000000000000056e-02
6.182400000000000340e+00 1.273099999999999898e+00 -1.083500000000000019e-01 -1.060000000000000005e-02
6.346099999999999852e+00 1.273099999999999898e+00 -1.196000000000000119e-01 -2.005000000000000185e-02
6.509699999999999598e+00 1.273099999999999898e+00 -1.328499999999999959e-01 -3.780000000000000027e-02
6.673300000000000232e+00 1.273099999999999898e+00 -1.208000000000000046e-01 -4.749999999999999015e-03
6.836999999999999744e+00 1.273099999999999898e+00 -1.166000000000000092e-01 5.449999999999999983e-03
7.000600000000000378e+00 1.273099999999999898e+00 -1.127999999999999975e-01 2.264999999999999999e-02
7.164299999999999891e+00 1.273099999999999898e+00 -1.002000000000000113e-01 3.314999999999999891e-02
7.327899999999999636e+00 1.273099999999999898e+00 -1.056499999999999939e-01 2.494999999999999996e-02
1.275999999999999912e-01 1.109499999999999931e+00 1.345000000000000015e-02 -6.894999999999999740e-02
2.913000000000000034e-01 1.109499999999999931e+00 1.485000000000000035e-02 -6.565000000000000002e-02
4.549000000000000266e-01 1.109499999999999931e+00 1.319999999999999993e-02 -7.464999999999999414e-02
6.186000000000000387e-01 1.109499999999999931e+00 1.425000000000000051e-02 -8.485000000000000875e-02
7.822000000000000064e-01 1.109499999999999931e+00 1.340000000000000045e-02 -8.870000000000000107e-02
9.458999999999999631e-01 1.109499999999999931e+00 3.949999999999999518e-03 -9.185000000000000109e-02
1.109499999999999931e+00 1.109499999999999931e+00 1.100000000000000283e-03 -9.420000000000000595e-02
1.273099999999999898e+00 1.109499999999999931e+00 3.699999999999999296e-03 -9.404999999999999472e-02
1.436800000000000077e+00 1.109499999999999931e+00 -8.399999999999999481e-03 -1.009500000000000119e-01
1.600400000000000045e+00 1.109499999999999931e+00 -1.349999999999999985e-02 -1.076499999999999957e-01
1.764100000000000001e+00 1.109499999999999931e+00 -1.770000000000000046e-02 -1.073000000000000065e-01
1.927699999999999969e+00 1.109499999999999931e+00 -2.099999999999999784e-02 -1.043000000000000038e-01
2.091400000000000148e+00 1.109499999999999931e+00 -2.625000000000000250e-02 -1.006500000000000034e-01
2.254999999999999893e+00 1.109499999999999931e+00 -2.625000000000000250e-02 -9.884999999999999343e-02
2.418600000000000083e+00 1.109499999999999931e+00 -3.454999999999999738e-02 -9.625000000000000222e-02
2.582300000000000040e+00 1.109499999999999931e+00 -4.120000000000000051e-02 -1.068500000000000005e-01
2.745899999999999785e+00 1.109499999999999931e+00 -4.599999999999999922e-02 -1.031499999999999917e-01
2.909600000000000186e+00 1.109499999999999931e+00 -5.070000000000000201e-02 -1.068999999999999950e-01
3.073199999999999932e+00 1.109499999999999931e+00 -5.440000000000000391e-02 -1.036499999999999921e-01
3.236800000000000122e+00 1.109499999999999931e+00 -5.729999999999999677e-02 -9.110000000000000042e-02
3.400500000000000078e+00 1.109499999999999931e+00 -6.060000000000000109e-02 -8.849999999999999534e-02
3.564099999999999824e+00 1.109499999999999931e+00 -6.650000000000000355e-02 -8.705000000000000238e-02
3.727799999999999780e+00 1.109499999999999931e+00 -6.725000000000000422e-02 -9.900000000000000466e-02
3.891399999999999970e+00 1.109499999999999931e+00 -7.125000000000000777e-02 -6.920000000000001150e-02
4.055100000000000371e+00 1.109499999999999931e+00 -7.364999999999999325e-02 -7.560000000000000053e-02
4.218700000000000117e+00 1.109499999999999931e+00 -7.755000000000000782e-02 -1.072000000000000036e-01
4.382299999999999862e+00 1.109499999999999931e+00 -8.029999999999999638e-02 -1.136999999999999955e-01
4.546000000000000263e+00 1.109499999999999931e+00 -8.559999999999999554e-02 -8.669999999999999929e-02
4.709600000000000009e+00 1.109499999999999931e+00 -8.924999999999999600e-02 -9.120000000000000329e-02
4.873300000000000409e+00 1.109499999999999931e+00 -9.639999999999999958e-02 -8.834999999999999798e-02
5.036900000000000155e+00 1.109499999999999931e+00 -1.030000000000000082e-01 -1.106000000000000039e-01
5.200599999999999667e+00 1.109499999999999931e+00 -1.115000000000000019e-01 -9.240000000000000990e-02
5.364200000000000301e+00 1.109499999999999931e+00 -1.087000000000000050e-01 -6.020000000000000351e-02
5.527800000000000047e+00 1.109499999999999931e+00 -1.161000000000000087e-01 -6.700000000000000400e-02
5.691499999999999559e+00 1.109499999999999931e+00 -1.138500000000000068e-01 -3.034999999999999851e-02
5.855100000000000193e+00 1.109499999999999931e+00 -1.183000000000000163e-01 -5.485000000000000292e-02
6.018799999999999706e+00 1.109499999999999931e+00 -1.226500000000000090e-01 -4.515000000000000263e-02
6.182400000000000340e+00 1.109499999999999931e+00 -1.226000000000000006e-01 -3.219999999999999946e-02
6.346099999999999852e+00 1.109499999999999931e+00 -1.287000000000000088e-01 -2.514999999999999875e-02
6.509699999999999598e+00 1.109499999999999931e+00 -1.398500000000000021e-01 -4.660000000000000253e-02
6.673300000000000232e+00 1.109499999999999931e+00 -1.269000000000000128e-01 4.000000000000001818e-04
6.836999999999999744e+00 1.109499999999999931e+00 -1.273500000000000187e-01 1.099999999999999849e-03
7.000600000000000378e+00 1.109499999999999931e+00 -1.154000000000000026e-01 1.990000000000000102e-02
7.164299999999999891e+00 1.109499999999999931e+00 -1.164000000000000035e-01 2.330000000000000127e-02
7.327899999999999636e+00 1.109499999999999931e+00 -1.086499999999999966e-01 3.194999999999999923e-02
1.275999999999999912e-01 9.458999999999999631e-01 1.124999999999999958e-02 -8.820000000000000062e-02
2.913000000000000034e-01 9.458999999999999631e-01 1.055000000000000035e-02 -8.490000000000000324e-02
4.549000000000000266e-01 9.458999999999999631e-01 7.249999999999999500e-03 -9.220000000000000417e-02
6.186000000000000387e-01 9.458999999999999631e-01 1.569999999999999868e-02 -9.384999999999998899e-02
7.822000000000000064e-01 9.458999999999999631e-01 8.999999999999999320e-03 -9.915000000000000202e-02
9.458999999999999631e-01 9.458999999999999631e-01 5.500000000000001416e-04 -1.080500000000000071e-01
1.109499999999999931e+00 9.458999999999999631e-01 9.999999999999939493e-05 -1.067000000000000032e-01
1.273099999999999898e+00 9.458999999999999631e-01 -5.799999999999999600e-03 -1.076000000000000012e-01
1.436800000000000077e+00 9.458999999999999631e-01 -1.689999999999999836e-02 -1.126500000000000001e-01
1.600400000000000045e+00 9.458999999999999631e-01 -1.640000000000000138e-02 -1.236499999999999960e-01
1.764100000000000001e+00 9.458999999999999631e-01 -2.054999999999999882e-02 -1.251500000000000112e-01
1.927699999999999969e+00 9.458999999999999631e-01 -2.419999999999999929e-02 -1.239999999999999991e-01
2.091400000000000148e+00 9.458999999999999631e-01 -2.134999999999999745e-02 -1.022500000000000075e-01
2.254999999999999893e+00 9.458999999999999631e-01 -2.799999999999999711e-02 -1.106999999999999929e-01
2.418600000000000083e+00 9.458999999999999631e-01 -3.749999999999999861e-02 -1.276499999999999857e-01
2.582300000000000040e+00 9.458999999999999631e-01 -4.539999999999999591e-02 -1.256499999999999839e-01
2.745899999999999785e+00 9.458999999999999631e-01 -4.735000000000000320e-02 -1.126999999999999946e-01
2.909600000000000186e+00 9.458999999999999631e-01 -5.170000000000000290e-02 -1.139499999999999957e-01
3.073199999999999932e+00 9.458999999999999631e-01 -5.924999999999999711e-02 -1.274500000000000077e-01
3.236800000000000122e+00 9.458999999999999631e-01 -5.829999999999999766e-02 -1.133500000000000063e-01
3.400500000000000078e+00 9.458999999999999631e-01 -6.095000000000000417e-02 -1.172499999999999931e-01
3.564099999999999824e+00 9.458999999999999631e-01 -6.840000000000000246e-02 -1.293999999999999873e-01
3.727799999999999780e+00 9.458999999999999631e-01 -7.545000000000000318e-02 -9.815000000000000113e-02
3.891399999999999970e+00 9.458999999999999631e-01 -7.624999999999999833e-02 -7.710000000000000187e-02
4.055100000000000371e+00 9.458999999999999631e-01 -7.589999999999999525e-02 -1.070500000000000063e-01
4.218700000000000117e+00 9.458999999999999631e-01 -8.399999999999999134e-02 -1.010500000000000009e-01
4.382299999999999862e+00 9.458999999999999631e-01 -8.480000000000000038e-02 -1.524500000000000022e-01
4.546000000000000263e+00 9.458999999999999631e-01 -9.235000000000000153e-02 -1.119499999999999940e-01
4.709600000000000009e+00 9.458999999999999631e-01 -9.675000000000000266e-02 -1.125000000000000028e-01
4.873300000000000409e+00 9.458999999999999631e-01 -9.869999999999999607e-02 -8.965000000000000746e-02
5.036900000000000155e+00 9.458999999999999631e-01 -1.059500000000000025e-01 -1.040000000000000091e-01
5.200599999999999667e+00 9.458999999999999631e-01 -1.069500000000000034e-01 -6.195000000000000506e-02
5.364200000000000301e+00 9.458999999999999631e-01 -1.277999999999999969e-01 -8.929999999999999050e-02
5.527800000000000047e+00 9.458999999999999631e-01 -1.284500000000000086e-01 -9.090000000000000857e-02
5.691499999999999559e+00 9.458999999999999631e-01 -1.236499999999999960e-01 -4.649999999999999967e-02
5.855100000000000193e+00 9.458999999999999631e-01 -1.259000000000000119e-01 -4.630000000000000088e-02
6.018799999999999706e+00 9.458999999999999631e-01 -1.090500000000000080e-01 -1.400000000000000029e-02
6.182400000000000340e+00 9.458999999999999631e-01 -1.132500000000000034e-01 -7.150000000000000105e-03
6.346099999999999852e+00 9.458999999999999631e-01 -1.290999999999999925e-01 -2.060000000000000026e-02
6.509699999999999598e+00 9.458999999999999631e-01 -1.388500000000000012e-01 -2.070000000000000312e-02
6.673300000000000232e+00 9.458999999999999631e-01 -1.315000000000000058e-01 -5.350000000000000588e-03
6.836999999999999744e+00 9.458999999999999631e-01 -1.310000000000000053e-01 1.014999999999999930e-02
7.000600000000000378e+00 9.458999999999999631e-01 -1.188999999999999918e-01 2.564999999999999919e-02
7.164299999999999891e+00 9.458999999999999631e-01 -1.355000000000000093e-01 9.000000000000001055e-03
7.327899999999999636e+00 9.458999999999999631e-01 -1.370999999999999996e-01 7.499999999999997988e-04
1.275999999999999912e-01 7.822000000000000064e-01 1.164999999999999890e-02 -9.510000000000000397e-02
2.913000000000000034e-01 7.822000000000000064e-01 2.499999999999998751e-03 -9.959999999999999409e-02
4.549000000000000266e-01 7.822000000000000064e-01 7.199999999999999803e-03 -9.360000000000000264e-02
6.186000000000000387e-01 7.822000000000000064e-01 9.199999999999999845e-03 -9.734999999999999210e-02
7.822000000000000064e-01 7.822000000000000064e-01 5.400000000000000286e-03 -1.126000000000000056e-01
9.458999999999999631e-01 7.822000000000000064e-01 2.549999999999999316e-03 -1.245499999999999940e-01
1.109499999999999931e+00 7.822000000000000064e-01 3.249999999999999851e-03 -1.246500000000000108e-01
1.273099999999999898e+00 7.822000000000000064e-01 -8.349999999999999784e-03 -1.360500000000000043e-01
1.436800000000000077e+00 7.822000000000000064e-01 -1.070000000000000118e-02 -1.374000000000000221e-01
1.600400000000000045e+00 7.822000000000000064e-01 -1.434999999999999991e-02 -1.373499999999999999e-01
1.764100000000000001e+00 7.822000000000000064e-01 -2.179999999999999993e-02 -1.373499999999999999e-01
1.927699999999999969e+00 7.822000000000000064e-01 -2.935000000000000109e-02 -1.406999999999999917e-01
2.091400000000000148e+00 7.822000000000000064e-01 -3.065000000000000016e-02 -1.333000000000000018e-01
2.254999999999999893e+00 7.822000000000000064e-01 -4.075000000000000150e-02 -1.404500000000000193e-01
2.418600000000000083e+00 7.822000000000000064e-01 -4.514999999999999569e-02 -1.479499999999999982e-01
2.582300000000000040e+00 7.822000000000000064e-01 -5.100000000000000366e-02 -1.379000000000000226e-01
2.745899999999999785e+00 7.822000000000000064e-01 -5.455000000000000127e-02 -1.360000000000000098e-01
2.909600000000000186e+00 7.822000000000000064e-01 -5.965000000000000163e-02 -1.357499999999999818e-01
3.073199999999999932e+00 7.822000000000000064e-01 -6.155000000000000054e-02 -1.430500000000000105e-01
3.236800000000000122e+00 7.822000000000000064e-01 -6.579999999999999738e-02 -1.455000000000000182e-01
3.400500000000000078e+00 7.822000000000000064e-01 -6.070000000000000395e-02 -1.275000000000000022e-01
3.564099999999999824e+00 7.822000000000000064e-01 -7.670000000000000429e-02 -1.377499999999999836e-01
3.727799999999999780e+00 7.822000000000000064e-01 -7.434999999999999942e-02 -1.265999999999999903e-01
3.891399999999999970e+00 7.822000000000000064e-01 -7.930000000000000937e-02 -1.129000000000000004e-01
4.055100000000000371e+00 7.822000000000000064e-01 -7.960000000000000409e-02 -1.212499999999999967e-01
4.218700000000000117e+00 7.822000000000000064e-01 -8.349999999999999090e-02 -1.106000000000000039e-01
4.382299999999999862e+00 7.822000000000000064e-01 -7.939999999999999836e-02 -1.670499999999999763e-01
4.546000000000000263e+00 7.822000000000000064e-01 -9.579999999999999627e-02 -1.411000000000000032e-01
4.709600000000000009e+00 7.822000000000000064e-01 -9.944999999999999674e-02 -1.256499999999999839e-01
4.873300000000000409e+00 7.822000000000000064e-01 -1.018499999999999961e-01 -1.078999999999999959e-01
5.036900000000000155e+00 7.822000000000000064e-01 -1.078999999999999959e-01 -8.979999999999999094e-02
5.200599999999999667e+00 7.822000000000000064e-01 -1.201500000000000068e-01 -9.809999999999999276e-02
5.364200000000000301e+00 7.822000000000000064e-01 -1.260499999999999954e-01 -8.884999999999999842e-02
5.527800000000000047e+00 7.822000000000000064e-01 -1.185500000000000026e-01 -6.240000000000000407e-02
5.691499999999999559e+00 7.822000000000000064e-01 -1.167999999999999872e-01 -3.579999999999999849e-02
5.855100000000000193e+00 7.822000000000000064e-01 -1.213500000000000134e-01 -3.010000000000000175e-02
6.018799999999999706e+00 7.822000000000000064e-01 -1.090499999999999942e-01 -1.165000000000000063e-02
6.182400000000000340e+00 7.822000000000000064e-01 -1.085499999999999937e-01 -8.099999999999999561e-03
6.346099999999999852e+00 7.822000000000000064e-01 -1.179999999999999938e-01 -1.799999999999999864e-02
6.509699999999999598e+00 7.822000000000000064e-01 -1.300999999999999934e-01 -1.874999999999999931e-02
6.673300000000000232e+00 7.822000000000000064e-01 -1.285999999999999921e-01 -1.339999999999999872e-02
6.836999999999999744e+00 7.822000000000000064e-01 -1.310999999999999943e-01 -7.450000000000000025e-03
7.000600000000000378e+00 7.822000000000000064e-01 -1.301499999999999879e-01 6.500000000000000569e-03
7.164299999999999891e+00 7.822000000000000064e-01 -1.262500000000000011e-01 1.700000000000000122e-02
7.327899999999999636e+00 7.822000000000000064e-01 -1.158500000000000085e-01 3.540000000000000091e-02
1.275999999999999912e-01 6.186000000000000387e-01 1.025000000000000043e-02 -1.093500000000000028e-01
2.913000000000000034e-01 6.186000000000000387e-01 6.650000000000000529e-03 -1.173999999999999905e-01
4.549000000000000266e-01 6.186000000000000387e-01 8.650000000000001438e-03 -1.093999999999999972e-01
6.186000000000000387e-01 6.186000000000000387e-01 6.299999999999999177e-03 -1.207499999999999962e-01
7.822000000000000064e-01 6.186000000000000387e-01 3.449999999999999942e-03 -1.401499999999999968e-01
9.458999999999999631e-01 6.186000000000000387e-01 -8.000000000000003636e-04 -1.412499999999999867e-01
1.109499999999999931e+00 6.186000000000000387e-01 -1.050000000000000586e-03 -1.255999999999999894e-01
1.273099999999999898e+00 6.186000000000000387e-01 -9.199999999999999845e-03 -1.408499999999999752e-01
1.436800000000000077e+00 6.186000000000000387e-01 -1.345000000000000015e-02 -1.463499999999999801e-01
1.600400000000000045e+00 6.186000000000000387e-01 -1.969999999999999876e-02 -1.498499999999999832e-01
1.764100000000000001e+00 6.186000000000000387e-01 -2.290000000000000022e-02 -1.500499999999999889e-01
1.927699999999999969e+00 6.186000000000000387e-01 -2.969999999999999724e-02 -1.560499999999999943e-01
2.091400000000000148e+00 6.186000000000000387e-01 -3.099999999999999978e-02 -1.481000000000000094e-01
2.254999999999999893e+00 6.186000000000000387e-01 -4.124999999999999500e-02 -1.684499999999999886e-01
2.418600000000000083e+00 6.186000000000000387e-01 -4.619999999999999801e-02 -1.581000000000000183e-01
2.582300000000000040e+00 6.186000000000000387e-01 -5.304999999999999993e-02 -1.602999999999999980e-01
2.745899999999999785e+00 6.186000000000000387e-01 -5.665000000000000591e-02 -1.612500000000000044e-01
2.909600000000000186e+00 6.186000000000000387e-01 -6.335000000000000353e-02 -1.593499999999999917e-01
3.073199999999999932e+00 6.186000000000000387e-01 -6.654999999999999805e-02 -1.672500000000000098e-01
3.236800000000000122e+00 6.186000000000000387e-01 -6.615000000000000047e-02 -1.632000000000000117e-01
3.400500000000000078e+00 6.186000000000000387e-01 -7.040000000000000424e-02 -1.801999999999999991e-01
3.564099999999999824e+00 6.186000000000000387e-01 -7.910000000000000364e-02 -1.623999999999999888e-01
3.727799999999999780e+00 6.186000000000000387e-01 -8.244999999999999551e-02 -1.313000000000000000e-01
3.891399999999999970e+00 6.186000000000000387e-01 -8.749999999999999445e-02 -1.188000000000000028e-01
4.055100000000000371e+00 6.186000000000000387e-01 -8.125000000000000278e-02 -1.356499999999999928e-01
4.218700000000000117e+00 6.186000000000000387e-01 -8.089999999999999969e-02 -9.514999999999999847e-02
4.382299999999999862e+00 6.186000000000000387e-01 -8.444999999999999729e-02 -1.482999999999999874e-01
4.546000000000000263e+00 6.186000000000000387e-01 -9.470000000000000639e-02 -1.762000000000000233e-01
4.709600000000000009e+00 6.186000000000000387e-01 -9.145000000000000351e-02 -1.073500000000000010e-01
4.873300000000000409e+00 6.186000000000000387e-01 -9.509999999999999010e-02 -6.955000000000000071e-02
5.036900000000000155e+00 6.186000000000000387e-01 -1.099500000000000061e-01 -7.605000000000000648e-02
5.200599999999999667e+00 6.186000000000000387e-01 -1.156999999999999973e-01 -7.409999999999999920e-02
5.364200000000000301e+00 6.186000000000000387e-01 -1.111000000000000043e-01 -4.354999999999999843e-02
5.527800000000000047e+00 6.186000000000000387e-01 -9.695000000000000839e-02 -1.155000000000000124e-02
5.691499999999999559e+00 6.186000000000000387e-01 -9.265000000000001013e-02 -7.799999999999999642e-03
5.855100000000000193e+00 6.186000000000000387e-01 -9.570000000000000728e-02 -6.950000000000000448e-03
6.018799999999999706e+00 6.186000000000000387e-01 -1.015999999999999959e-01 -4.349999999999999700e-03
6.182400000000000340e+00 6.186000000000000387e-01 -1.035500000000000032e-01 -8.699999999999999400e-03
6.346099999999999852e+00 6.186000000000000387e-01 -1.136000000000000065e-01 -2.469999999999999973e-02
6.509699999999999598e+00 6.186000000000000387e-01 -1.053499999999999992e-01 -1.195000000000000055e-02
6.673300000000000232e+00 6.186000000000000387e-01 -1.078500000000000014e-01 -1.409999999999999969e-02
6.836999999999999744e+00 6.186000000000000387e-01 -1.073999999999999955e-01 -1.194999999999999882e-02
7.000600000000000378e+00 6.186000000000000387e-01 -1.010999999999999954e-01 1.160000000000000094e-02
7.164299999999999891e+00 6.186000000000000387e-01 -9.709999999999999187e-02 2.765000000000000097e-02
7.327899999999999636e+00 6.186000000000000387e-01 -8.899999999999999578e-02 5.190000000000000169e-02
1.275999999999999912e-01 4.549000000000000266e-01 9.600000000000000894e-03 -1.241000000000000020e-01
2.913000000000000034e-01 4.549000000000000266e-01 8.150000000000000994e-03 -1.256999999999999784e-01
4.549000000000000266e-01 4.549000000000000266e-01 7.649999999999999682e-03 -1.270499999999999963e-01
6.186000000000000387e-01 4.549000000000000266e-01 1.300000000000000808e-03 -1.329500000000000126e-01
7.822000000000000064e-01 4.549000000000000266e-01 -5.999999999999998390e-04 -1.398999999999999966e-01
9.458999999999999631e-01 4.549000000000000266e-01 -4.000000000000000083e-03 -1.542999999999999927e-01
1.109499999999999931e+00 4.549000000000000266e-01 -1.950000000000000344e-03 -1.486999999999999988e-01
1.273099999999999898e+00 4.549000000000000266e-01 -1.030000000000000013e-02 -1.513499999999999845e-01
1.436800000000000077e+00 4.549000000000000266e-01 -1.494999999999999975e-02 -1.719999999999999862e-01
1.600400000000000045e+00 4.549000000000000266e-01 -2.024999999999999717e-02 -1.773000000000000131e-01
1.764100000000000001e+00 4.549000000000000266e-01 -2.384999999999999967e-02 -1.801500000000000046e-01
1.927699999999999969e+00 4.549000000000000266e-01 -3.135000000000000286e-02 -1.778500000000000081e-01
2.091400000000000148e+00 4.549000000000000266e-01 -3.414999999999999980e-02 -1.654499999999999860e-01
2.254999999999999893e+00 4.549000000000000266e-01 -4.184999999999999831e-02 -1.788000000000000145e-01
2.418600000000000083e+00 4.549000000000000266e-01 -5.059999999999999915e-02 -1.823500000000000121e-01
2.582300000000000040e+00 4.549000000000000266e-01 -5.534999999999999643e-02 -1.774000000000000021e-01
2.745899999999999785e+00 4.549000000000000266e-01 -6.054999999999999966e-02 -1.930000000000000049e-01
2.909600000000000186e+00 4.549000000000000266e-01 -6.489999999999999936e-02 -2.038499999999999757e-01
3.073199999999999932e+00 4.549000000000000266e-01 -6.625000000000000333e-02 -1.932000000000000106e-01
3.236800000000000122e+00 4.549000000000000266e-01 -6.815000000000000224e-02 -1.950000000000000067e-01
3.400500000000000078e+00 4.549000000000000266e-01 -7.155000000000000249e-02 -1.955000000000000071e-01
3.564099999999999824e+00 4.549000000000000266e-01 -7.939999999999999836e-02 -2.063500000000000056e-01
3.727799999999999780e+00 4.549000000000000266e-01 -9.015000000000000790e-02 -1.776000000000000079e-01
3.891399999999999970e+00 4.549000000000000266e-01 -9.020000000000000240e-02 -1.232999999999999929e-01
4.055100000000000371e+00 4.549000000000000266e-01 -9.385000000000000286e-02 -1.376499999999999946e-01
4.218700000000000117e+00 4.549000000000000266e-01 -8.194999999999999507e-02 -1.310499999999999998e-01
4.382299999999999862e+00 4.549000000000000266e-01 -9.034999999999999976e-02 -2.032499999999999862e-01
4.546000000000000263e+00 4.549000000000000266e-01 -9.065000000000000835e-02 -2.124500000000000000e-01
4.709600000000000009e+00 4.549000000000000266e-01 -8.784999999999999754e-02 -2.137999999999999901e-01
4.873300000000000409e+00 4.549000000000000266e-01 -8.940000000000000724e-02 -6.489999999999999936e-02
5.036900000000000155e+00 4.549000000000000266e-01 -9.925000000000000488e-02 -5.120000000000000245e-02
5.200599999999999667e+00 4.549000000000000266e-01 -1.021999999999999992e-01 -4.359999999999999987e-02
5.364200000000000301e+00 4.549000000000000266e-01 -8.399999999999999134e-02 -2.679999999999999744e-02
5.527800000000000047e+00 4.549000000000000266e-01 -8.044999999999999374e-02 7.849999999999999339e-03
5.691499999999999559e+00 4.549000000000000266e-01 -7.739999999999999658e-02 -1.699999999999999255e-03
5.855100000000000193e+00 4.549000000000000266e-01 -9.249999999999999889e-02 -1.184999999999999942e-02
6.018799999999999706e+00 4.549000000000000266e-01 -9.460000000000000353e-02 -1.590000000000000094e-02
6.182400000000000340e+00 4.549000000000000266e-01 -7.375000000000000999e-02 2.349999999999999659e-03
6.346099999999999852e+00 4.549000000000000266e-01 -8.524999999999999245e-02 -3.049999999999999760e-03
6.509699999999999598e+00 4.549000000000000266e-01 -7.985000000000000431e-02 -9.249999999999999542e-03
6.673300000000000232e+00 4.549000000000000266e-01 -6.389999999999999847e-02 -7.599999999999999985e-03
6.836999999999999744e+00 4.549000000000000266e-01 -6.560000000000000553e-02 -3.000000000000000062e-03
7.000600000000000378e+00 4.549000000000000266e-01 -6.795000000000001039e-02 1.044999999999999922e-02
7.164299999999999891e+00 4.549000000000000266e-01 -6.934999999999999498e-02 2.995000000000000093e-02
7.327899999999999636e+00 4.549000000000000266e-01 -5.945000000000000284e-02 5.619999999999999996e-02
1.275999999999999912e-01 2.913000000000000034e-01 8.300000000000000086e-03 -1.323499999999999954e-01
2.913000000000000034e-01 2.913000000000000034e-01 2.249999999999999396e-03 -1.214500000000000024e-01
4.549000000000000266e-01 2.913000000000000034e-01 1.249999999999999375e-03 -1.223500000000000143e-01
6.186000000000000387e-01 2.913000000000000034e-01 -3.500000000000004843e-04 -1.376000000000000001e-01
7.822000000000000064e-01 2.913000000000000034e-01 -2.000000000000000909e-03 -1.577999999999999958e-01
9.458999999999999631e-01 2.913000000000000034e-01 -3.100000000000000325e-03 -1.653000000000000025e-01
1.109499999999999931e+00 2.913000000000000034e-01 -3.850000000000000124e-03 -1.628499999999999948e-01
1.273099999999999898e+00 2.913000000000000034e-01 -1.055000000000000035e-02 -1.776999999999999968e-01
1.436800000000000077e+00 2.913000000000000034e-01 -1.734999999999999737e-02 -1.949000000000000177e-01
1.600400000000000045e+00 2.913000000000000034e-01 -2.125000000000000153e-02 -1.936499999999999888e-01
1.764100000000000001e+00 2.913000000000000034e-01 -2.245000000000000120e-02 -1.945500000000000007e-01
1.927699999999999969e+00 2.913000000000000034e-01 -2.910000000000000087e-02 -1.945000000000000062e-01
2.091400000000000148e+00 2.913000000000000034e-01 -3.830000000000000071e-02 -2.006499999999999950e-01
2.254999999999999893e+00 2.913000000000000034e-01 -4.555000000000000021e-02 -1.995999999999999996e-01
2.418600000000000083e+00 2.913000000000000034e-01 -5.025000000000000300e-02 -2.096500000000000030e-01
2.582300000000000040e+00 2.913000000000000034e-01 -5.700000000000000205e-02 -2.190000000000000002e-01
2.745899999999999785e+00 2.913000000000000034e-01 -6.005000000000000615e-02 -2.160500000000000198e-01
2.909600000000000186e+00 2.913000000000000034e-01 -5.824999999999999623e-02 -2.205499999999999960e-01
3.073199999999999932e+00 2.913000000000000034e-01 -6.169999999999999790e-02 -2.196000000000000174e-01
3.236800000000000122e+00 2.913000000000000034e-01 -6.815000000000000224e-02 -2.092499999999999916e-01
3.400500000000000078e+00 2.913000000000000034e-01 -7.574999999999999789e-02 -2.023000000000000076e-01
3.564099999999999824e+00 2.913000000000000034e-01 -7.419999999999998819e-02 -2.222500000000000031e-01
3.727799999999999780e+00 2.913000000000000034e-01 -7.950000000000000122e-02 -2.027499999999999858e-01
3.891399999999999970e+00 2.913000000000000034e-01 -7.295000000000000095e-02 -1.662500000000000089e-01
4.055100000000000371e+00 2.913000000000000034e-01 -8.674999999999999378e-02 -1.536000000000000143e-01
4.218700000000000117e+00 2.913000000000000034e-01 -7.860000000000000320e-02 -1.089999999999999997e-01
4.382299999999999862e+00 2.913000000000000034e-01 -8.759999999999999731e-02 -1.317000000000000115e-01
4.546000000000000263e+00 2.913000000000000034e-01 -8.424999999999999156e-02 -1.060000000000000109e-01
4.709600000000000009e+00 2.913000000000000034e-01 -8.790000000000000591e-02 -1.995000000000000107e-01
4.873300000000000409e+00 2.913000000000000034e-01 -7.994999999999999329e-02 -2.759999999999999953e-02
5.036900000000000155e+00 2.913000000000000034e-01 -7.340000000000000691e-02 -1.924999999999999975e-02
5.200599999999999667e+00 2.913000000000000034e-01 -7.069999999999999896e-02 -8.150000000000000994e-03
5.364200000000000301e+00 2.913000000000000034e-01 -6.980000000000000093e-02 -6.599999999999999964e-03
5.527800000000000047e+00 2.913000000000000034e-01 -5.285000000000000114e-02 -4.950000000000000407e-03
5.691499999999999559e+00 2.913000000000000034e-01 -4.710000000000000298e-02 4.049999999999999781e-03
5.855100000000000193e+00 2.913000000000000034e-01 -3.454999999999999738e-02 4.550000000000000225e-03
6.018799999999999706e+00 2.913000000000000034e-01 -3.600000000000000422e-02 -3.749999999999999861e-03
6.182400000000000340e+00 2.913000000000000034e-01 -3.915000000000000424e-02 5.650000000000000508e-03
6.346099999999999852e+00 2.913000000000000034e-01 -3.559999999999999970e-02 -4.649999999999999620e-03
6.509699999999999598e+00 2.913000000000000034e-01 -3.980000000000000204e-02 -1.644999999999999934e-02
6.673300000000000232e+00 2.913000000000000034e-01 -3.930000000000000160e-02 -5.000000000000013115e-05
6.836999999999999744e+00 2.913000000000000034e-01 -4.359999999999999987e-02 7.949999999999998734e-03
7.000600000000000378e+00 2.913000000000000034e-01 -1.179999999999999973e-02 2.974999999999999867e-02
7.164299999999999891e+00 2.913000000000000034e-01 5.000000000000004441e-04 4.660000000000000253e-02
7.327899999999999636e+00 2.913000000000000034e-01 -2.124999999999999806e-02 4.529999999999999999e-02
1.275999999999999912e-01 1.275999999999999912e-01 6.800000000000000488e-03 -1.301999999999999824e-01
2.913000000000000034e-01 1.275999999999999912e-01 -3.900000000000000688e-03 -1.312500000000000056e-01
4.549000000000000266e-01 1.275999999999999912e-01 1.950000000000000344e-03 -1.420500000000000096e-01
6.186000000000000387e-01 1.275999999999999912e-01 -5.099999999999999499e-03 -1.408999999999999975e-01
7.822000000000000064e-01 1.275999999999999912e-01 -2.749999999999999840e-03 -1.597500000000000031e-01
9.458999999999999631e-01 1.275999999999999912e-01 -1.950000000000000344e-03 -1.727500000000000147e-01
1.109499999999999931e+00 1.275999999999999912e-01 -4.300000000000000003e-03 -1.634499999999999842e-01
1.273099999999999898e+00 1.275999999999999912e-01 -9.150000000000000147e-03 -1.863000000000000211e-01
1.436800000000000077e+00 1.275999999999999912e-01 -1.575000000000000011e-02 -2.062499999999999889e-01
1.600400000000000045e+00 1.275999999999999912e-01 -2.245000000000000120e-02 -2.029499999999999915e-01
1.764100000000000001e+00 1.275999999999999912e-01 -2.284999999999999878e-02 -2.216000000000000192e-01
1.927699999999999969e+00 1.275999999999999912e-01 -2.795000000000000262e-02 -2.112499999999999933e-01
2.091400000000000148e+00 1.275999999999999912e-01 -3.710000000000000103e-02 -2.183499999999999885e-01
2.254999999999999893e+00 1.275999999999999912e-01 -4.050000000000000128e-02 -2.169499999999999762e-01
2.418600000000000083e+00 1.275999999999999912e-01 -4.730000000000000177e-02 -2.233999999999999875e-01
2.582300000000000040e+00 1.275999999999999912e-01 -5.209999999999999354e-02 -2.305500000000000049e-01
2.745899999999999785e+00 1.275999999999999912e-01 -5.125000000000000389e-02 -2.348000000000000087e-01
2.909600000000000186e+00 1.275999999999999912e-01 -5.285000000000000114e-02 -2.211500000000000132e-01
3.073199999999999932e+00 1.275999999999999912e-01 -5.729999999999999677e-02 -2.154499999999999749e-01
3.236800000000000122e+00 1.275999999999999912e-01 -7.245000000000000051e-02 -2.046999999999999931e-01
3.400500000000000078e+00 1.275999999999999912e-01 -7.549999999999999767e-02 -2.164000000000000090e-01
3.564099999999999824e+00 1.275999999999999912e-01 -6.845000000000001084e-02 -2.253999999999999893e-01
3.727799999999999780e+00 1.275999999999999912e-01 -6.840000000000000246e-02 -2.147999999999999909e-01
3.891399999999999970e+00 1.275999999999999912e-01 -7.080000000000000182e-02 -1.847500000000000253e-01
4.055100000000000371e+00 1.275999999999999912e-01 -7.545000000000000318e-02 -1.552000000000000046e-01
4.218700000000000117e+00 1.275999999999999912e-01 -5.720000000000000084e-02 -4.370000000000000273e-02
4.382299999999999862e+00 1.275999999999999912e-01 -5.859999999999999931e-02 1.499999999999999598e-03
4.546000000000000263e+00 1.275999999999999912e-01 -5.920000000000000262e-02 -6.549999999999999399e-03
4.709600000000000009e+00 1.275999999999999912e-01 -6.845000000000001084e-02 -5.450000000000000677e-02
4.873300000000000409e+00 1.275999999999999912e-01 -6.969999999999999807e-02 -1.805000000000000007e-02
5.036900000000000155e+00 1.275999999999999912e-01 -6.339999999999999802e-02 -5.999999999999998390e-04
5.200599999999999667e+00 1.275999999999999912e-01 -3.144999999999999879e-02 3.915000000000000424e-02
5.364200000000000301e+00 1.275999999999999912e-01 -2.245000000000000120e-02 2.695000000000000173e-02
5.527800000000000047e+00 1.275999999999999912e-01 -2.324999999999999983e-02 1.605000000000000177e-02
5.691499999999999559e+00 1.275999999999999912e-01 -1.934999999999999915e-02 3.094999999999999835e-02
5.855100000000000193e+00 1.275999999999999912e-01 -1.675000000000000100e-02 3.364999999999999936e-02
6.018799999999999706e+00 1.275999999999999912e-01 -8.850000000000000228e-03 4.499999999999998793e-04
6.182400000000000340e+00 1.275999999999999912e-01 1.250000000000000243e-03 7.800000000000000509e-03
6.346099999999999852e+00 1.275999999999999912e-01 -1.154999999999999950e-02 1.739999999999999880e-02
6.509699999999999598e+00 1.275999999999999912e-01 -5.549999999999999378e-03 3.590000000000000135e-02
6.673300000000000232e+00 1.275999999999999912e-01 -1.379999999999999977e-02 3.064999999999999669e-02
6.836999999999999744e+00 1.275999999999999912e-01 7.199999999999999803e-03 4.730000000000000177e-02
7.000600000000000378e+00 1.275999999999999912e-01 9.600000000000000894e-03 4.170000000000000095e-02
7.164299999999999891e+00 1.275999999999999912e-01 6.749999999999999924e-03 4.585000000000000187e-02
7.327899999999999636e+00 1.275999999999999912e-01 5.999999999999999258e-03 4.700000000000000011e-02
