1.275999999999999912e-01 1.927699999999999969e+00 1.900000000000000647e-03 2.404999999999999846e-02
2.913000000000000034e-01 1.927699999999999969e+00 -2.550000000000000183e-03 2.520000000000000018e-02
4.549000000000000266e-01 1.927699999999999969e+00 -7.300000000000000933e-03 3.409999999999999837e-02
6.186000000000000387e-01 1.927699999999999969e+00 -2.110000000000000070e-02 3.830000000000000071e-02
7.822000000000000064e-01 1.927699999999999969e+00 -2.285000000000000225e-02 4.290000000000000063e-02
9.458999999999999631e-01 1.927699999999999969e+00 -1.699999999999999775e-02 3.940000000000000446e-02
1.109499999999999931e+00 1.927699999999999969e+00 -1.884999999999999870e-02 3.824999999999999928e-02
1.273099999999999898e+00 1.927699999999999969e+00 -1.745000000000000023e-02 3.814999999999999641e-02
1.436800000000000077e+00 1.927699999999999969e+00 -7.799999999999999642e-03 3.269999999999999990e-02
1.600400000000000045e+00 1.927699999999999969e+00 -2.005000000000000185e-02 4.515000000000000263e-02
1.764100000000000001e+00 1.927699999999999969e+00 -2.355000000000000149e-02 4.725000000000000033e-02
1.927699999999999969e+00 1.927699999999999969e+00 -8.949999999999999623e-03 3.515000000000000069e-02
2.091400000000000148e+00 1.927699999999999969e+00 -1.110000000000000049e-02 3.214999999999999802e-02
2.254999999999999893e+00 1.927699999999999969e+00 -4.449999999999999095e-03 3.280000000000000276e-02
2.418600000000000083e+00 1.927699999999999969e+00 -5.199999999999999761e-03 3.635000000000000037e-02
2.582300000000000040e+00 1.927699999999999969e+00 -5.099999999999999499e-03 3.679999999999999938e-02
2.745899999999999785e+00 1.927699999999999969e+00 -3.500000000000004843e-04 3.419999999999999429e-02
2.909600000000000186e+00 1.927699999999999969e+00 -3.199999999999999720e-03 3.690000000000000224e-02
3.073199999999999932e+00 1.927699999999999969e+00 -5.100000000000000366e-03 4.084999999999999742e-02
3.236800000000000122e+00 1.927699999999999969e+00 -4.249999999999999438e-03 4.245000000000000162e-02
3.400500000000000078e+00 1.927699999999999969e+00 6.500000000000004038e-04 4.334999999999999964e-02
3.564099999999999824e+00 1.927699999999999969e+00 3.700000000000000164e-03 4.245000000000000162e-02
3.727799999999999780e+00 1.927699999999999969e+00 5.900000000000000730e-03 3.914999999999999730e-02
3.891399999999999970e+00 1.927699999999999969e+00 1.250000000000000069e-02 3.635000000000000037e-02
4.055100000000000371e+00 1.927699999999999969e+00 1.180000000000000146e-02 4.105000000000000315e-02
4.218700000000000117e+00 1.927699999999999969e+00 8.550000000000000308e-03 4.920000000000000068e-02
4.382299999999999862e+00 1.927699999999999969e+00 1.370000000000000037e-02 4.214999999999999997e-02
4.546000000000000263e+00 1.927699999999999969e+00 2.514999999999999875e-02 3.660000000000000059e-02
4.709600000000000009e+00 1.927699999999999969e+00 2.425000000000000072e-02 3.925000000000000017e-02
4.873300000000000409e+00 1.927699999999999969e+00 2.290000000000000022e-02 3.864999999999999686e-02
5.036900000000000155e+00 1.927699999999999969e+00 2.800000000000000058e-02 3.434999999999999859e-02
5.200599999999999667e+00 1.927699999999999969e+00 2.584999999999999798e-02 3.379999999999999671e-02
5.364200000000000301e+00 1.927699999999999969e+00 3.014999999999999972e-02 2.974999999999999867e-02
5.527800000000000047e+00 1.927699999999999969e+00 2.935000000000000109e-02 2.709999999999999909e-02
5.691499999999999559e+00 1.927699999999999969e+00 2.980000000000000010e-02 3.039999999999999647e-02
5.855100000000000193e+00 1.927699999999999969e+00 2.989999999999999949e-02 2.324999999999999983e-02
6.018799999999999706e+00 1.927699999999999969e+00 3.545000000000000234e-02 2.079999999999999905e-02
6.182400000000000340e+00 1.927699999999999969e+00 3.699999999999999817e-02 1.954999999999999793e-02
6.346099999999999852e+00 1.927699999999999969e+00 3.450000000000000289e-02 1.995000000000000245e-02
6.509699999999999598e+00 1.927699999999999969e+00 4.254999999999999755e-02 1.030000000000000013e-02
6.673300000000000232e+00 1.927699999999999969e+00 4.124999999999999500e-02 9.100000000000000450e-03
6.836999999999999744e+00 1.927699999999999969e+00 4.315000000000000085e-02 4.250000000000000305e-03
7.000600000000000378e+00 1.927699999999999969e+00 4.410000000000000031e-02 1.500000000000000465e-03
7.164299999999999891e+00 1.927699999999999969e+00 4.540000000000000285e-02 -3.699999999999999730e-03
7.327899999999999636e+00 1.927699999999999969e+00 4.669999999999999846e-02 -8.000000000000000167e-03
1.275999999999999912e-01 1.764100000000000001e+00 -1.669999999999999957e-02 3.744999999999999718e-02
2.913000000000000034e-01 1.764100000000000001e+00 8.250000000000000389e-03 1.995000000000000245e-02
4.549000000000000266e-01 1.764100000000000001e+00 -8.000000000000000167e-03 2.990000000000000296e-02
6.186000000000000387e-01 1.764100000000000001e+00 -2.284999999999999878e-02 4.060000000000000414e-02
7.822000000000000064e-01 1.764100000000000001e+00 -1.194999999999999882e-02 3.975000000000000061e-02
9.458999999999999631e-01 1.764100000000000001e+00 -1.060000000000000005e-02 3.269999999999999990e-02
1.109499999999999931e+00 1.764100000000000001e+00 -2.044999999999999943e-02 4.464999999999999525e-02
1.273099999999999898e+00 1.764100000000000001e+00 -3.044999999999999790e-02 4.945000000000000090e-02
1.436800000000000077e+00 1.764100000000000001e+00 -2.174999999999999850e-02 4.680000000000000132e-02
1.600400000000000045e+00 1.764100000000000001e+00 -2.050000000000000086e-02 4.904999999999999638e-02
1.764100000000000001e+00 1.764100000000000001e+00 -2.185000000000000137e-02 4.859999999999999737e-02
1.927699999999999969e+00 1.764100000000000001e+00 -1.340000000000000045e-02 4.385000000000000009e-02
2.091400000000000148e+00 1.764100000000000001e+00 -1.850000000000000082e-03 3.219999999999999946e-02
2.254999999999999893e+00 1.764100000000000001e+00 -5.050000000000000669e-03 3.575000000000000400e-02
2.418600000000000083e+00 1.764100000000000001e+00 -1.064999999999999974e-02 4.164999999999999952e-02
2.582300000000000040e+00 1.764100000000000001e+00 -2.500000000000000486e-03 3.660000000000000059e-02
2.745899999999999785e+00 1.764100000000000001e+00 -4.000000000000000083e-03 3.855000000000000093e-02
2.909600000000000186e+00 1.764100000000000001e+00 -6.649999999999999661e-03 4.234999999999999876e-02
3.073199999999999932e+00 1.764100000000000001e+00 -6.299999999999999177e-03 4.245000000000000162e-02
3.236800000000000122e+00 1.764100000000000001e+00 2.950000000000000365e-03 3.944999999999999896e-02
3.400500000000000078e+00 1.764100000000000001e+00 4.550000000000000225e-03 4.189999999999999974e-02
3.564099999999999824e+00 1.764100000000000001e+00 7.700000000000000247e-03 4.449999999999999789e-02
3.727799999999999780e+00 1.764100000000000001e+00 6.350000000000000609e-03 4.410000000000000031e-02
3.891399999999999970e+00 1.764100000000000001e+00 9.700000000000000289e-03 4.214999999999999997e-02
4.055100000000000371e+00 1.764100000000000001e+00 1.064999999999999974e-02 4.535000000000000142e-02
4.218700000000000117e+00 1.764100000000000001e+00 1.345000000000000015e-02 5.079999999999999793e-02
4.382299999999999862e+00 1.764100000000000001e+00 1.904999999999999749e-02 4.610000000000000209e-02
4.546000000000000263e+00 1.764100000000000001e+00 2.394999999999999907e-02 4.245000000000000162e-02
4.709600000000000009e+00 1.764100000000000001e+00 2.529999999999999957e-02 4.420000000000000318e-02
4.873300000000000409e+00 1.764100000000000001e+00 2.634999999999999842e-02 4.320000000000000229e-02
5.036900000000000155e+00 1.764100000000000001e+00 3.180000000000000188e-02 3.619999999999999607e-02
5.200599999999999667e+00 1.764100000000000001e+00 2.984999999999999806e-02 3.640000000000000180e-02
5.364200000000000301e+00 1.764100000000000001e+00 2.945000000000000048e-02 3.515000000000000069e-02
5.527800000000000047e+00 1.764100000000000001e+00 3.039999999999999647e-02 3.545000000000000234e-02
5.691499999999999559e+00 1.764100000000000001e+00 3.710000000000000103e-02 2.989999999999999949e-02
5.855100000000000193e+00 1.764100000000000001e+00 3.629999999999999893e-02 2.720000000000000195e-02
6.018799999999999706e+00 1.764100000000000001e+00 3.749999999999999861e-02 2.314999999999999697e-02
6.182400000000000340e+00 1.764100000000000001e+00 3.944999999999999896e-02 2.065000000000000169e-02
6.346099999999999852e+00 1.764100000000000001e+00 3.710000000000000103e-02 2.139999999999999888e-02
6.509699999999999598e+00 1.764100000000000001e+00 4.349999999999999700e-02 1.524999999999999967e-02
6.673300000000000232e+00 1.764100000000000001e+00 4.775000000000000078e-02 7.800000000000000509e-03
6.836999999999999744e+00 1.764100000000000001e+00 4.750000000000000056e-02 4.050000000000000648e-03
7.000600000000000378e+00 1.764100000000000001e+00 4.870000000000000717e-02 -1.249999999999999809e-03
7.164299999999999891e+00 1.764100000000000001e+00 5.009999999999999870e-02 -5.949999999999999560e-03
7.327899999999999636e+00 1.764100000000000001e+00 4.464999999999999525e-02 -1.524999999999999967e-02
1.275999999999999912e-01 1.600400000000000045e+00 -1.965000000000000080e-02 4.130000000000000338e-02
2.913000000000000034e-01 1.600400000000000045e+00 -1.030000000000000013e-02 3.755000000000000004e-02
4.549000000000000266e-01 1.600400000000000045e+00 -2.009999999999999981e-02 4.340000000000000108e-02
6.186000000000000387e-01 1.600400000000000045e+00 -2.294999999999999818e-02 4.624999999999999944e-02
7.822000000000000064e-01 1.600400000000000045e+00 -1.045000000000000095e-02 4.030000000000000249e-02
9.458999999999999631e-01 1.600400000000000045e+00 -9.350000000000000672e-03 3.409999999999999837e-02
1.109499999999999931e+00 1.600400000000000045e+00 -1.409999999999999969e-02 3.465000000000000024e-02
1.273099999999999898e+00 1.600400000000000045e+00 -2.800000000000000058e-02 5.129999999999999838e-02
1.436800000000000077e+00 1.600400000000000045e+00 -2.009999999999999981e-02 5.029999999999999749e-02
1.600400000000000045e+00 1.600400000000000045e+00 -1.839999999999999969e-02 5.210000000000000742e-02
1.764100000000000001e+00 1.600400000000000045e+00 -1.955000000000000140e-02 5.484999999999999598e-02
1.927699999999999969e+00 1.600400000000000045e+00 -1.584999999999999951e-02 5.240000000000000213e-02
2.091400000000000148e+00 1.600400000000000045e+00 -3.899999999999998954e-03 4.180000000000000382e-02
2.254999999999999893e+00 1.600400000000000045e+00 -8.750000000000000833e-03 4.184999999999999831e-02
2.418600000000000083e+00 1.600400000000000045e+00 -6.899999999999999883e-03 3.490000000000000047e-02
2.582300000000000040e+00 1.600400000000000045e+00 -2.050000000000000606e-03 3.805000000000000049e-02
2.745899999999999785e+00 1.600400000000000045e+00 -3.700000000000000164e-03 4.240000000000000019e-02
2.909600000000000186e+00 1.600400000000000045e+00 -2.700000000000000143e-03 4.299999999999999656e-02
3.073199999999999932e+00 1.600400000000000045e+00 -1.550000000000000162e-03 4.439999999999999503e-02
3.236800000000000122e+00 1.600400000000000045e+00 4.199999999999999740e-03 4.299999999999999656e-02
3.400500000000000078e+00 1.600400000000000045e+00 -8.499999999999991937e-04 4.664999999999999702e-02
3.564099999999999824e+00 1.600400000000000045e+00 5.400000000000000286e-03 4.694999999999999868e-02
3.727799999999999780e+00 1.600400000000000045e+00 4.549999999999999357e-03 4.775000000000000078e-02
3.891399999999999970e+00 1.600400000000000045e+00 5.400000000000000286e-03 4.564999999999999614e-02
4.055100000000000371e+00 1.600400000000000045e+00 1.274999999999999918e-02 4.845000000000000001e-02
4.218700000000000117e+00 1.600400000000000045e+00 1.425000000000000051e-02 5.204999999999999905e-02
4.382299999999999862e+00 1.600400000000000045e+00 1.674999999999999753e-02 4.920000000000000068e-02
4.546000000000000263e+00 1.600400000000000045e+00 2.375000000000000028e-02 4.505000000000000671e-02
4.709600000000000009e+00 1.600400000000000045e+00 2.595000000000000084e-02 4.739999999999999769e-02
4.873300000000000409e+00 1.600400000000000045e+00 2.750000000000000014e-02 4.655000000000000110e-02
5.036900000000000155e+00 1.600400000000000045e+00 2.999999999999999889e-02 4.385000000000000009e-02
5.200599999999999667e+00 1.600400000000000045e+00 3.054999999999999730e-02 4.284999999999999920e-02
5.364200000000000301e+00 1.600400000000000045e+00 3.069999999999999812e-02 4.254999999999999755e-02
5.527800000000000047e+00 1.600400000000000045e+00 3.469999999999999474e-02 3.169999999999999901e-02
5.691499999999999559e+00 1.600400000000000045e+00 4.204999999999999710e-02 3.074999999999999956e-02
5.855100000000000193e+00 1.600400000000000045e+00 4.209999999999999853e-02 2.509999999999999731e-02
6.018799999999999706e+00 1.600400000000000045e+00 4.000000000000000083e-02 2.915000000000000230e-02
6.182400000000000340e+00 1.600400000000000045e+00 4.134999999999999787e-02 2.335000000000000270e-02
6.346099999999999852e+00 1.600400000000000045e+00 4.320000000000000229e-02 2.269999999999999796e-02
6.509699999999999598e+00 1.600400000000000045e+00 4.469999999999999668e-02 2.484999999999999709e-02
6.673300000000000232e+00 1.600400000000000045e+00 5.094999999999999529e-02 1.140000000000000041e-02
6.836999999999999744e+00 1.600400000000000045e+00 4.964999999999999969e-02 8.349999999999999784e-03
7.000600000000000378e+00 1.600400000000000045e+00 5.185000000000000026e-02 2.200000000000000133e-03
7.164299999999999891e+00 1.600400000000000045e+00 5.459999999999999576e-02 -6.649999999999999661e-03
7.327899999999999636e+00 1.600400000000000045e+00 5.080000000000000487e-02 -8.850000000000000228e-03
1.275999999999999912e-01 1.436800000000000077e+00 -2.334999999999999923e-02 4.920000000000000068e-02
2.913000000000000034e-01 1.436800000000000077e+00 -2.405000000000000193e-02 4.900000000000000189e-02
4.549000000000000266e-01 1.436800000000000077e+00 -2.475000000000000117e-02 5.375000000000000611e-02
6.186000000000000387e-01 1.436800000000000077e+00 -2.375000000000000028e-02 5.649999999999999467e-02
7.822000000000000064e-01 1.436800000000000077e+00 -1.864999999999999991e-02 5.075000000000000344e-02
9.458999999999999631e-01 1.436800000000000077e+00 -1.345000000000000015e-02 3.884999999999999565e-02
1.109499999999999931e+00 1.436800000000000077e+00 -1.805000000000000007e-02 5.294999999999999707e-02
1.273099999999999898e+00 1.436800000000000077e+00 -1.845000000000000112e-02 5.770000000000000129e-02
1.436800000000000077e+00 1.436800000000000077e+00 -1.519999999999999997e-02 5.480000000000000149e-02
1.600400000000000045e+00 1.436800000000000077e+00 -1.099999999999999936e-02 4.315000000000000085e-02
1.764100000000000001e+00 1.436800000000000077e+00 -2.560000000000000123e-02 6.205000000000000793e-02
1.927699999999999969e+00 1.436800000000000077e+00 -2.485000000000000056e-02 6.214999999999999691e-02
2.091400000000000148e+00 1.436800000000000077e+00 -1.680000000000000243e-02 5.670000000000000040e-02
2.254999999999999893e+00 1.436800000000000077e+00 -8.850000000000000228e-03 4.569999999999999757e-02
2.418600000000000083e+00 1.436800000000000077e+00 -1.669999999999999957e-02 5.740000000000000657e-02
2.582300000000000040e+00 1.436800000000000077e+00 -1.924999999999999975e-02 5.754999999999999699e-02
2.745899999999999785e+00 1.436800000000000077e+00 -7.800000000000000509e-03 5.134999999999999981e-02
2.909600000000000186e+00 1.436800000000000077e+00 -4.600000000000000790e-03 5.150000000000000411e-02
3.073199999999999932e+00 1.436800000000000077e+00 -4.700000000000000185e-03 5.284999999999999420e-02
3.236800000000000122e+00 1.436800000000000077e+00 -7.499999999999997988e-04 5.000000000000000278e-02
3.400500000000000078e+00 1.436800000000000077e+00 3.600000000000000769e-03 4.630000000000000088e-02
3.564099999999999824e+00 1.436800000000000077e+00 1.015000000000000104e-02 4.789999999999999813e-02
3.727799999999999780e+00 1.436800000000000077e+00 1.230000000000000017e-02 4.855000000000000288e-02
3.891399999999999970e+00 1.436800000000000077e+00 1.050000000000000065e-02 5.254999999999999949e-02
4.055100000000000371e+00 1.436800000000000077e+00 1.094999999999999966e-02 5.555000000000000215e-02
4.218700000000000117e+00 1.436800000000000077e+00 1.519999999999999997e-02 6.024999999999999800e-02
4.382299999999999862e+00 1.436800000000000077e+00 1.275000000000000092e-02 6.024999999999999800e-02
4.546000000000000263e+00 1.436800000000000077e+00 2.570000000000000062e-02 5.204999999999999905e-02
4.709600000000000009e+00 1.436800000000000077e+00 2.980000000000000010e-02 4.979999999999999705e-02
4.873300000000000409e+00 1.436800000000000077e+00 3.020000000000000115e-02 4.964999999999999969e-02
5.036900000000000155e+00 1.436800000000000077e+00 3.234999999999999681e-02 4.800000000000000100e-02
5.200599999999999667e+00 1.436800000000000077e+00 3.440000000000000002e-02 4.855000000000000288e-02
5.364200000000000301e+00 1.436800000000000077e+00 3.685000000000000081e-02 4.680000000000000132e-02
5.527800000000000047e+00 1.436800000000000077e+00 3.765000000000000291e-02 4.175000000000000239e-02
5.691499999999999559e+00 1.436800000000000077e+00 4.570000000000000451e-02 3.090000000000000038e-02
5.855100000000000193e+00 1.436800000000000077e+00 4.644999999999999823e-02 2.904999999999999943e-02
6.018799999999999706e+00 1.436800000000000077e+00 4.464999999999999525e-02 2.929999999999999966e-02
6.182400000000000340e+00 1.436800000000000077e+00 5.475000000000000699e-02 1.855000000000000052e-02
6.346099999999999852e+00 1.436800000000000077e+00 5.804999999999999744e-02 1.619999999999999912e-02
6.509699999999999598e+00 1.436800000000000077e+00 5.465000000000000413e-02 1.965000000000000080e-02
6.673300000000000232e+00 1.436800000000000077e+00 6.010000000000000064e-02 1.685000000000000039e-02
6.836999999999999744e+00 1.436800000000000077e+00 6.210000000000000242e-02 9.499999999999999764e-03
7.000600000000000378e+00 1.436800000000000077e+00 6.319999999999999230e-02 -5.199999999999999761e-03
7.164299999999999891e+00 1.436800000000000077e+00 6.310000000000000331e-02 -7.749999999999999944e-03
7.327899999999999636e+00 1.436800000000000077e+00 5.949999999999999734e-02 -7.700000000000000247e-03
1.275999999999999912e-01 1.273099999999999898e+00 -3.039999999999999994e-02 6.035000000000000087e-02
2.913000000000000034e-01 1.273099999999999898e+00 -3.434999999999999859e-02 6.070000000000000395e-02
4.549000000000000266e-01 1.273099999999999898e+00 -1.975000000000000019e-02 5.664999999999999203e-02
6.186000000000000387e-01 1.273099999999999898e+00 -2.675000000000000294e-02 5.874999999999999667e-02
7.822000000000000064e-01 1.273099999999999898e+00 -3.169999999999999901e-02 6.575000000000000289e-02
9.458999999999999631e-01 1.273099999999999898e+00 -3.080000000000000099e-02 6.124999999999999889e-02
1.109499999999999931e+00 1.273099999999999898e+00 -2.350000000000000006e-02 5.594999999999999973e-02
1.273099999999999898e+00 1.273099999999999898e+00 -2.369999999999999885e-02 6.284999999999998921e-02
1.436800000000000077e+00 1.273099999999999898e+00 -2.394999999999999907e-02 6.704999999999999849e-02
1.600400000000000045e+00 1.273099999999999898e+00 -2.440000000000000155e-02 6.775000000000000466e-02
1.764100000000000001e+00 1.273099999999999898e+00 -2.450000000000000094e-02 6.709999999999999298e-02
1.927699999999999969e+00 1.273099999999999898e+00 -1.734999999999999737e-02 6.379999999999999560e-02
2.091400000000000148e+00 1.273099999999999898e+00 -1.250000000000000069e-02 6.260000000000000286e-02
2.254999999999999893e+00 1.273099999999999898e+00 -6.550000000000000266e-03 5.070000000000000201e-02
2.418600000000000083e+00 1.273099999999999898e+00 -1.549999999999999989e-02 6.270000000000000573e-02
2.582300000000000040e+00 1.273099999999999898e+00 -1.480000000000000066e-02 5.890000000000000097e-02
2.745899999999999785e+00 1.273099999999999898e+00 -1.389999999999999916e-02 6.029999999999999943e-02
2.909600000000000186e+00 1.273099999999999898e+00 -1.375000000000000180e-02 6.414999999999999869e-02
3.073199999999999932e+00 1.273099999999999898e+00 -1.055000000000000035e-02 6.389999999999999847e-02
3.236800000000000122e+00 1.273099999999999898e+00 2.000000000000000042e-03 5.190000000000000169e-02
3.400500000000000078e+00 1.273099999999999898e+00 8.250000000000000389e-03 4.639999999999999680e-02
3.564099999999999824e+00 1.273099999999999898e+00 1.080000000000000057e-02 4.820000000000000673e-02
3.727799999999999780e+00 1.273099999999999898e+00 1.209999999999999964e-02 5.410000000000000225e-02
3.891399999999999970e+00 1.273099999999999898e+00 1.244999999999999926e-02 5.895000000000000240e-02
4.055100000000000371e+00 1.273099999999999898e+00 2.009999999999999981e-02 5.745000000000000107e-02
4.218700000000000117e+00 1.273099999999999898e+00 1.650000000000000078e-02 6.015000000000000208e-02
4.382299999999999862e+00 1.273099999999999898e+00 1.889999999999999666e-02 6.095000000000000417e-02
4.546000000000000263e+00 1.273099999999999898e+00 2.444999999999999951e-02 6.089999999999999580e-02
4.709600000000000009e+00 1.273099999999999898e+00 3.105000000000000121e-02 5.985000000000000042e-02
4.873300000000000409e+00 1.273099999999999898e+00 2.914999999999999883e-02 6.320000000000000617e-02
5.036900000000000155e+00 1.273099999999999898e+00 3.064999999999999669e-02 6.124999999999999889e-02
5.200599999999999667e+00 1.273099999999999898e+00 3.760000000000000148e-02 5.599999999999999423e-02
5.364200000000000301e+00 1.273099999999999898e+00 4.655000000000000110e-02 4.339999999999999414e-02
5.527800000000000047e+00 1.273099999999999898e+00 4.895000000000000739e-02 3.899999999999999994e-02
5.691499999999999559e+00 1.273099999999999898e+00 5.025000000000000300e-02 3.930000000000000160e-02
5.855100000000000193e+00 1.273099999999999898e+00 5.274999999999999828e-02 3.395000000000000101e-02
6.018799999999999706e+00 1.273099999999999898e+00 5.434999999999999554e-02 3.019999999999999768e-02
6.182400000000000340e+00 1.273099999999999898e+00 5.895000000000000240e-02 2.699999999999999623e-02
6.346099999999999852e+00 1.273099999999999898e+00 6.514999999999999958e-02 3.110000000000000264e-02
6.509699999999999598e+00 1.273099999999999898e+00 6.404999999999999583e-02 2.879999999999999921e-02
6.673300000000000232e+00 1.273099999999999898e+00 6.654999999999999805e-02 1.824999999999999886e-02
6.836999999999999744e+00 1.273099999999999898e+00 7.660000000000000142e-02 1.000000000000000021e-02
7.000600000000000378e+00 1.273099999999999898e+00 7.814999999999999725e-02 -2.250000000000000264e-03
7.164299999999999891e+00 1.273099999999999898e+00 7.825000000000000011e-02 -1.379999999999999977e-02
7.327899999999999636e+00 1.273099999999999898e+00 6.900000000000000577e-02 -1.345000000000000015e-02
1.275999999999999912e-01 1.109499999999999931e+00 -3.325000000000000178e-02 7.055000000000000160e-02
2.913000000000000034e-01 1.109499999999999931e+00 -3.320000000000000034e-02 6.944999999999999785e-02
4.549000000000000266e-01 1.109499999999999931e+00 -3.429999999999999716e-02 7.205000000000000293e-02
6.186000000000000387e-01 1.109499999999999931e+00 -3.010000000000000175e-02 7.099999999999999367e-02
7.822000000000000064e-01 1.109499999999999931e+00 -2.744999999999999871e-02 7.330000000000000404e-02
9.458999999999999631e-01 1.109499999999999931e+00 -2.954999999999999988e-02 7.245000000000000051e-02
1.109499999999999931e+00 1.109499999999999931e+00 -2.779999999999999832e-02 7.300000000000000933e-02
1.273099999999999898e+00 1.109499999999999931e+00 -2.085000000000000048e-02 6.884999999999999454e-02
1.436800000000000077e+00 1.109499999999999931e+00 -2.375000000000000028e-02 7.370000000000000162e-02
1.600400000000000045e+00 1.109499999999999931e+00 -2.410000000000000336e-02 7.580000000000000626e-02
1.764100000000000001e+00 1.109499999999999931e+00 -2.199999999999999872e-02 7.309999999999999831e-02
1.927699999999999969e+00 1.109499999999999931e+00 -1.615000000000000116e-02 7.134999999999999676e-02
2.091400000000000148e+00 1.109499999999999931e+00 -1.329999999999999932e-02 7.025000000000000688e-02
2.254999999999999893e+00 1.109499999999999931e+00 -5.100000000000000366e-03 5.519999999999999907e-02
2.418600000000000083e+00 1.109499999999999931e+00 -1.049999999999999892e-02 6.525000000000000244e-02
2.582300000000000040e+00 1.109499999999999931e+00 -9.650000000000000591e-03 6.640000000000000069e-02
2.745899999999999785e+00 1.109499999999999931e+00 -5.300000000000000024e-03 5.850000000000000339e-02
2.909600000000000186e+00 1.109499999999999931e+00 -7.049999999999999843e-03 6.800000000000000488e-02
3.073199999999999932e+00 1.109499999999999931e+00 -5.749999999999999903e-03 5.974999999999999756e-02
3.236800000000000122e+00 1.109499999999999931e+00 2.400000000000000223e-03 5.754999999999999699e-02
3.400500000000000078e+00 1.109499999999999931e+00 4.999999999999999237e-03 5.639999999999999875e-02
3.564099999999999824e+00 1.109499999999999931e+00 7.349999999999999763e-03 5.605000000000000260e-02
3.727799999999999780e+00 1.109499999999999931e+00 2.299999999999999094e-03 6.404999999999999583e-02
3.891399999999999970e+00 1.109499999999999931e+00 1.055000000000000035e-02 6.345000000000000639e-02
4.055100000000000371e+00 1.109499999999999931e+00 1.524999999999999967e-02 6.489999999999999936e-02
4.218700000000000117e+00 1.109499999999999931e+00 1.630000000000000199e-02 7.355000000000000426e-02
4.382299999999999862e+00 1.109499999999999931e+00 1.980000000000000163e-02 7.234999999999999765e-02
4.546000000000000263e+00 1.109499999999999931e+00 2.450000000000000094e-02 6.945000000000001172e-02
4.709600000000000009e+00 1.109499999999999931e+00 2.825000000000000080e-02 7.339999999999999303e-02
4.873300000000000409e+00 1.109499999999999931e+00 3.049999999999999933e-02 7.574999999999999789e-02
5.036900000000000155e+00 1.109499999999999931e+00 3.504999999999999782e-02 7.495000000000000273e-02
5.200599999999999667e+00 1.109499999999999931e+00 3.994999999999999940e-02 7.099999999999999367e-02
5.364200000000000301e+00 1.109499999999999931e+00 5.094999999999999529e-02 5.559999999999999665e-02
5.527800000000000047e+00 1.109499999999999931e+00 5.670000000000000040e-02 5.425000000000000655e-02
5.691499999999999559e+00 1.109499999999999931e+00 5.939999999999999447e-02 4.739999999999999769e-02
5.855100000000000193e+00 1.109499999999999931e+00 6.049999999999999822e-02 4.860000000000000431e-02
6.018799999999999706e+00 1.109499999999999931e+00 6.199999999999999956e-02 4.014999999999999819e-02
6.182400000000000340e+00 1.109499999999999931e+00 7.119999999999999940e-02 3.894999999999999851e-02
6.346099999999999852e+00 1.109499999999999931e+00 7.174999999999999434e-02 4.279999999999999777e-02
6.509699999999999598e+00 1.109499999999999931e+00 7.724999999999999922e-02 3.724999999999999839e-02
6.673300000000000232e+00 1.109499999999999931e+00 8.505000000000000060e-02 2.359999999999999945e-02
6.836999999999999744e+00 1.109499999999999931e+00 9.065000000000000835e-02 1.000000000000000021e-02
7.000600000000000378e+00 1.109499999999999931e+00 9.470000000000000639e-02 5.500000000000000331e-04
7.164299999999999891e+00 1.109499999999999931e+00 9.595000000000000751e-02 -7.100000000000000408e-03
7.327899999999999636e+00 1.109499999999999931e+00 8.340000000000000191e-02 -1.689999999999999836e-02
1.275999999999999912e-01 9.458999999999999631e-01 -3.930000000000000160e-02 9.090000000000000857e-02
2.913000000000000034e-01 9.458999999999999631e-01 -3.594999999999999585e-02 8.500000000000000611e-02
4.549000000000000266e-01 9.458999999999999631e-01 -4.034999999999999698e-02 8.930000000000000437e-02
6.186000000000000387e-01 9.458999999999999631e-01 -2.849999999999999756e-02 8.000000000000000167e-02
7.822000000000000064e-01 9.458999999999999631e-01 -3.275000000000000133e-02 8.035000000000000475e-02
9.458999999999999631e-01 9.458999999999999631e-01 -3.259999999999999704e-02 9.339999999999999691e-02
1.109499999999999931e+00 9.458999999999999631e-01 -2.784999999999999976e-02 8.685000000000001052e-02
1.273099999999999898e+00 9.458999999999999631e-01 -3.624999999999999750e-02 8.665000000000000480e-02
1.436800000000000077e+00 9.458999999999999631e-01 -3.620000000000000301e-02 9.134999999999998677e-02
1.600400000000000045e+00 9.458999999999999631e-01 -2.974999999999999867e-02 9.500000000000000111e-02
1.764100000000000001e+00 9.458999999999999631e-01 -2.014999999999999777e-02 9.295000000000000484e-02
1.927699999999999969e+00 9.458999999999999631e-01 -1.665000000000000160e-02 9.425000000000000044e-02
2.091400000000000148e+00 9.458999999999999631e-01 -9.299999999999999239e-03 7.514999999999999458e-02
2.254999999999999893e+00 9.458999999999999631e-01 -1.950000000000000344e-03 6.279999999999999472e-02
2.418600000000000083e+00 9.458999999999999631e-01 -9.749999999999999986e-03 6.980000000000000093e-02
2.582300000000000040e+00 9.458999999999999631e-01 -1.014999999999999930e-02 7.214999999999999192e-02
2.745899999999999785e+00 9.458999999999999631e-01 -6.449999999999999137e-03 6.609999999999999210e-02
2.909600000000000186e+00 9.458999999999999631e-01 -4.549999999999999357e-03 7.109999999999999654e-02
3.073199999999999932e+00 9.458999999999999631e-01 -1.799999999999999517e-03 7.514999999999999458e-02
3.236800000000000122e+00 9.458999999999999631e-01 2.150000000000000001e-03 6.984999999999999543e-02
3.400500000000000078e+00 9.458999999999999631e-01 3.650000000000000466e-03 5.815000000000000724e-02
3.564099999999999824e+00 9.458999999999999631e-01 4.999999999999995767e-04 7.205000000000000293e-02
3.727799999999999780e+00 9.458999999999999631e-01 9.650000000000000591e-03 7.000000000000000666e-02
3.891399999999999970e+00 9.458999999999999631e-01 1.505000000000000088e-02 6.914999999999998925e-02
4.055100000000000371e+00 9.458999999999999631e-01 1.690000000000000183e-02 7.795000000000000540e-02
4.218700000000000117e+00 9.458999999999999631e-01 1.965000000000000080e-02 8.285000000000000697e-02
4.382299999999999862e+00 9.458999999999999631e-01 1.679999999999999896e-02 8.809999999999999776e-02
4.546000000000000263e+00 9.458999999999999631e-01 2.564999999999999919e-02 8.165000000000000036e-02
4.709600000000000009e+00 9.458999999999999631e-01 3.690000000000000224e-02 8.640000000000000457e-02
4.873300000000000409e+00 9.458999999999999631e-01 4.009999999999999676e-02 7.785000000000000253e-02
5.036900000000000155e+00 9.458999999999999631e-01 4.435000000000000053e-02 7.005000000000000115e-02
5.200599999999999667e+00 9.458999999999999631e-01 5.384999999999999509e-02 6.690000000000000113e-02
5.364200000000000301e+00 9.458999999999999631e-01 5.630000000000000282e-02 6.370000000000000662e-02
5.527800000000000047e+00 9.458999999999999631e-01 6.295000000000000595e-02 6.174999999999999933e-02
5.691499999999999559e+00 9.458999999999999631e-01 7.694999999999999063e-02 5.169999999999999596e-02
5.855100000000000193e+00 9.458999999999999631e-01 7.825000000000000011e-02 5.369999999999999774e-02
6.018799999999999706e+00 9.458999999999999631e-01 8.679999999999998828e-02 4.030000000000000249e-02
6.182400000000000340e+00 9.458999999999999631e-01 8.804999999999998939e-02 3.969999999999999918e-02
6.346099999999999852e+00 9.458999999999999631e-01 9.095000000000000306e-02 3.869999999999999829e-02
6.509699999999999598e+00 9.458999999999999631e-01 1.006500000000000034e-01 4.520000000000000406e-02
6.673300000000000232e+00 9.458999999999999631e-01 1.104999999999999871e-01 3.429999999999999716e-02
6.836999999999999744e+00 9.458999999999999631e-01 1.123999999999999999e-01 1.870000000000000134e-02
7.000600000000000378e+00 9.458999999999999631e-01 1.111999999999999933e-01 9.249999999999999542e-03
7.164299999999999891e+00 9.458999999999999631e-01 1.088000000000000078e-01 1.945000000000000201e-02
7.327899999999999636e+00 9.458999999999999631e-01 8.910000000000001252e-02 3.760000000000000148e-02
1.275999999999999912e-01 7.822000000000000064e-01 -3.520000000000000212e-02 1.000500000000000000e-01
2.913000000000000034e-01 7.822000000000000064e-01 -6.110000000000000153e-02 1.152499999999999913e-01
4.549000000000000266e-01 7.822000000000000064e-01 -4.309999999999999942e-02 1.038999999999999924e-01
6.186000000000000387e-01 7.822000000000000064e-01 -3.525000000000000355e-02 9.850000000000000422e-02
7.822000000000000064e-01 7.822000000000000064e-01 -3.930000000000000160e-02 1.030000000000000082e-01
9.458999999999999631e-01 7.822000000000000064e-01 -3.874999999999999972e-02 1.147999999999999993e-01
1.109499999999999931e+00 7.822000000000000064e-01 -3.504999999999999782e-02 1.075000000000000122e-01
1.273099999999999898e+00 7.822000000000000064e-01 -3.805000000000000049e-02 1.130000000000000032e-01
1.436800000000000077e+00 7.822000000000000064e-01 -3.504999999999999782e-02 1.137499999999999900e-01
1.600400000000000045e+00 7.822000000000000064e-01 -2.795000000000000262e-02 1.108500000000000041e-01
1.764100000000000001e+00 7.822000000000000064e-01 -2.394999999999999907e-02 1.105499999999999955e-01
1.927699999999999969e+00 7.822000000000000064e-01 -2.485000000000000056e-02 1.107999999999999957e-01
2.091400000000000148e+00 7.822000000000000064e-01 -6.200000000000000649e-03 8.774999999999999467e-02
2.254999999999999893e+00 7.822000000000000064e-01 -2.299999999999999961e-03 7.639999999999999569e-02
2.418600000000000083e+00 7.822000000000000064e-01 -1.994999999999999898e-02 1.010999999999999954e-01
2.582300000000000040e+00 7.822000000000000064e-01 6.500000000000004038e-04 8.444999999999999729e-02
2.745899999999999785e+00 7.822000000000000064e-01 6.000000000000007064e-04 7.995000000000000717e-02
2.909600000000000186e+00 7.822000000000000064e-01 2.250000000000000264e-03 8.260000000000000675e-02
3.073199999999999932e+00 7.822000000000000064e-01 1.749999999999999820e-03 8.624999999999999334e-02
3.236800000000000122e+00 7.822000000000000064e-01 3.449999999999999074e-03 7.774999999999999967e-02
3.400500000000000078e+00 7.822000000000000064e-01 9.000000000000006259e-04 7.744999999999999107e-02
3.564099999999999824e+00 7.822000000000000064e-01 3.150000000000000022e-03 8.025000000000000189e-02
3.727799999999999780e+00 7.822000000000000064e-01 1.499999999999999944e-02 7.639999999999999569e-02
3.891399999999999970e+00 7.822000000000000064e-01 1.615000000000000116e-02 8.204999999999999793e-02
4.055100000000000371e+00 7.822000000000000064e-01 2.075000000000000108e-02 8.879999999999999005e-02
4.218700000000000117e+00 7.822000000000000064e-01 2.294999999999999818e-02 9.059999999999999998e-02
4.382299999999999862e+00 7.822000000000000064e-01 1.795000000000000068e-02 1.026999999999999857e-01
4.546000000000000263e+00 7.822000000000000064e-01 3.019999999999999768e-02 1.024499999999999994e-01
4.709600000000000009e+00 7.822000000000000064e-01 4.410000000000000031e-02 9.329999999999999405e-02
4.873300000000000409e+00 7.822000000000000064e-01 5.774999999999999578e-02 8.845000000000000084e-02
5.036900000000000155e+00 7.822000000000000064e-01 6.099999999999999867e-02 8.799999999999999489e-02
5.200599999999999667e+00 7.822000000000000064e-01 6.959999999999999520e-02 7.904999999999999527e-02
5.364200000000000301e+00 7.822000000000000064e-01 7.975000000000000144e-02 7.739999999999999658e-02
5.527800000000000047e+00 7.822000000000000064e-01 7.245000000000000051e-02 7.845000000000000584e-02
5.691499999999999559e+00 7.822000000000000064e-01 8.640000000000000457e-02 6.654999999999999805e-02
5.855100000000000193e+00 7.822000000000000064e-01 9.439999999999999780e-02 5.780000000000000415e-02
6.018799999999999706e+00 7.822000000000000064e-01 1.040999999999999981e-01 4.789999999999999813e-02
6.182400000000000340e+00 7.822000000000000064e-01 1.074999999999999983e-01 5.140000000000000124e-02
6.346099999999999852e+00 7.822000000000000064e-01 1.050500000000000045e-01 5.590000000000000524e-02
6.509699999999999598e+00 7.822000000000000064e-01 1.234000000000000097e-01 5.670000000000000040e-02
6.673300000000000232e+00 7.822000000000000064e-01 1.340999999999999970e-01 4.730000000000000177e-02
6.836999999999999744e+00 7.822000000000000064e-01 1.408999999999999975e-01 3.525000000000000355e-02
7.000600000000000378e+00 7.822000000000000064e-01 1.497999999999999887e-01 1.400000000000000029e-02
7.164299999999999891e+00 7.822000000000000064e-01 1.321499999999999897e-01 2.720000000000000195e-02
7.327899999999999636e+00 7.822000000000000064e-01 1.375000000000000111e-01 -4.674999999999999989e-02
1.275999999999999912e-01 6.186000000000000387e-01 -3.805000000000000049e-02 1.208499999999999991e-01
2.913000000000000034e-01 6.186000000000000387e-01 -6.410000000000000420e-02 1.260999999999999899e-01
4.549000000000000266e-01 6.186000000000000387e-01 -5.260000000000000092e-02 1.216500000000000081e-01
6.186000000000000387e-01 6.186000000000000387e-01 -4.240000000000000019e-02 1.250999999999999890e-01
7.822000000000000064e-01 6.186000000000000387e-01 -4.349999999999999700e-02 1.295999999999999930e-01
9.458999999999999631e-01 6.186000000000000387e-01 -4.145000000000000073e-02 1.298499999999999932e-01
1.109499999999999931e+00 6.186000000000000387e-01 -3.520000000000000212e-02 1.213999999999999940e-01
1.273099999999999898e+00 6.186000000000000387e-01 -4.030000000000000249e-02 1.240999999999999881e-01
1.436800000000000077e+00 6.186000000000000387e-01 -4.234999999999999876e-02 1.289000000000000146e-01
1.600400000000000045e+00 6.186000000000000387e-01 -3.234999999999999681e-02 1.285499999999999976e-01
1.764100000000000001e+00 6.186000000000000387e-01 -3.314999999999999891e-02 1.293500000000000205e-01
1.927699999999999969e+00 6.186000000000000387e-01 -3.175000000000000044e-02 1.227499999999999980e-01
2.091400000000000148e+00 6.186000000000000387e-01 -1.770000000000000046e-02 1.134000000000000008e-01
2.254999999999999893e+00 6.186000000000000387e-01 -1.424999999999999878e-02 1.174499999999999988e-01
2.418600000000000083e+00 6.186000000000000387e-01 -9.999999999999998473e-03 1.141999999999999960e-01
2.582300000000000040e+00 6.186000000000000387e-01 1.899999999999998912e-03 1.002500000000000058e-01
2.745899999999999785e+00 6.186000000000000387e-01 -6.200000000000000649e-03 1.107500000000000012e-01
2.909600000000000186e+00 6.186000000000000387e-01 9.050000000000000752e-03 9.729999999999999760e-02
3.073199999999999932e+00 6.186000000000000387e-01 3.900000000000000688e-03 1.003499999999999948e-01
3.236800000000000122e+00 6.186000000000000387e-01 8.649999999999999703e-03 9.504999999999999560e-02
3.400500000000000078e+00 6.186000000000000387e-01 1.115000000000000019e-02 8.565000000000000391e-02
3.564099999999999824e+00 6.186000000000000387e-01 1.789999999999999925e-02 8.820000000000000062e-02
3.727799999999999780e+00 6.186000000000000387e-01 2.104999999999999927e-02 8.885000000000001230e-02
3.891399999999999970e+00 6.186000000000000387e-01 2.360000000000000292e-02 9.485000000000000375e-02
4.055100000000000371e+00 6.186000000000000387e-01 3.214999999999999802e-02 9.324999999999999956e-02
4.218700000000000117e+00 6.186000000000000387e-01 3.445000000000000145e-02 9.834999999999999298e-02
4.382299999999999862e+00 6.186000000000000387e-01 3.214999999999999802e-02 1.108500000000000041e-01
4.546000000000000263e+00 6.186000000000000387e-01 3.765000000000000291e-02 1.242000000000000048e-01
4.709600000000000009e+00 6.186000000000000387e-01 4.829999999999999571e-02 1.055999999999999994e-01
4.873300000000000409e+00 6.186000000000000387e-01 7.094999999999999918e-02 9.700000000000000289e-02
5.036900000000000155e+00 6.186000000000000387e-01 7.430000000000000493e-02 1.005999999999999950e-01
5.200599999999999667e+00 6.186000000000000387e-01 8.659999999999999643e-02 8.759999999999999731e-02
5.364200000000000301e+00 6.186000000000000387e-01 9.509999999999999010e-02 7.560000000000000053e-02
5.527800000000000047e+00 6.186000000000000387e-01 1.027500000000000080e-01 6.880000000000000004e-02
5.691499999999999559e+00 6.186000000000000387e-01 1.180999999999999966e-01 5.605000000000000260e-02
5.855100000000000193e+00 6.186000000000000387e-01 1.322500000000000064e-01 4.395000000000000295e-02
6.018799999999999706e+00 6.186000000000000387e-01 1.334000000000000186e-01 4.964999999999999969e-02
6.182400000000000340e+00 6.186000000000000387e-01 1.242999999999999938e-01 5.870000000000000218e-02
6.346099999999999852e+00 6.186000000000000387e-01 1.349500000000000144e-01 5.605000000000000260e-02
6.509699999999999598e+00 6.186000000000000387e-01 1.363999999999999935e-01 6.029999999999999943e-02
6.673300000000000232e+00 6.186000000000000387e-01 1.445500000000000118e-01 5.770000000000000129e-02
6.836999999999999744e+00 6.186000000000000387e-01 1.608999999999999875e-01 3.669999999999999651e-02
7.000600000000000378e+00 6.186000000000000387e-01 1.774999999999999911e-01 2.949999999999999931e-03
7.164299999999999891e+00 6.186000000000000387e-01 1.738500000000000045e-01 -3.515000000000000069e-02
7.327899999999999636e+00 6.186000000000000387e-01 1.490500000000000158e-01 -8.125000000000000278e-02
1.275999999999999912e-01 4.549000000000000266e-01 -6.575000000000000289e-02 1.446000000000000063e-01
2.913000000000000034e-01 4.549000000000000266e-01 -6.185000000000000220e-02 1.449000000000000010e-01
4.549000000000000266e-01 4.549000000000000266e-01 -2.430000000000000215e-02 1.484000000000000041e-01
6.186000000000000387e-01 4.549000000000000266e-01 -1.980000000000000163e-02 1.514000000000000068e-01
7.822000000000000064e-01 4.549000000000000266e-01 -3.629999999999999893e-02 1.590500000000000247e-01
9.458999999999999631e-01 4.549000000000000266e-01 -4.780000000000000221e-02 1.612500000000000044e-01
1.109499999999999931e+00 4.549000000000000266e-01 -4.814999999999999836e-02 1.572000000000000064e-01
1.273099999999999898e+00 4.549000000000000266e-01 -3.554999999999999827e-02 1.631499999999999895e-01
1.436800000000000077e+00 4.549000000000000266e-01 -3.855000000000000093e-02 1.524999999999999967e-01
1.600400000000000045e+00 4.549000000000000266e-01 -2.989999999999999949e-02 1.526000000000000134e-01
1.764100000000000001e+00 4.549000000000000266e-01 -2.680000000000000090e-02 1.512499999999999956e-01
1.927699999999999969e+00 4.549000000000000266e-01 -2.575000000000000205e-02 1.509000000000000064e-01
2.091400000000000148e+00 4.549000000000000266e-01 -2.104999999999999927e-02 1.451000000000000068e-01
2.254999999999999893e+00 4.549000000000000266e-01 -1.295000000000000144e-02 1.443500000000000061e-01
2.418600000000000083e+00 4.549000000000000266e-01 -3.299999999999999115e-03 1.292500000000000038e-01
2.582300000000000040e+00 4.549000000000000266e-01 7.299999999999999198e-03 1.179499999999999993e-01
2.745899999999999785e+00 4.549000000000000266e-01 1.850000000000000949e-03 1.259000000000000119e-01
2.909600000000000186e+00 4.549000000000000266e-01 8.500000000000000611e-03 1.275499999999999967e-01
3.073199999999999932e+00 4.549000000000000266e-01 1.274999999999999918e-02 1.210999999999999993e-01
3.236800000000000122e+00 4.549000000000000266e-01 1.720000000000000001e-02 1.236500000000000099e-01
3.400500000000000078e+00 4.549000000000000266e-01 1.509999999999999884e-02 1.262000000000000066e-01
3.564099999999999824e+00 4.549000000000000266e-01 1.449999999999999900e-02 1.245499999999999940e-01
3.727799999999999780e+00 4.549000000000000266e-01 3.624999999999999750e-02 1.066000000000000003e-01
3.891399999999999970e+00 4.549000000000000266e-01 4.819999999999999979e-02 9.140000000000000902e-02
4.055100000000000371e+00 4.549000000000000266e-01 5.150000000000000411e-02 1.086499999999999966e-01
4.218700000000000117e+00 4.549000000000000266e-01 4.914999999999999925e-02 1.188999999999999918e-01
4.382299999999999862e+00 4.549000000000000266e-01 4.879999999999999616e-02 1.256500000000000117e-01
4.546000000000000263e+00 4.549000000000000266e-01 5.380000000000000060e-02 1.294500000000000095e-01
4.709600000000000009e+00 4.549000000000000266e-01 8.160000000000000586e-02 1.090499999999999942e-01
4.873300000000000409e+00 4.549000000000000266e-01 8.734999999999999709e-02 9.535000000000000420e-02
5.036900000000000155e+00 4.549000000000000266e-01 1.026999999999999996e-01 9.409999999999998921e-02
5.200599999999999667e+00 4.549000000000000266e-01 1.234500000000000042e-01 8.530000000000000082e-02
5.364200000000000301e+00 4.549000000000000266e-01 1.051499999999999935e-01 6.485000000000000486e-02
5.527800000000000047e+00 4.549000000000000266e-01 8.999999999999999667e-02 1.443000000000000116e-01
5.691499999999999559e+00 4.549000000000000266e-01 1.453500000000000070e-01 2.489999999999999852e-02
5.855100000000000193e+00 4.549000000000000266e-01 1.507499999999999951e-01 2.645000000000000129e-02
6.018799999999999706e+00 4.549000000000000266e-01 1.593499999999999917e-01 3.894999999999999851e-02
6.182400000000000340e+00 4.549000000000000266e-01 1.535500000000000198e-01 5.145000000000000268e-02
6.346099999999999852e+00 4.549000000000000266e-01 1.798000000000000154e-01 4.095000000000000029e-02
6.509699999999999598e+00 4.549000000000000266e-01 1.774000000000000021e-01 4.295000000000000207e-02
6.673300000000000232e+00 4.549000000000000266e-01 1.530500000000000194e-01 7.730000000000000759e-02
6.836999999999999744e+00 4.549000000000000266e-01 1.331999999999999851e-01 2.669999999999999804e-02
7.000600000000000378e+00 4.549000000000000266e-01 1.912999999999999978e-01 6.199999999999999782e-03
7.164299999999999891e+00 4.549000000000000266e-01 1.955999999999999961e-01 -2.145000000000000032e-02
7.327899999999999636e+00 4.549000000000000266e-01 1.598499999999999921e-01 -1.835000000000000520e-02
1.275999999999999912e-01 2.913000000000000034e-01 -6.579999999999999738e-02 1.684499999999999886e-01
2.913000000000000034e-01 2.913000000000000034e-01 -5.575000000000000094e-02 1.682500000000000107e-01
4.549000000000000266e-01 2.913000000000000034e-01 -4.970000000000000112e-02 1.661499999999999921e-01
6.186000000000000387e-01 2.913000000000000034e-01 -2.564999999999999919e-02 1.784999999999999920e-01
7.822000000000000064e-01 2.913000000000000034e-01 -1.454999999999999870e-02 1.907500000000000029e-01
9.458999999999999631e-01 2.913000000000000034e-01 -5.040000000000000036e-02 1.803000000000000158e-01
1.109499999999999931e+00 2.913000000000000034e-01 -5.955000000000000571e-02 1.746000000000000052e-01
1.273099999999999898e+00 2.913000000000000034e-01 -2.889999999999999861e-02 1.890499999999999958e-01
1.436800000000000077e+00 2.913000000000000034e-01 -2.009999999999999981e-02 1.855499999999999927e-01
1.600400000000000045e+00 2.913000000000000034e-01 -1.190000000000000085e-02 1.741000000000000048e-01
1.764100000000000001e+00 2.913000000000000034e-01 -1.299999999999999940e-02 1.767500000000000182e-01
1.927699999999999969e+00 2.913000000000000034e-01 -1.960000000000000284e-02 1.815999999999999837e-01
2.091400000000000148e+00 2.913000000000000034e-01 -2.100000000000001171e-03 1.713500000000000023e-01
2.254999999999999893e+00 2.913000000000000034e-01 3.800000000000001293e-03 1.584000000000000130e-01
2.418600000000000083e+00 2.913000000000000034e-01 -1.350000000000000505e-03 1.516500000000000070e-01
2.582300000000000040e+00 2.913000000000000034e-01 1.170000000000000033e-02 1.567500000000000004e-01
2.745899999999999785e+00 2.913000000000000034e-01 1.175000000000000003e-02 1.552999999999999936e-01
2.909600000000000186e+00 2.913000000000000034e-01 4.449999999999999963e-03 1.598999999999999866e-01
3.073199999999999932e+00 2.913000000000000034e-01 5.649999999999999641e-03 1.583999999999999853e-01
3.236800000000000122e+00 2.913000000000000034e-01 1.564999999999999725e-02 1.432499999999999885e-01
3.400500000000000078e+00 2.913000000000000034e-01 2.684999999999999887e-02 1.395000000000000129e-01
3.564099999999999824e+00 2.913000000000000034e-01 2.175000000000000197e-02 1.528499999999999859e-01
3.727799999999999780e+00 2.913000000000000034e-01 4.120000000000000051e-02 1.202999999999999903e-01
3.891399999999999970e+00 2.913000000000000034e-01 8.055000000000001048e-02 7.430000000000000493e-02
4.055100000000000371e+00 2.913000000000000034e-01 6.425000000000000155e-02 1.257500000000000007e-01
4.218700000000000117e+00 2.913000000000000034e-01 7.155000000000000249e-02 1.165500000000000008e-01
4.382299999999999862e+00 2.913000000000000034e-01 7.544999999999998930e-02 1.297999999999999987e-01
4.546000000000000263e+00 2.913000000000000034e-01 7.259999999999999787e-02 1.509500000000000008e-01
4.709600000000000009e+00 2.913000000000000034e-01 6.239999999999999714e-02 1.489999999999999936e-01
4.873300000000000409e+00 2.913000000000000034e-01 1.131999999999999951e-01 9.384999999999998899e-02
5.036900000000000155e+00 2.913000000000000034e-01 1.376000000000000001e-01 8.440000000000000280e-02
5.200599999999999667e+00 2.913000000000000034e-01 1.527999999999999914e-01 7.059999999999999609e-02
5.364200000000000301e+00 2.913000000000000034e-01 1.118000000000000105e-01 6.224999999999999978e-02
5.527800000000000047e+00 2.913000000000000034e-01 1.189999999999999947e-01 1.407999999999999807e-01
5.691499999999999559e+00 2.913000000000000034e-01 1.491500000000000048e-01 -6.499999999999999702e-03
5.855100000000000193e+00 2.913000000000000034e-01 1.496000000000000107e-01 5.049999999999999802e-03
6.018799999999999706e+00 2.913000000000000034e-01 1.556500000000000106e-01 2.849999999999999756e-02
6.182400000000000340e+00 2.913000000000000034e-01 1.454499999999999960e-01 1.004999999999999991e-02
6.346099999999999852e+00 2.913000000000000034e-01 1.415500000000000091e-01 4.229999999999999732e-02
6.509699999999999598e+00 2.913000000000000034e-01 9.439999999999999780e-02 1.030999999999999972e-01
6.673300000000000232e+00 2.913000000000000034e-01 9.414999999999999758e-02 3.314999999999999891e-02
6.836999999999999744e+00 2.913000000000000034e-01 1.439499999999999946e-01 1.345000000000000015e-02
7.000600000000000378e+00 2.913000000000000034e-01 1.649999999999999800e-01 3.060000000000000220e-02
7.164299999999999891e+00 2.913000000000000034e-01 1.329499999999999849e-01 1.585000000000000298e-02
7.327899999999999636e+00 2.913000000000000034e-01 7.355000000000000426e-02 2.525000000000000161e-02
1.275999999999999912e-01 1.275999999999999912e-01 -7.409999999999999920e-02 1.702000000000000179e-01
2.913000000000000034e-01 1.275999999999999912e-01 -2.149999999999999828e-02 1.905999999999999917e-01
4.549000000000000266e-01 1.275999999999999912e-01 -7.190000000000000557e-02 1.713500000000000023e-01
6.186000000000000387e-01 1.275999999999999912e-01 -1.909999999999999892e-02 1.951499999999999901e-01
7.822000000000000064e-01 1.275999999999999912e-01 -6.500000000000000569e-03 1.944000000000000172e-01
9.458999999999999631e-01 1.275999999999999912e-01 -5.065000000000000058e-02 1.841499999999999804e-01
1.109499999999999931e+00 1.275999999999999912e-01 -4.299999999999999656e-02 1.703000000000000069e-01
1.273099999999999898e+00 1.275999999999999912e-01 -6.199999999999999782e-03 2.016000000000000014e-01
1.436800000000000077e+00 1.275999999999999912e-01 -6.750000000000000791e-03 2.025500000000000078e-01
1.600400000000000045e+00 1.275999999999999912e-01 2.375000000000000028e-02 1.888500000000000179e-01
1.764100000000000001e+00 1.275999999999999912e-01 -1.004999999999999991e-02 2.009000000000000230e-01
1.927699999999999969e+00 1.275999999999999912e-01 -2.014999999999999777e-02 1.920000000000000040e-01
2.091400000000000148e+00 1.275999999999999912e-01 -1.004999999999999991e-02 1.751999999999999946e-01
2.254999999999999893e+00 1.275999999999999912e-01 -6.100000000000000387e-03 1.770499999999999852e-01
2.418600000000000083e+00 1.275999999999999912e-01 3.699999999999999296e-03 1.806999999999999995e-01
2.582300000000000040e+00 1.275999999999999912e-01 2.479999999999999913e-02 1.835499999999999909e-01
2.745899999999999785e+00 1.275999999999999912e-01 2.954999999999999988e-02 1.899500000000000077e-01
2.909600000000000186e+00 1.275999999999999912e-01 6.250000000000000347e-03 1.845499999999999918e-01
3.073199999999999932e+00 1.275999999999999912e-01 2.000000000000005246e-04 1.843500000000000139e-01
3.236800000000000122e+00 1.275999999999999912e-01 2.994999999999999746e-02 1.804000000000000048e-01
3.400500000000000078e+00 1.275999999999999912e-01 5.060000000000000608e-02 1.592000000000000082e-01
3.564099999999999824e+00 1.275999999999999912e-01 3.969999999999999918e-02 1.752500000000000169e-01
3.727799999999999780e+00 1.275999999999999912e-01 4.499999999999999833e-02 1.680999999999999994e-01
3.891399999999999970e+00 1.275999999999999912e-01 3.375000000000000222e-02 1.485500000000000154e-01
4.055100000000000371e+00 1.275999999999999912e-01 1.669999999999999957e-02 2.127499999999999947e-01
4.218700000000000117e+00 1.275999999999999912e-01 5.079999999999999793e-02 1.387499999999999845e-01
4.382299999999999862e+00 1.275999999999999912e-01 9.809999999999999276e-02 1.311499999999999888e-01
4.546000000000000263e+00 1.275999999999999912e-01 1.041499999999999926e-01 9.650000000000000244e-02
4.709600000000000009e+00 1.275999999999999912e-01 1.093500000000000028e-01 9.559999999999999054e-02
4.873300000000000409e+00 1.275999999999999912e-01 1.449000000000000010e-01 6.124999999999999889e-02
5.036900000000000155e+00 1.275999999999999912e-01 1.491999999999999993e-01 6.320000000000000617e-02
5.200599999999999667e+00 1.275999999999999912e-01 1.400000000000000133e-01 5.600000000000000117e-02
5.364200000000000301e+00 1.275999999999999912e-01 1.459000000000000019e-01 3.729999999999999982e-02
5.527800000000000047e+00 1.275999999999999912e-01 1.454000000000000015e-01 1.494999999999999801e-02
5.691499999999999559e+00 1.275999999999999912e-01 1.471000000000000085e-01 -5.519999999999999907e-02
5.855100000000000193e+00 1.275999999999999912e-01 1.005999999999999950e-01 -5.015000000000000013e-02
6.018799999999999706e+00 1.275999999999999912e-01 1.710499999999999798e-01 3.084999999999999895e-02
6.182400000000000340e+00 1.275999999999999912e-01 1.398999999999999966e-01 1.910000000000000239e-02
6.346099999999999852e+00 1.275999999999999912e-01 1.406000000000000028e-01 2.205000000000000016e-02
6.509699999999999598e+00 1.275999999999999912e-01 3.205000000000000210e-02 1.113999999999999990e-01
6.673300000000000232e+00 1.275999999999999912e-01 1.345000000000000362e-02 4.279999999999999777e-02
6.836999999999999744e+00 1.275999999999999912e-01 1.409500000000000197e-01 2.605000000000000371e-02
7.000600000000000378e+00 1.275999999999999912e-01 -9.815000000000000113e-02 5.550000000000001113e-03
7.164299999999999891e+00 1.275999999999999912e-01 -1.010999999999999954e-01 1.580000000000000154e-02
7.327899999999999636e+00 1.275999999999999912e-01 -8.580000000000000127e-02 -3.449999999999999942e-03
