1.275999999999999912e-01 1.927699999999999969e+00 7.180000000000000271e-02 3.049999999999999760e-03
2.913000000000000034e-01 1.927699999999999969e+00 6.939999999999998948e-02 6.099999999999999520e-03
4.549000000000000266e-01 1.927699999999999969e+00 6.079999999999999988e-02 4.099999999999999478e-03
6.186000000000000387e-01 1.927699999999999969e+00 5.244999999999999662e-02 2.799999999999999972e-03
7.822000000000000064e-01 1.927699999999999969e+00 4.214999999999999997e-02 4.000000000000000083e-03
9.458999999999999631e-01 1.927699999999999969e+00 3.354999999999999649e-02 4.349999999999999700e-03
1.109499999999999931e+00 1.927699999999999969e+00 2.674999999999999947e-02 5.400000000000000286e-03
1.273099999999999898e+00 1.927699999999999969e+00 1.710000000000000062e-02 4.399999999999999398e-03
1.436800000000000077e+00 1.927699999999999969e+00 3.189999999999999780e-02 4.250000000000000305e-03
1.600400000000000045e+00 1.927699999999999969e+00 1.285000000000000031e-02 6.349999999999998875e-03
1.764100000000000001e+00 1.927699999999999969e+00 6.499999999999999702e-03 1.104999999999999906e-02
1.927699999999999969e+00 1.927699999999999969e+00 1.455000000000000043e-02 1.260000000000000009e-02
2.091400000000000148e+00 1.927699999999999969e+00 1.395000000000000059e-02 9.499999999999999764e-03
2.254999999999999893e+00 1.927699999999999969e+00 3.225000000000000089e-02 7.649999999999998815e-03
2.418600000000000083e+00 1.927699999999999969e+00 2.439999999999999808e-02 1.009999999999999960e-02
2.582300000000000040e+00 1.927699999999999969e+00 1.529999999999999936e-02 1.109999999999999876e-02
2.745899999999999785e+00 1.927699999999999969e+00 1.920000000000000179e-02 1.455000000000000043e-02
2.909600000000000186e+00 1.927699999999999969e+00 1.669999999999999957e-02 1.789999999999999925e-02
3.073199999999999932e+00 1.927699999999999969e+00 4.700000000000000185e-03 2.060000000000000026e-02
3.236800000000000122e+00 1.927699999999999969e+00 4.700000000000000185e-03 2.384999999999999967e-02
3.400500000000000078e+00 1.927699999999999969e+00 1.449999999999999900e-02 2.690000000000000030e-02
3.564099999999999824e+00 1.927699999999999969e+00 2.405000000000000193e-02 2.259999999999999856e-02
3.727799999999999780e+00 1.927699999999999969e+00 1.420000000000000082e-02 2.815000000000000141e-02
3.891399999999999970e+00 1.927699999999999969e+00 2.330000000000000127e-02 2.280000000000000082e-02
4.055100000000000371e+00 1.927699999999999969e+00 2.085000000000000048e-02 3.169999999999999901e-02
4.218700000000000117e+00 1.927699999999999969e+00 8.300000000000000086e-03 4.254999999999999755e-02
4.382299999999999862e+00 1.927699999999999969e+00 1.519999999999999997e-02 3.654999999999999916e-02
4.546000000000000263e+00 1.927699999999999969e+00 3.219999999999999946e-02 3.164999999999999758e-02
4.709600000000000009e+00 1.927699999999999969e+00 2.784999999999999976e-02 3.769999999999999740e-02
4.873300000000000409e+00 1.927699999999999969e+00 2.360000000000000292e-02 4.495000000000000384e-02
5.036900000000000155e+00 1.927699999999999969e+00 2.605000000000000024e-02 4.975000000000000255e-02
5.200599999999999667e+00 1.927699999999999969e+00 3.099999999999999978e-02 4.785000000000000364e-02
5.364200000000000301e+00 1.927699999999999969e+00 3.579999999999999849e-02 4.760000000000000342e-02
5.527800000000000047e+00 1.927699999999999969e+00 3.884999999999999565e-02 4.984999999999999848e-02
5.691499999999999559e+00 1.927699999999999969e+00 3.649999999999999772e-02 5.714999999999999247e-02
5.855100000000000193e+00 1.927699999999999969e+00 4.259999999999999898e-02 5.325000000000000566e-02
6.018799999999999706e+00 1.927699999999999969e+00 5.839999999999999358e-02 3.994999999999999940e-02
6.182400000000000340e+00 1.927699999999999969e+00 5.809999999999999887e-02 3.740000000000000269e-02
6.346099999999999852e+00 1.927699999999999969e+00 6.024999999999999800e-02 4.155000000000000360e-02
6.509699999999999598e+00 1.927699999999999969e+00 6.375000000000000111e-02 3.805000000000000049e-02
6.673300000000000232e+00 1.927699999999999969e+00 6.925000000000000600e-02 3.275000000000000133e-02
6.836999999999999744e+00 1.927699999999999969e+00 7.445000000000000229e-02 2.865000000000000185e-02
7.000600000000000378e+00 1.927699999999999969e+00 7.710000000000000187e-02 2.075000000000000108e-02
7.164299999999999891e+00 1.927699999999999969e+00 7.720000000000000473e-02 1.805000000000000007e-02
7.327899999999999636e+00 1.927699999999999969e+00 7.405000000000000471e-02 1.190000000000000085e-02
1.275999999999999912e-01 1.764100000000000001e+00 7.069999999999999896e-02 3.299999999999999982e-03
2.913000000000000034e-01 1.764100000000000001e+00 7.199999999999999456e-02 5.250000000000000326e-03
4.549000000000000266e-01 1.764100000000000001e+00 5.770000000000000129e-02 2.150000000000000435e-03
6.186000000000000387e-01 1.764100000000000001e+00 5.540000000000000480e-02 -1.999999999999996572e-04
7.822000000000000064e-01 1.764100000000000001e+00 5.480000000000000149e-02 -5.500000000000001416e-04
9.458999999999999631e-01 1.764100000000000001e+00 4.220000000000000140e-02 1.849999999999999215e-03
1.109499999999999931e+00 1.764100000000000001e+00 2.344999999999999862e-02 4.650000000000000487e-03
1.273099999999999898e+00 1.764100000000000001e+00 3.449999999999999942e-03 3.000000000000000062e-03
1.436800000000000077e+00 1.764100000000000001e+00 4.199999999999999740e-03 2.900000000000000668e-03
1.600400000000000045e+00 1.764100000000000001e+00 4.199999999999999740e-03 5.400000000000000286e-03
1.764100000000000001e+00 1.764100000000000001e+00 1.130000000000000102e-02 6.599999999999999097e-03
1.927699999999999969e+00 1.764100000000000001e+00 1.644999999999999934e-02 6.400000000000000307e-03
2.091400000000000148e+00 1.764100000000000001e+00 2.964999999999999927e-02 5.599999999999999943e-03
2.254999999999999893e+00 1.764100000000000001e+00 2.444999999999999951e-02 2.249999999999999396e-03
2.418600000000000083e+00 1.764100000000000001e+00 6.000000000000000559e-04 1.134999999999999898e-02
2.582300000000000040e+00 1.764100000000000001e+00 8.500000000000000611e-03 1.175000000000000003e-02
2.745899999999999785e+00 1.764100000000000001e+00 1.634999999999999995e-02 1.565000000000000072e-02
2.909600000000000186e+00 1.764100000000000001e+00 7.299999999999999198e-03 1.909999999999999892e-02
3.073199999999999932e+00 1.764100000000000001e+00 5.449999999999999983e-03 2.415000000000000133e-02
3.236800000000000122e+00 1.764100000000000001e+00 1.655000000000000221e-02 2.220000000000000098e-02
3.400500000000000078e+00 1.764100000000000001e+00 1.319999999999999993e-02 2.295000000000000165e-02
3.564099999999999824e+00 1.764100000000000001e+00 1.424999999999999878e-02 2.510000000000000078e-02
3.727799999999999780e+00 1.764100000000000001e+00 1.089999999999999997e-02 2.945000000000000048e-02
3.891399999999999970e+00 1.764100000000000001e+00 1.004999999999999991e-02 3.250000000000000111e-02
4.055100000000000371e+00 1.764100000000000001e+00 1.255000000000000039e-02 3.654999999999999916e-02
4.218700000000000117e+00 1.764100000000000001e+00 1.545000000000000019e-02 3.690000000000000224e-02
4.382299999999999862e+00 1.764100000000000001e+00 2.064999999999999822e-02 3.470000000000000168e-02
4.546000000000000263e+00 1.764100000000000001e+00 1.760000000000000106e-02 3.579999999999999849e-02
4.709600000000000009e+00 1.764100000000000001e+00 2.090000000000000191e-02 4.139999999999999930e-02
4.873300000000000409e+00 1.764100000000000001e+00 2.405000000000000193e-02 4.585000000000000187e-02
5.036900000000000155e+00 1.764100000000000001e+00 2.854999999999999899e-02 4.555000000000000021e-02
5.200599999999999667e+00 1.764100000000000001e+00 3.540000000000000091e-02 4.864999999999999880e-02
5.364200000000000301e+00 1.764100000000000001e+00 3.629999999999999893e-02 5.659999999999999754e-02
5.527800000000000047e+00 1.764100000000000001e+00 2.980000000000000010e-02 6.135000000000000175e-02
5.691499999999999559e+00 1.764100000000000001e+00 4.744999999999999912e-02 5.599999999999999423e-02
5.855100000000000193e+00 1.764100000000000001e+00 5.415000000000000369e-02 4.629999999999999394e-02
6.018799999999999706e+00 1.764100000000000001e+00 5.750000000000000250e-02 4.804999999999999549e-02
6.182400000000000340e+00 1.764100000000000001e+00 6.590000000000000024e-02 4.639999999999999680e-02
6.346099999999999852e+00 1.764100000000000001e+00 6.669999999999999540e-02 4.460000000000000075e-02
6.509699999999999598e+00 1.764100000000000001e+00 6.959999999999999520e-02 4.220000000000000140e-02
6.673300000000000232e+00 1.764100000000000001e+00 7.895000000000000628e-02 3.320000000000000034e-02
6.836999999999999744e+00 1.764100000000000001e+00 8.050000000000000211e-02 2.885000000000000064e-02
7.000600000000000378e+00 1.764100000000000001e+00 8.335000000000000742e-02 2.554999999999999633e-02
7.164299999999999891e+00 1.764100000000000001e+00 8.455000000000000016e-02 1.855000000000000052e-02
7.327899999999999636e+00 1.764100000000000001e+00 8.185000000000000608e-02 4.199999999999999740e-03
1.275999999999999912e-01 1.600400000000000045e+00 7.660000000000000142e-02 4.300000000000000003e-03
2.913000000000000034e-01 1.600400000000000045e+00 6.690000000000000113e-02 3.100000000000000325e-03
4.549000000000000266e-01 1.600400000000000045e+00 5.559999999999999665e-02 -3.150000000000000890e-03
6.186000000000000387e-01 1.600400000000000045e+00 4.975000000000000255e-02 -4.449999999999999963e-03
7.822000000000000064e-01 1.600400000000000045e+00 6.479999999999999649e-02 -4.000000000000000083e-03
9.458999999999999631e-01 1.600400000000000045e+00 3.930000000000000160e-02 1.850000000000000082e-03
1.109499999999999931e+00 1.600400000000000045e+00 3.269999999999999990e-02 -2.499999999999993547e-04
1.273099999999999898e+00 1.600400000000000045e+00 1.650000000000000078e-02 -3.449999999999999942e-03
1.436800000000000077e+00 1.600400000000000045e+00 2.065000000000000169e-02 -3.500000000000001374e-03
1.600400000000000045e+00 1.600400000000000045e+00 1.039999999999999952e-02 6.999999999999992339e-04
1.764100000000000001e+00 1.600400000000000045e+00 1.354999999999999954e-02 1.749999999999999820e-03
1.927699999999999969e+00 1.600400000000000045e+00 1.584999999999999951e-02 4.050000000000001515e-03
2.091400000000000148e+00 1.600400000000000045e+00 2.620000000000000107e-02 5.200000000000000629e-03
2.254999999999999893e+00 1.600400000000000045e+00 1.115000000000000019e-02 6.549999999999999399e-03
2.418600000000000083e+00 1.600400000000000045e+00 1.540000000000000049e-02 9.150000000000000147e-03
2.582300000000000040e+00 1.600400000000000045e+00 9.299999999999999239e-03 1.055000000000000035e-02
2.745899999999999785e+00 1.600400000000000045e+00 1.250000000000000026e-03 1.545000000000000019e-02
2.909600000000000186e+00 1.600400000000000045e+00 5.449999999999999983e-03 1.625000000000000056e-02
3.073199999999999932e+00 1.600400000000000045e+00 5.950000000000000427e-03 1.940000000000000058e-02
3.236800000000000122e+00 1.600400000000000045e+00 1.710000000000000062e-02 1.770000000000000046e-02
3.400500000000000078e+00 1.600400000000000045e+00 1.169999999999999860e-02 2.314999999999999697e-02
3.564099999999999824e+00 1.600400000000000045e+00 1.360000000000000098e-02 2.299999999999999961e-02
3.727799999999999780e+00 1.600400000000000045e+00 9.900000000000000813e-03 2.269999999999999796e-02
3.891399999999999970e+00 1.600400000000000045e+00 4.699999999999999317e-03 3.144999999999999879e-02
4.055100000000000371e+00 1.600400000000000045e+00 6.850000000000000186e-03 3.975000000000000061e-02
4.218700000000000117e+00 1.600400000000000045e+00 1.269999999999999948e-02 3.984999999999999654e-02
4.382299999999999862e+00 1.600400000000000045e+00 1.359999999999999924e-02 3.950000000000000039e-02
4.546000000000000263e+00 1.600400000000000045e+00 1.955000000000000140e-02 3.925000000000000017e-02
4.709600000000000009e+00 1.600400000000000045e+00 2.724999999999999992e-02 4.159999999999999809e-02
4.873300000000000409e+00 1.600400000000000045e+00 2.809999999999999998e-02 4.604999999999999372e-02
5.036900000000000155e+00 1.600400000000000045e+00 2.950000000000000192e-02 5.104999999999999816e-02
5.200599999999999667e+00 1.600400000000000045e+00 3.239999999999999825e-02 5.799999999999999600e-02
5.364200000000000301e+00 1.600400000000000045e+00 3.219999999999999946e-02 6.475000000000000200e-02
5.527800000000000047e+00 1.600400000000000045e+00 4.095000000000000029e-02 6.115000000000000296e-02
5.691499999999999559e+00 1.600400000000000045e+00 5.365000000000000324e-02 4.610000000000000209e-02
5.855100000000000193e+00 1.600400000000000045e+00 5.940000000000000141e-02 5.054999999999999771e-02
6.018799999999999706e+00 1.600400000000000045e+00 6.525000000000000244e-02 5.555000000000000215e-02
6.182400000000000340e+00 1.600400000000000045e+00 6.750000000000000444e-02 5.355000000000000038e-02
6.346099999999999852e+00 1.600400000000000045e+00 7.514999999999999458e-02 4.114999999999999908e-02
6.509699999999999598e+00 1.600400000000000045e+00 7.919999999999999263e-02 4.164999999999999952e-02
6.673300000000000232e+00 1.600400000000000045e+00 8.304999999999999882e-02 3.454999999999999738e-02
6.836999999999999744e+00 1.600400000000000045e+00 8.360000000000000764e-02 2.854999999999999899e-02
7.000600000000000378e+00 1.600400000000000045e+00 8.915000000000000702e-02 2.734999999999999931e-02
7.164299999999999891e+00 1.600400000000000045e+00 9.120000000000000329e-02 1.400000000000000029e-02
7.327899999999999636e+00 1.600400000000000045e+00 9.024999999999999689e-02 6.649999999999999661e-03
1.275999999999999912e-01 1.436800000000000077e+00 3.524999999999999661e-02 2.349999999999999659e-03
2.913000000000000034e-01 1.436800000000000077e+00 3.959999999999999631e-02 1.449999999999999900e-03
4.549000000000000266e-01 1.436800000000000077e+00 5.695000000000000062e-02 -3.749999999999999861e-03
6.186000000000000387e-01 1.436800000000000077e+00 4.769999999999999934e-02 -4.750000000000000749e-03
7.822000000000000064e-01 1.436800000000000077e+00 3.395000000000000101e-02 -6.749999999999999924e-03
9.458999999999999631e-01 1.436800000000000077e+00 3.414999999999999980e-02 -7.450000000000000025e-03
1.109499999999999931e+00 1.436800000000000077e+00 6.135000000000000175e-02 -1.950000000000000344e-03
1.273099999999999898e+00 1.436800000000000077e+00 2.065000000000000169e-02 -6.649999999999999661e-03
1.436800000000000077e+00 1.436800000000000077e+00 2.094999999999999987e-02 -7.199999999999999803e-03
1.600400000000000045e+00 1.436800000000000077e+00 1.470000000000000126e-02 -5.050000000000000669e-03
1.764100000000000001e+00 1.436800000000000077e+00 1.669999999999999957e-02 -9.999999999999991535e-04
1.927699999999999969e+00 1.436800000000000077e+00 1.135000000000000071e-02 4.550000000000000225e-03
2.091400000000000148e+00 1.436800000000000077e+00 1.200000000000000025e-02 3.349999999999998812e-03
2.254999999999999893e+00 1.436800000000000077e+00 7.599999999999999985e-03 4.200000000000000608e-03
2.418600000000000083e+00 1.436800000000000077e+00 3.100000000000000325e-03 8.349999999999999784e-03
2.582300000000000040e+00 1.436800000000000077e+00 1.949999999999999910e-03 9.950000000000000511e-03
2.745899999999999785e+00 1.436800000000000077e+00 4.000000000000000083e-03 1.260000000000000009e-02
2.909600000000000186e+00 1.436800000000000077e+00 -1.799999999999999951e-03 1.565000000000000072e-02
3.073199999999999932e+00 1.436800000000000077e+00 1.499999999999999598e-04 1.895000000000000157e-02
3.236800000000000122e+00 1.436800000000000077e+00 7.300000000000000065e-03 2.474999999999999770e-02
3.400500000000000078e+00 1.436800000000000077e+00 1.254999999999999866e-02 2.709999999999999909e-02
3.564099999999999824e+00 1.436800000000000077e+00 1.739999999999999880e-02 2.775000000000000036e-02
3.727799999999999780e+00 1.436800000000000077e+00 1.575000000000000011e-02 1.809999999999999803e-02
3.891399999999999970e+00 1.436800000000000077e+00 9.899999999999999079e-03 3.774999999999999883e-02
4.055100000000000371e+00 1.436800000000000077e+00 -4.199999999999999740e-03 4.719999999999999890e-02
4.218700000000000117e+00 1.436800000000000077e+00 -3.250000000000000284e-03 4.674999999999999989e-02
4.382299999999999862e+00 1.436800000000000077e+00 5.000000000000000104e-03 5.625000000000000139e-02
4.546000000000000263e+00 1.436800000000000077e+00 1.084999999999999853e-02 5.414999999999999675e-02
4.709600000000000009e+00 1.436800000000000077e+00 2.849999999999999756e-02 4.149999999999999523e-02
4.873300000000000409e+00 1.436800000000000077e+00 2.704999999999999766e-02 4.839999999999999858e-02
5.036900000000000155e+00 1.436800000000000077e+00 2.875000000000000125e-02 5.745000000000000107e-02
5.200599999999999667e+00 1.436800000000000077e+00 2.959999999999999784e-02 7.274999999999999523e-02
5.364200000000000301e+00 1.436800000000000077e+00 3.214999999999999802e-02 8.119999999999999440e-02
5.527800000000000047e+00 1.436800000000000077e+00 4.529999999999999999e-02 6.759999999999999343e-02
5.691499999999999559e+00 1.436800000000000077e+00 6.239999999999999714e-02 4.424999999999999767e-02
5.855100000000000193e+00 1.436800000000000077e+00 6.700000000000000400e-02 5.740000000000000657e-02
6.018799999999999706e+00 1.436800000000000077e+00 6.504999999999999671e-02 6.270000000000000573e-02
6.182400000000000340e+00 1.436800000000000077e+00 7.920000000000000651e-02 4.265000000000000041e-02
6.346099999999999852e+00 1.436800000000000077e+00 8.865000000000000657e-02 2.954999999999999988e-02
6.509699999999999598e+00 1.436800000000000077e+00 9.020000000000000240e-02 3.805000000000000049e-02
6.673300000000000232e+00 1.436800000000000077e+00 9.115000000000000879e-02 3.570000000000000256e-02
6.836999999999999744e+00 1.436800000000000077e+00 9.685000000000000553e-02 2.704999999999999766e-02
7.000600000000000378e+00 1.436800000000000077e+00 9.815000000000000113e-02 1.404999999999999999e-02
7.164299999999999891e+00 1.436800000000000077e+00 9.679999999999999716e-02 1.389999999999999916e-02
7.327899999999999636e+00 1.436800000000000077e+00 9.489999999999999825e-02 1.094999999999999966e-02
1.275999999999999912e-01 1.273099999999999898e+00 3.379999999999999671e-02 -1.800000000000001252e-03
2.913000000000000034e-01 1.273099999999999898e+00 4.320000000000000229e-02 -3.299999999999999982e-03
4.549000000000000266e-01 1.273099999999999898e+00 5.874999999999999667e-02 -8.899999999999999925e-03
6.186000000000000387e-01 1.273099999999999898e+00 4.065000000000000557e-02 -1.105000000000000079e-02
7.822000000000000064e-01 1.273099999999999898e+00 3.690000000000000224e-02 -1.099999999999999936e-02
9.458999999999999631e-01 1.273099999999999898e+00 3.189999999999999780e-02 -1.204999999999999995e-02
1.109499999999999931e+00 1.273099999999999898e+00 5.044999999999999485e-02 -1.575000000000000011e-02
1.273099999999999898e+00 1.273099999999999898e+00 3.944999999999999896e-02 -1.359999999999999924e-02
1.436800000000000077e+00 1.273099999999999898e+00 1.924999999999999975e-02 -1.319999999999999819e-02
1.600400000000000045e+00 1.273099999999999898e+00 1.119999999999999989e-02 -1.175000000000000003e-02
1.764100000000000001e+00 1.273099999999999898e+00 1.370000000000000037e-02 -7.100000000000000408e-03
1.927699999999999969e+00 1.273099999999999898e+00 1.679999999999999896e-02 -2.500000000000000486e-03
2.091400000000000148e+00 1.273099999999999898e+00 8.899999999999999925e-03 2.999999999999999195e-04
2.254999999999999893e+00 1.273099999999999898e+00 6.499999999999995365e-04 5.749999999999999903e-03
2.418600000000000083e+00 1.273099999999999898e+00 4.000000000000000734e-04 1.039999999999999952e-02
2.582300000000000040e+00 1.273099999999999898e+00 8.250000000000000389e-03 1.104999999999999906e-02
2.745899999999999785e+00 1.273099999999999898e+00 2.409999999999999989e-02 7.750000000000000812e-03
2.909600000000000186e+00 1.273099999999999898e+00 1.234999999999999987e-02 1.579999999999999807e-02
3.073199999999999932e+00 1.273099999999999898e+00 4.649999999999999620e-03 1.764999999999999902e-02
3.236800000000000122e+00 1.273099999999999898e+00 1.260000000000000009e-02 2.554999999999999979e-02
3.400500000000000078e+00 1.273099999999999898e+00 1.990000000000000102e-02 1.984999999999999959e-02
3.564099999999999824e+00 1.273099999999999898e+00 2.580000000000000349e-02 2.264999999999999999e-02
3.727799999999999780e+00 1.273099999999999898e+00 1.094999999999999966e-02 3.815000000000000335e-02
3.891399999999999970e+00 1.273099999999999898e+00 -7.100000000000000408e-03 4.934999999999999803e-02
4.055100000000000371e+00 1.273099999999999898e+00 2.249999999999999830e-03 4.389999999999999458e-02
4.218700000000000117e+00 1.273099999999999898e+00 1.864999999999999991e-02 3.295000000000000012e-02
4.382299999999999862e+00 1.273099999999999898e+00 1.519999999999999997e-02 4.370000000000000273e-02
4.546000000000000263e+00 1.273099999999999898e+00 2.260000000000000203e-02 4.630000000000000088e-02
4.709600000000000009e+00 1.273099999999999898e+00 1.620000000000000259e-02 5.815000000000000724e-02
4.873300000000000409e+00 1.273099999999999898e+00 1.689999999999999836e-02 7.130000000000000226e-02
5.036900000000000155e+00 1.273099999999999898e+00 2.299999999999999961e-02 8.605000000000000149e-02
5.200599999999999667e+00 1.273099999999999898e+00 2.740000000000000074e-02 8.985000000000001319e-02
5.364200000000000301e+00 1.273099999999999898e+00 3.869999999999999829e-02 8.240000000000000102e-02
5.527800000000000047e+00 1.273099999999999898e+00 6.070000000000000395e-02 5.505000000000000171e-02
5.691499999999999559e+00 1.273099999999999898e+00 7.155000000000000249e-02 5.319999999999999729e-02
5.855100000000000193e+00 1.273099999999999898e+00 7.459999999999999964e-02 5.790000000000000008e-02
6.018799999999999706e+00 1.273099999999999898e+00 7.989999999999999880e-02 5.044999999999999485e-02
6.182400000000000340e+00 1.273099999999999898e+00 8.884999999999999842e-02 4.009999999999999676e-02
6.346099999999999852e+00 1.273099999999999898e+00 9.425000000000000044e-02 2.950000000000000192e-02
6.509699999999999598e+00 1.273099999999999898e+00 8.715000000000000524e-02 6.775000000000000466e-02
6.673300000000000232e+00 1.273099999999999898e+00 1.016499999999999904e-01 2.504999999999999935e-02
6.836999999999999744e+00 1.273099999999999898e+00 1.032500000000000084e-01 1.440000000000000134e-02
7.000600000000000378e+00 1.273099999999999898e+00 1.028000000000000025e-01 8.899999999999999925e-03
7.164299999999999891e+00 1.273099999999999898e+00 1.020500000000000018e-01 -2.799999999999999538e-03
7.327899999999999636e+00 1.273099999999999898e+00 9.895000000000001017e-02 -2.449999999999999921e-03
1.275999999999999912e-01 1.109499999999999931e+00 3.794999999999999762e-02 -8.899999999999998190e-03
2.913000000000000034e-01 1.109499999999999931e+00 4.645000000000000517e-02 -1.000000000000000021e-02
4.549000000000000266e-01 1.109499999999999931e+00 5.059999999999999915e-02 -1.679999999999999896e-02
6.186000000000000387e-01 1.109499999999999931e+00 5.265000000000000235e-02 -2.160000000000000114e-02
7.822000000000000064e-01 1.109499999999999931e+00 4.635000000000000231e-02 -1.734999999999999737e-02
9.458999999999999631e-01 1.109499999999999931e+00 3.545000000000000234e-02 -1.764999999999999902e-02
1.109499999999999931e+00 1.109499999999999931e+00 3.434999999999999859e-02 -2.075000000000000108e-02
1.273099999999999898e+00 1.109499999999999931e+00 3.960000000000000325e-02 -2.179999999999999993e-02
1.436800000000000077e+00 1.109499999999999931e+00 -1.399999999999999986e-03 -1.789999999999999925e-02
1.600400000000000045e+00 1.109499999999999931e+00 4.800000000000000447e-03 -1.410000000000000142e-02
1.764100000000000001e+00 1.109499999999999931e+00 8.649999999999999703e-03 -1.160000000000000094e-02
1.927699999999999969e+00 1.109499999999999931e+00 8.850000000000000228e-03 -8.299999999999998351e-03
2.091400000000000148e+00 1.109499999999999931e+00 -6.000000000000000559e-04 -4.949999999999999539e-03
2.254999999999999893e+00 1.109499999999999931e+00 -4.449999999999999963e-03 -1.149999999999999981e-03
2.418600000000000083e+00 1.109499999999999931e+00 1.124999999999999958e-02 7.150000000000001840e-03
2.582300000000000040e+00 1.109499999999999931e+00 -4.949999999999999539e-03 1.230000000000000190e-02
2.745899999999999785e+00 1.109499999999999931e+00 -7.099999999999999541e-03 8.349999999999999784e-03
2.909600000000000186e+00 1.109499999999999931e+00 5.250000000000000326e-03 1.720000000000000001e-02
3.073199999999999932e+00 1.109499999999999931e+00 1.449999999999999900e-03 2.400000000000000050e-02
3.236800000000000122e+00 1.109499999999999931e+00 5.000000000000000104e-04 2.885000000000000064e-02
3.400500000000000078e+00 1.109499999999999931e+00 7.799999999999999642e-03 3.225000000000000089e-02
3.564099999999999824e+00 1.109499999999999931e+00 1.870000000000000134e-02 2.860000000000000042e-02
3.727799999999999780e+00 1.109499999999999931e+00 -4.400000000000000265e-03 4.910000000000000475e-02
3.891399999999999970e+00 1.109499999999999931e+00 -5.499999999999999247e-04 4.864999999999999880e-02
4.055100000000000371e+00 1.109499999999999931e+00 7.250000000000000368e-03 4.895000000000000046e-02
4.218700000000000117e+00 1.109499999999999931e+00 -8.600000000000000006e-03 6.445000000000000728e-02
4.382299999999999862e+00 1.109499999999999931e+00 -1.154999999999999950e-02 7.714999999999999636e-02
4.546000000000000263e+00 1.109499999999999931e+00 1.175000000000000003e-02 6.644999999999999518e-02
4.709600000000000009e+00 1.109499999999999931e+00 8.499999999999996274e-04 8.150000000000000300e-02
4.873300000000000409e+00 1.109499999999999931e+00 1.625000000000000056e-02 7.434999999999999942e-02
5.036900000000000155e+00 1.109499999999999931e+00 1.689999999999999836e-02 9.495000000000000662e-02
5.200599999999999667e+00 1.109499999999999931e+00 2.120000000000000009e-02 1.061499999999999944e-01
5.364200000000000301e+00 1.109499999999999931e+00 3.859999999999999543e-02 9.570000000000000728e-02
5.527800000000000047e+00 1.109499999999999931e+00 5.455000000000000127e-02 8.379999999999999949e-02
5.691499999999999559e+00 1.109499999999999931e+00 7.795000000000000540e-02 5.249999999999999806e-02
5.855100000000000193e+00 1.109499999999999931e+00 8.544999999999999818e-02 5.265000000000000235e-02
6.018799999999999706e+00 1.109499999999999931e+00 9.155000000000000637e-02 4.245000000000000162e-02
6.182400000000000340e+00 1.109499999999999931e+00 9.800000000000000377e-02 3.350000000000000200e-02
6.346099999999999852e+00 1.109499999999999931e+00 1.014000000000000040e-01 2.625000000000000250e-02
6.509699999999999598e+00 1.109499999999999931e+00 8.619999999999999885e-02 8.110000000000000542e-02
6.673300000000000232e+00 1.109499999999999931e+00 1.000000000000000056e-01 1.675000000000000100e-02
6.836999999999999744e+00 1.109499999999999931e+00 1.021999999999999853e-01 1.820000000000000090e-02
7.000600000000000378e+00 1.109499999999999931e+00 1.033999999999999919e-01 6.300000000000000044e-03
7.164299999999999891e+00 1.109499999999999931e+00 1.001999999999999974e-01 -7.800000000000000509e-03
7.327899999999999636e+00 1.109499999999999931e+00 9.684999999999999165e-02 -8.649999999999999703e-03
1.275999999999999912e-01 9.458999999999999631e-01 4.195000000000000118e-02 -1.519999999999999997e-02
2.913000000000000034e-01 9.458999999999999631e-01 4.410000000000000031e-02 -1.499999999999999944e-02
4.549000000000000266e-01 9.458999999999999631e-01 5.140000000000000124e-02 -1.990000000000000102e-02
6.186000000000000387e-01 9.458999999999999631e-01 5.874999999999999667e-02 -2.620000000000000107e-02
7.822000000000000064e-01 9.458999999999999631e-01 3.105000000000000121e-02 -2.384999999999999967e-02
9.458999999999999631e-01 9.458999999999999631e-01 2.980000000000000010e-02 -3.049999999999999933e-02
1.109499999999999931e+00 9.458999999999999631e-01 3.084999999999999895e-02 -2.740000000000000074e-02
1.273099999999999898e+00 9.458999999999999631e-01 8.649999999999999703e-03 -3.080000000000000099e-02
1.436800000000000077e+00 9.458999999999999631e-01 -1.350000000000000505e-03 -3.034999999999999851e-02
1.600400000000000045e+00 9.458999999999999631e-01 9.850000000000001116e-03 -2.239999999999999977e-02
1.764100000000000001e+00 9.458999999999999631e-01 1.039999999999999952e-02 -1.745000000000000023e-02
1.927699999999999969e+00 9.458999999999999631e-01 1.500000000000000031e-03 -1.339999999999999872e-02
2.091400000000000148e+00 9.458999999999999631e-01 5.599999999999999943e-03 -8.250000000000000389e-03
2.254999999999999893e+00 9.458999999999999631e-01 -3.200000000000001454e-03 -8.999999999999980238e-04
2.418600000000000083e+00 9.458999999999999631e-01 -2.020000000000000268e-02 9.599999999999999159e-03
2.582300000000000040e+00 9.458999999999999631e-01 -7.150000000000000105e-03 1.104999999999999906e-02
2.745899999999999785e+00 9.458999999999999631e-01 -1.799999999999999864e-02 1.244999999999999926e-02
2.909600000000000186e+00 9.458999999999999631e-01 -8.750000000000000833e-03 2.085000000000000048e-02
3.073199999999999932e+00 9.458999999999999631e-01 -3.650000000000000466e-03 3.070000000000000159e-02
3.236800000000000122e+00 9.458999999999999631e-01 2.499999999999993547e-04 3.105000000000000468e-02
3.400500000000000078e+00 9.458999999999999631e-01 -1.994999999999999898e-02 4.290000000000000063e-02
3.564099999999999824e+00 9.458999999999999631e-01 -2.015000000000000124e-02 4.655000000000000110e-02
3.727799999999999780e+00 9.458999999999999631e-01 -7.500000000000000156e-04 4.884999999999999759e-02
3.891399999999999970e+00 9.458999999999999631e-01 3.289999999999999869e-02 2.460000000000000034e-02
4.055100000000000371e+00 9.458999999999999631e-01 1.250000000000000243e-03 5.994999999999999635e-02
4.218700000000000117e+00 9.458999999999999631e-01 -6.450000000000000004e-03 6.575000000000000289e-02
4.382299999999999862e+00 9.458999999999999631e-01 -2.110000000000000070e-02 1.038000000000000034e-01
4.546000000000000263e+00 9.458999999999999631e-01 -1.880000000000000074e-02 8.680000000000000215e-02
4.709600000000000009e+00 9.458999999999999631e-01 -3.950000000000000386e-03 9.514999999999999847e-02
4.873300000000000409e+00 9.458999999999999631e-01 -3.299999999999999982e-03 1.009499999999999981e-01
5.036900000000000155e+00 9.458999999999999631e-01 2.394999999999999907e-02 8.584999999999999576e-02
5.200599999999999667e+00 9.458999999999999631e-01 3.335000000000000464e-02 8.945000000000000173e-02
5.364200000000000301e+00 9.458999999999999631e-01 3.554999999999999827e-02 1.038000000000000034e-01
5.527800000000000047e+00 9.458999999999999631e-01 4.655000000000000110e-02 1.077000000000000041e-01
5.691499999999999559e+00 9.458999999999999631e-01 7.655000000000000693e-02 7.049999999999999323e-02
5.855100000000000193e+00 9.458999999999999631e-01 9.174999999999999822e-02 4.495000000000000384e-02
6.018799999999999706e+00 9.458999999999999631e-01 9.625000000000000222e-02 3.024999999999999911e-02
6.182400000000000340e+00 9.458999999999999631e-01 1.046999999999999875e-01 1.219999999999999904e-02
6.346099999999999852e+00 9.458999999999999631e-01 9.554999999999999605e-02 5.550000000000000246e-03
6.509699999999999598e+00 9.458999999999999631e-01 9.164999999999999536e-02 1.825000000000000233e-02
6.673300000000000232e+00 9.458999999999999631e-01 8.949999999999999623e-02 1.234999999999999987e-02
6.836999999999999744e+00 9.458999999999999631e-01 8.804999999999998939e-02 1.600000000000000033e-02
7.000600000000000378e+00 9.458999999999999631e-01 9.525000000000000133e-02 1.609999999999999973e-02
7.164299999999999891e+00 9.458999999999999631e-01 8.895000000000000129e-02 1.369999999999999864e-02
7.327899999999999636e+00 9.458999999999999631e-01 7.380000000000000449e-02 1.809999999999999803e-02
1.275999999999999912e-01 7.822000000000000064e-01 3.959999999999999631e-02 -2.534999999999999754e-02
2.913000000000000034e-01 7.822000000000000064e-01 1.874999999999999931e-02 -2.824999999999999734e-02
4.549000000000000266e-01 7.822000000000000064e-01 2.255000000000000060e-02 -3.279999999999999583e-02
6.186000000000000387e-01 7.822000000000000064e-01 4.775000000000000078e-02 -4.050000000000000128e-02
7.822000000000000064e-01 7.822000000000000064e-01 3.204999999999999516e-02 -4.485000000000000098e-02
9.458999999999999631e-01 7.822000000000000064e-01 2.089999999999999844e-02 -4.309999999999999942e-02
1.109499999999999931e+00 7.822000000000000064e-01 2.124999999999999806e-02 -3.890000000000000402e-02
1.273099999999999898e+00 7.822000000000000064e-01 4.200000000000000608e-03 -3.704999999999999960e-02
1.436800000000000077e+00 7.822000000000000064e-01 3.850000000000000124e-03 -3.975000000000000061e-02
1.600400000000000045e+00 7.822000000000000064e-01 6.000000000000000125e-03 -3.409999999999999837e-02
1.764100000000000001e+00 7.822000000000000064e-01 -1.655000000000000221e-02 -2.405000000000000193e-02
1.927699999999999969e+00 7.822000000000000064e-01 -2.534999999999999754e-02 -1.630000000000000199e-02
2.091400000000000148e+00 7.822000000000000064e-01 -1.340000000000000045e-02 -1.390000000000000090e-02
2.254999999999999893e+00 7.822000000000000064e-01 -2.545000000000000040e-02 -7.650000000000000550e-03
2.418600000000000083e+00 7.822000000000000064e-01 -2.745000000000000218e-02 -1.700000000000000122e-03
2.582300000000000040e+00 7.822000000000000064e-01 -1.394999999999999886e-02 5.799999999999999600e-03
2.745899999999999785e+00 7.822000000000000064e-01 -1.704999999999999918e-02 1.644999999999999934e-02
2.909600000000000186e+00 7.822000000000000064e-01 -3.849999999999999690e-03 2.164999999999999911e-02
3.073199999999999932e+00 7.822000000000000064e-01 -1.079999999999999884e-02 3.554999999999999827e-02
3.236800000000000122e+00 7.822000000000000064e-01 -9.450000000000000067e-03 3.930000000000000160e-02
3.400500000000000078e+00 7.822000000000000064e-01 -1.080000000000000057e-02 4.750000000000000056e-02
3.564099999999999824e+00 7.822000000000000064e-01 6.300000000000000044e-03 5.424999999999999961e-02
3.727799999999999780e+00 7.822000000000000064e-01 6.149999999999999217e-03 6.125000000000000583e-02
3.891399999999999970e+00 7.822000000000000064e-01 3.194999999999999923e-02 4.059999999999999720e-02
4.055100000000000371e+00 7.822000000000000064e-01 -9.749999999999999986e-03 8.490000000000000324e-02
4.218700000000000117e+00 7.822000000000000064e-01 -2.150000000000000001e-03 3.454999999999999738e-02
4.382299999999999862e+00 7.822000000000000064e-01 -2.684999999999999887e-02 1.013499999999999956e-01
4.546000000000000263e+00 7.822000000000000064e-01 -2.475000000000000117e-02 1.278499999999999914e-01
4.709600000000000009e+00 7.822000000000000064e-01 4.149999999999999176e-03 7.964999999999999858e-02
4.873300000000000409e+00 7.822000000000000064e-01 -7.500000000000000590e-03 9.939999999999998836e-02
5.036900000000000155e+00 7.822000000000000064e-01 1.419999999999999908e-02 8.169999999999999485e-02
5.200599999999999667e+00 7.822000000000000064e-01 1.370000000000000037e-02 1.077000000000000041e-01
5.364200000000000301e+00 7.822000000000000064e-01 2.394999999999999907e-02 1.013000000000000012e-01
5.527800000000000047e+00 7.822000000000000064e-01 4.835000000000000409e-02 5.509999999999999620e-02
5.691499999999999559e+00 7.822000000000000064e-01 6.645000000000000906e-02 6.215000000000000385e-02
5.855100000000000193e+00 7.822000000000000064e-01 8.719999999999999973e-02 3.125000000000000000e-02
6.018799999999999706e+00 7.822000000000000064e-01 9.375000000000000000e-02 1.739999999999999880e-02
6.182400000000000340e+00 7.822000000000000064e-01 9.940000000000000224e-02 1.049999999999999718e-03
6.346099999999999852e+00 7.822000000000000064e-01 9.120000000000000329e-02 -1.764999999999999902e-02
6.509699999999999598e+00 7.822000000000000064e-01 5.509999999999999620e-02 4.850000000000000144e-02
6.673300000000000232e+00 7.822000000000000064e-01 6.559999999999999165e-02 1.230000000000000017e-02
6.836999999999999744e+00 7.822000000000000064e-01 6.145000000000000462e-02 4.300000000000000003e-03
7.000600000000000378e+00 7.822000000000000064e-01 5.939999999999999447e-02 1.850000000000000949e-03
7.164299999999999891e+00 7.822000000000000064e-01 6.829999999999999960e-02 3.909999999999999587e-02
7.327899999999999636e+00 7.822000000000000064e-01 6.224999999999999978e-02 8.099999999999997827e-03
1.275999999999999912e-01 6.186000000000000387e-01 3.824999999999999928e-02 -4.175000000000000239e-02
2.913000000000000034e-01 6.186000000000000387e-01 3.264999999999999847e-02 -4.139999999999999930e-02
4.549000000000000266e-01 6.186000000000000387e-01 4.825000000000000122e-02 -5.275000000000000522e-02
6.186000000000000387e-01 6.186000000000000387e-01 3.990000000000000491e-02 -4.984999999999999848e-02
7.822000000000000064e-01 6.186000000000000387e-01 3.180000000000000188e-02 -5.779999999999999721e-02
9.458999999999999631e-01 6.186000000000000387e-01 2.139999999999999888e-02 -6.205000000000000099e-02
1.109499999999999931e+00 6.186000000000000387e-01 8.000000000000000167e-03 -5.514999999999999764e-02
1.273099999999999898e+00 6.186000000000000387e-01 -1.194999999999999882e-02 -5.319999999999999729e-02
1.436800000000000077e+00 6.186000000000000387e-01 -1.310000000000000053e-02 -5.734999999999999820e-02
1.600400000000000045e+00 6.186000000000000387e-01 -2.199999999999999872e-02 -5.229999999999999927e-02
1.764100000000000001e+00 6.186000000000000387e-01 -1.490000000000000005e-02 -4.705000000000000154e-02
1.927699999999999969e+00 6.186000000000000387e-01 -2.224999999999999895e-02 -4.095000000000000029e-02
2.091400000000000148e+00 6.186000000000000387e-01 -2.520000000000000018e-02 -3.269999999999999990e-02
2.254999999999999893e+00 6.186000000000000387e-01 -3.204999999999999516e-02 -1.720000000000000001e-02
2.418600000000000083e+00 6.186000000000000387e-01 -2.310000000000000248e-02 -1.370000000000000037e-02
2.582300000000000040e+00 6.186000000000000387e-01 -2.164999999999999911e-02 6.800000000000000488e-03
2.745899999999999785e+00 6.186000000000000387e-01 -3.724999999999999839e-02 2.035000000000000003e-02
2.909600000000000186e+00 6.186000000000000387e-01 -2.609999999999999820e-02 3.044999999999999790e-02
3.073199999999999932e+00 6.186000000000000387e-01 -2.305000000000000104e-02 3.719999999999999696e-02
3.236800000000000122e+00 6.186000000000000387e-01 -3.189999999999999780e-02 5.770000000000000129e-02
3.400500000000000078e+00 6.186000000000000387e-01 -2.570000000000000062e-02 7.259999999999999787e-02
3.564099999999999824e+00 6.186000000000000387e-01 -3.884999999999999565e-02 8.889999999999999292e-02
3.727799999999999780e+00 6.186000000000000387e-01 -8.750000000000000833e-03 7.810000000000000275e-02
3.891399999999999970e+00 6.186000000000000387e-01 2.875000000000000125e-02 4.375000000000000416e-02
4.055100000000000371e+00 6.186000000000000387e-01 -1.099999999999999936e-02 1.049000000000000071e-01
4.218700000000000117e+00 6.186000000000000387e-01 -3.150000000000000022e-02 1.019000000000000045e-01
4.382299999999999862e+00 6.186000000000000387e-01 -3.404999999999999694e-02 1.164999999999999925e-01
4.546000000000000263e+00 6.186000000000000387e-01 -3.155000000000000165e-02 1.366999999999999882e-01
4.709600000000000009e+00 6.186000000000000387e-01 -4.230000000000000426e-02 1.126500000000000001e-01
4.873300000000000409e+00 6.186000000000000387e-01 -3.665000000000000202e-02 1.184000000000000052e-01
5.036900000000000155e+00 6.186000000000000387e-01 -2.054999999999999882e-02 1.078999999999999959e-01
5.200599999999999667e+00 6.186000000000000387e-01 -1.170000000000000207e-02 8.984999999999998543e-02
5.364200000000000301e+00 6.186000000000000387e-01 -2.299999999999999961e-03 9.170000000000000373e-02
5.527800000000000047e+00 6.186000000000000387e-01 5.549999999999999378e-03 1.104499999999999926e-01
5.691499999999999559e+00 6.186000000000000387e-01 4.209999999999999853e-02 5.319999999999999729e-02
5.855100000000000193e+00 6.186000000000000387e-01 6.520000000000000795e-02 1.234999999999999987e-02
6.018799999999999706e+00 6.186000000000000387e-01 4.609999999999999515e-02 1.345000000000000188e-02
6.182400000000000340e+00 6.186000000000000387e-01 6.719999999999999585e-02 2.305000000000000104e-02
6.346099999999999852e+00 6.186000000000000387e-01 1.654999999999999874e-02 1.561000000000000165e-01
6.509699999999999598e+00 6.186000000000000387e-01 2.815000000000000141e-02 5.755000000000000393e-02
6.673300000000000232e+00 6.186000000000000387e-01 3.629999999999999893e-02 2.110000000000000070e-02
6.836999999999999744e+00 6.186000000000000387e-01 1.004999999999999991e-02 5.649999999999999467e-02
7.000600000000000378e+00 6.186000000000000387e-01 -5.450000000000001718e-03 3.065000000000000016e-02
7.164299999999999891e+00 6.186000000000000387e-01 -1.095000000000000140e-02 1.955000000000000140e-02
7.327899999999999636e+00 6.186000000000000387e-01 9.250000000000001277e-03 3.835000000000000214e-02
1.275999999999999912e-01 4.549000000000000266e-01 3.280000000000000276e-02 -4.959999999999999826e-02
2.913000000000000034e-01 4.549000000000000266e-01 2.280000000000000082e-02 -4.655000000000000110e-02
4.549000000000000266e-01 4.549000000000000266e-01 2.995000000000000093e-02 -6.915000000000000313e-02
6.186000000000000387e-01 4.549000000000000266e-01 5.659999999999999754e-02 -1.078500000000000014e-01
7.822000000000000064e-01 4.549000000000000266e-01 6.659999999999999254e-02 -1.295999999999999930e-01
9.458999999999999631e-01 4.549000000000000266e-01 1.890000000000000013e-02 -8.834999999999999798e-02
1.109499999999999931e+00 4.549000000000000266e-01 7.150000000000000105e-03 -8.925000000000000988e-02
1.273099999999999898e+00 4.549000000000000266e-01 1.204999999999999995e-02 -1.021500000000000047e-01
1.436800000000000077e+00 4.549000000000000266e-01 4.349999999999999700e-03 -1.031499999999999917e-01
1.600400000000000045e+00 4.549000000000000266e-01 -1.670000000000000304e-02 -8.534999999999999531e-02
1.764100000000000001e+00 4.549000000000000266e-01 -2.235000000000000181e-02 -6.959999999999999520e-02
1.927699999999999969e+00 4.549000000000000266e-01 -3.629999999999999893e-02 -5.975000000000000450e-02
2.091400000000000148e+00 4.549000000000000266e-01 -2.815000000000000141e-02 -5.314999999999999586e-02
2.254999999999999893e+00 4.549000000000000266e-01 -2.819999999999999937e-02 -4.775000000000000078e-02
2.418600000000000083e+00 4.549000000000000266e-01 -4.764999999999999791e-02 -2.599999999999999881e-02
2.582300000000000040e+00 4.549000000000000266e-01 -4.414999999999999480e-02 -1.314999999999999850e-02
2.745899999999999785e+00 4.549000000000000266e-01 -4.499999999999999833e-02 1.024999999999999870e-02
2.909600000000000186e+00 4.549000000000000266e-01 -4.345000000000000251e-02 3.430000000000000410e-02
3.073199999999999932e+00 4.549000000000000266e-01 -4.845000000000000001e-02 4.585000000000000187e-02
3.236800000000000122e+00 4.549000000000000266e-01 -5.315000000000000280e-02 6.514999999999999958e-02
3.400500000000000078e+00 4.549000000000000266e-01 -4.570000000000000451e-02 7.969999999999999307e-02
3.564099999999999824e+00 4.549000000000000266e-01 -4.985000000000000542e-02 9.059999999999999998e-02
3.727799999999999780e+00 4.549000000000000266e-01 -3.474999999999999617e-02 9.394999999999999185e-02
3.891399999999999970e+00 4.549000000000000266e-01 -3.064999999999999669e-02 1.020000000000000073e-01
4.055100000000000371e+00 4.549000000000000266e-01 -1.785000000000000128e-02 1.010999999999999954e-01
4.218700000000000117e+00 4.549000000000000266e-01 -3.230000000000000232e-02 1.111499999999999988e-01
4.382299999999999862e+00 4.549000000000000266e-01 -5.294999999999999707e-02 1.409499999999999920e-01
4.546000000000000263e+00 4.549000000000000266e-01 -4.330000000000000515e-02 1.321499999999999897e-01
4.709600000000000009e+00 4.549000000000000266e-01 -6.074999999999999845e-02 1.673499999999999988e-01
4.873300000000000409e+00 4.549000000000000266e-01 -5.299999999999999850e-02 1.236000000000000015e-01
5.036900000000000155e+00 4.549000000000000266e-01 -4.560000000000000164e-02 6.064999999999999558e-02
5.200599999999999667e+00 4.549000000000000266e-01 -4.214999999999999997e-02 6.629999999999999782e-02
5.364200000000000301e+00 4.549000000000000266e-01 -3.074999999999999956e-02 1.232000000000000040e-01
5.527800000000000047e+00 4.549000000000000266e-01 -4.900000000000000189e-02 2.166500000000000092e-01
5.691499999999999559e+00 4.549000000000000266e-01 2.999999999999947153e-04 1.008999999999999897e-01
5.855100000000000193e+00 4.549000000000000266e-01 1.944999999999999854e-02 8.204999999999999793e-02
6.018799999999999706e+00 4.549000000000000266e-01 -2.450000000000000788e-03 1.068000000000000060e-01
6.182400000000000340e+00 4.549000000000000266e-01 4.449999999999995626e-03 9.295000000000000484e-02
6.346099999999999852e+00 4.549000000000000266e-01 -2.049999999999996270e-03 9.450000000000000067e-02
6.509699999999999598e+00 4.549000000000000266e-01 -4.000000000000010492e-04 7.669999999999999041e-02
6.673300000000000232e+00 4.549000000000000266e-01 4.050000000000001515e-03 6.214999999999999691e-02
6.836999999999999744e+00 4.549000000000000266e-01 -3.495000000000000190e-02 9.220000000000000417e-02
7.000600000000000378e+00 4.549000000000000266e-01 -6.049999999999998088e-03 6.909999999999999476e-02
7.164299999999999891e+00 4.549000000000000266e-01 -3.250000000000000111e-02 4.834999999999999715e-02
7.327899999999999636e+00 4.549000000000000266e-01 -3.684999999999999387e-02 5.274999999999999828e-02
1.275999999999999912e-01 2.913000000000000034e-01 3.490000000000000047e-02 -7.410000000000001308e-02
2.913000000000000034e-01 2.913000000000000034e-01 2.264999999999999999e-02 -9.105000000000000593e-02
4.549000000000000266e-01 2.913000000000000034e-01 2.179999999999999993e-02 -8.920000000000000151e-02
6.186000000000000387e-01 2.913000000000000034e-01 3.604999999999999871e-02 -1.012999999999999873e-01
7.822000000000000064e-01 2.913000000000000034e-01 5.144999999999999574e-02 -1.675500000000000045e-01
9.458999999999999631e-01 2.913000000000000034e-01 1.365000000000000067e-02 -9.759999999999999232e-02
1.109499999999999931e+00 2.913000000000000034e-01 -8.899999999999999925e-03 -8.770000000000000018e-02
1.273099999999999898e+00 2.913000000000000034e-01 1.310000000000000053e-02 -1.669499999999999873e-01
1.436800000000000077e+00 2.913000000000000034e-01 -1.335000000000000075e-02 -1.298499999999999932e-01
1.600400000000000045e+00 2.913000000000000034e-01 -1.450000000000000074e-02 -1.308499999999999941e-01
1.764100000000000001e+00 2.913000000000000034e-01 -4.145000000000000073e-02 -9.485000000000000375e-02
1.927699999999999969e+00 2.913000000000000034e-01 -4.854999999999999594e-02 -8.100000000000000255e-02
2.091400000000000148e+00 2.913000000000000034e-01 -5.759999999999999842e-02 -7.954999999999999571e-02
2.254999999999999893e+00 2.913000000000000034e-01 -5.905000000000000526e-02 -6.039999999999999536e-02
2.418600000000000083e+00 2.913000000000000034e-01 -6.820000000000001061e-02 -3.840000000000000357e-02
2.582300000000000040e+00 2.913000000000000034e-01 -7.009999999999999565e-02 -2.670000000000000151e-02
2.745899999999999785e+00 2.913000000000000034e-01 -7.124999999999999389e-02 -1.189999999999999739e-02
2.909600000000000186e+00 2.913000000000000034e-01 -7.814999999999999725e-02 2.025000000000000411e-02
3.073199999999999932e+00 2.913000000000000034e-01 -7.270000000000000073e-02 3.880000000000000115e-02
3.236800000000000122e+00 2.913000000000000034e-01 -6.520000000000000795e-02 6.209999999999999548e-02
3.400500000000000078e+00 2.913000000000000034e-01 -6.815000000000000224e-02 7.464999999999999414e-02
3.564099999999999824e+00 2.913000000000000034e-01 -7.810000000000000275e-02 8.734999999999999709e-02
3.727799999999999780e+00 2.913000000000000034e-01 -7.744999999999999107e-02 1.020999999999999963e-01
3.891399999999999970e+00 2.913000000000000034e-01 -7.464999999999999414e-02 1.166500000000000037e-01
4.055100000000000371e+00 2.913000000000000034e-01 -7.585000000000000075e-02 1.190999999999999975e-01
4.218700000000000117e+00 2.913000000000000034e-01 -6.370000000000000662e-02 1.100999999999999895e-01
4.382299999999999862e+00 2.913000000000000034e-01 -7.850000000000000033e-02 1.417499999999999871e-01
4.546000000000000263e+00 2.913000000000000034e-01 -6.969999999999999807e-02 1.073999999999999955e-01
4.709600000000000009e+00 2.913000000000000034e-01 -7.165000000000000535e-02 1.154499999999999971e-01
4.873300000000000409e+00 2.913000000000000034e-01 -9.500000000000000111e-02 5.149999999999999717e-02
5.036900000000000155e+00 2.913000000000000034e-01 -6.804999999999999938e-02 3.109999999999999570e-02
5.200599999999999667e+00 2.913000000000000034e-01 -6.700000000000000400e-02 1.333500000000000241e-01
5.364200000000000301e+00 2.913000000000000034e-01 -5.264999999999999541e-02 1.247499999999999998e-01
5.527800000000000047e+00 2.913000000000000034e-01 -8.940000000000000724e-02 1.472499999999999920e-01
5.691499999999999559e+00 2.913000000000000034e-01 -4.639999999999999680e-02 1.157999999999999863e-01
5.855100000000000193e+00 2.913000000000000034e-01 -3.955000000000000182e-02 8.964999999999999358e-02
6.018799999999999706e+00 2.913000000000000034e-01 -6.244999999999999857e-02 1.341499999999999915e-01
6.182400000000000340e+00 2.913000000000000034e-01 -3.039999999999999994e-02 1.218000000000000055e-01
6.346099999999999852e+00 2.913000000000000034e-01 -6.489999999999999936e-02 1.182499999999999940e-01
6.509699999999999598e+00 2.913000000000000034e-01 9.849999999999999381e-03 1.473000000000000143e-01
6.673300000000000232e+00 2.913000000000000034e-01 -1.380000000000000150e-02 7.190000000000000557e-02
6.836999999999999744e+00 2.913000000000000034e-01 -7.265000000000000624e-02 8.859999999999999820e-02
7.000600000000000378e+00 2.913000000000000034e-01 -5.299999999999999850e-02 6.199999999999999956e-02
7.164299999999999891e+00 2.913000000000000034e-01 -1.354999999999999954e-02 1.344000000000000195e-01
7.327899999999999636e+00 2.913000000000000034e-01 -1.335000000000000075e-01 1.302999999999999992e-01
1.275999999999999912e-01 1.275999999999999912e-01 4.180000000000000382e-02 -1.008499999999999952e-01
2.913000000000000034e-01 1.275999999999999912e-01 5.019999999999999463e-02 -1.231000000000000011e-01
4.549000000000000266e-01 1.275999999999999912e-01 1.979999999999999816e-02 -8.120000000000000828e-02
6.186000000000000387e-01 1.275999999999999912e-01 2.384999999999999620e-02 -1.593500000000000194e-01
7.822000000000000064e-01 1.275999999999999912e-01 3.024999999999999911e-02 -1.904500000000000082e-01
9.458999999999999631e-01 1.275999999999999912e-01 -1.799999999999999951e-03 -1.101999999999999924e-01
1.109499999999999931e+00 1.275999999999999912e-01 1.580000000000000154e-02 -2.655500000000000083e-01
1.273099999999999898e+00 1.275999999999999912e-01 5.749999999999999903e-03 -2.275999999999999968e-01
1.436800000000000077e+00 1.275999999999999912e-01 -3.065000000000000016e-02 -1.266500000000000126e-01
1.600400000000000045e+00 1.275999999999999912e-01 -4.024999999999999412e-02 -1.353000000000000036e-01
1.764100000000000001e+00 1.275999999999999912e-01 -4.794999999999999957e-02 -1.272999999999999965e-01
1.927699999999999969e+00 1.275999999999999912e-01 -5.824999999999999623e-02 -1.111499999999999988e-01
2.091400000000000148e+00 1.275999999999999912e-01 -7.714999999999999636e-02 -9.169999999999998985e-02
2.254999999999999893e+00 1.275999999999999912e-01 -8.265000000000000124e-02 -6.719999999999999585e-02
2.418600000000000083e+00 1.275999999999999912e-01 -9.074999999999999734e-02 -5.210000000000000048e-02
2.582300000000000040e+00 1.275999999999999912e-01 -9.895000000000001017e-02 -4.435000000000000053e-02
2.745899999999999785e+00 1.275999999999999912e-01 -1.043499999999999983e-01 -2.809999999999999651e-02
2.909600000000000186e+00 1.275999999999999912e-01 -1.098999999999999977e-01 3.599999999999999034e-03
3.073199999999999932e+00 1.275999999999999912e-01 -1.183000000000000163e-01 1.735000000000000084e-02
3.236800000000000122e+00 1.275999999999999912e-01 -1.079999999999999988e-01 4.970000000000000112e-02
3.400500000000000078e+00 1.275999999999999912e-01 -1.063999999999999946e-01 7.844999999999999196e-02
3.564099999999999824e+00 1.275999999999999912e-01 -1.068999999999999950e-01 8.930000000000000437e-02
3.727799999999999780e+00 1.275999999999999912e-01 -1.095500000000000085e-01 9.615000000000001323e-02
3.891399999999999970e+00 1.275999999999999912e-01 -1.093500000000000028e-01 1.083500000000000019e-01
4.055100000000000371e+00 1.275999999999999912e-01 -1.136500000000000010e-01 1.178000000000000019e-01
4.218700000000000117e+00 1.275999999999999912e-01 -1.137500000000000039e-01 1.281499999999999861e-01
4.382299999999999862e+00 1.275999999999999912e-01 -1.214500000000000024e-01 1.294499999999999817e-01
4.546000000000000263e+00 1.275999999999999912e-01 -1.014499999999999985e-01 1.132500000000000034e-01
4.709600000000000009e+00 1.275999999999999912e-01 -1.278499999999999914e-01 1.524500000000000022e-01
4.873300000000000409e+00 1.275999999999999912e-01 -1.563499999999999890e-01 1.874000000000000110e-01
5.036900000000000155e+00 1.275999999999999912e-01 -2.064999999999999891e-01 1.640000000000000069e-01
5.200599999999999667e+00 1.275999999999999912e-01 -1.045500000000000040e-01 1.792499999999999927e-01
5.364200000000000301e+00 1.275999999999999912e-01 -1.422499999999999876e-01 1.817000000000000282e-01
5.527800000000000047e+00 1.275999999999999912e-01 -4.994999999999999440e-02 1.549999999999999989e-01
5.691499999999999559e+00 1.275999999999999912e-01 -8.150000000000000300e-02 1.358499999999999985e-01
5.855100000000000193e+00 1.275999999999999912e-01 -1.439999999999999891e-01 1.617500000000000049e-01
6.018799999999999706e+00 1.275999999999999912e-01 -8.459999999999999465e-02 4.435000000000000053e-02
6.182400000000000340e+00 1.275999999999999912e-01 -3.050000000000000627e-03 1.663999999999999924e-01
6.346099999999999852e+00 1.275999999999999912e-01 -1.061499999999999944e-01 9.929999999999999938e-02
6.509699999999999598e+00 1.275999999999999912e-01 -4.714999999999999747e-02 1.455000000000000043e-02
6.673300000000000232e+00 1.275999999999999912e-01 -3.520000000000000212e-02 8.669999999999999929e-02
6.836999999999999744e+00 1.275999999999999912e-01 -2.136000000000000121e-01 1.370500000000000052e-01
7.000600000000000378e+00 1.275999999999999912e-01 -2.081500000000000017e-01 1.270499999999999963e-01
7.164299999999999891e+00 1.275999999999999912e-01 -2.047499999999999876e-01 1.502499999999999947e-01
7.327899999999999636e+00 1.275999999999999912e-01 -1.693000000000000060e-01 1.299500000000000099e-01
