1.275999999999999912e-01 1.927699999999999969e+00 4.934999999999999803e-02 -2.584999999999999798e-02
2.913000000000000034e-01 1.927699999999999969e+00 4.570000000000000451e-02 -2.629999999999999699e-02
4.549000000000000266e-01 1.927699999999999969e+00 4.195000000000000118e-02 -3.114999999999999714e-02
6.186000000000000387e-01 1.927699999999999969e+00 3.529999999999999805e-02 -3.755000000000000004e-02
7.822000000000000064e-01 1.927699999999999969e+00 2.630000000000000046e-02 -3.969999999999999918e-02
9.458999999999999631e-01 1.927699999999999969e+00 1.915000000000000036e-02 -4.044999999999999984e-02
1.109499999999999931e+00 1.927699999999999969e+00 1.754999999999999963e-02 -4.214999999999999997e-02
1.273099999999999898e+00 1.927699999999999969e+00 1.775000000000000189e-02 -4.245000000000000162e-02
1.436800000000000077e+00 1.927699999999999969e+00 1.864999999999999991e-02 -4.359999999999999987e-02
1.600400000000000045e+00 1.927699999999999969e+00 1.009999999999999960e-02 -4.959999999999999826e-02
1.764100000000000001e+00 1.927699999999999969e+00 1.749999999999999820e-03 -4.760000000000000342e-02
1.927699999999999969e+00 1.927699999999999969e+00 7.700000000000000247e-03 -4.429999999999999910e-02
2.091400000000000148e+00 1.927699999999999969e+00 3.699999999999999296e-03 -4.909999999999999781e-02
2.254999999999999893e+00 1.927699999999999969e+00 7.150000000000000105e-03 -4.855000000000000288e-02
2.418600000000000083e+00 1.927699999999999969e+00 1.900000000000000647e-03 -5.045000000000000179e-02
2.582300000000000040e+00 1.927699999999999969e+00 -2.950000000000000365e-03 -5.035000000000000586e-02
2.745899999999999785e+00 1.927699999999999969e+00 -6.949999999999999581e-03 -4.959999999999999826e-02
2.909600000000000186e+00 1.927699999999999969e+00 -1.200000000000000025e-02 -5.140000000000000124e-02
3.073199999999999932e+00 1.927699999999999969e+00 -1.760000000000000106e-02 -5.399999999999999939e-02
3.236800000000000122e+00 1.927699999999999969e+00 -2.369999999999999885e-02 -5.609999999999999709e-02
3.400500000000000078e+00 1.927699999999999969e+00 -2.069999999999999965e-02 -5.190000000000000169e-02
3.564099999999999824e+00 1.927699999999999969e+00 -2.479999999999999913e-02 -5.035000000000000586e-02
3.727799999999999780e+00 1.927699999999999969e+00 -2.875000000000000125e-02 -4.914999999999999925e-02
3.891399999999999970e+00 1.927699999999999969e+00 -2.860000000000000042e-02 -4.199999999999999567e-02
4.055100000000000371e+00 1.927699999999999969e+00 -3.594999999999999585e-02 -4.670000000000000540e-02
4.218700000000000117e+00 1.927699999999999969e+00 -4.139999999999999930e-02 -5.745000000000000107e-02
4.382299999999999862e+00 1.927699999999999969e+00 -4.130000000000000338e-02 -5.145000000000000268e-02
4.546000000000000263e+00 1.927699999999999969e+00 -4.055000000000000271e-02 -3.980000000000000204e-02
4.709600000000000009e+00 1.927699999999999969e+00 -4.420000000000000318e-02 -4.420000000000000318e-02
4.873300000000000409e+00 1.927699999999999969e+00 -4.830000000000000265e-02 -4.870000000000000023e-02
5.036900000000000155e+00 1.927699999999999969e+00 -5.090000000000000080e-02 -4.355000000000000537e-02
5.200599999999999667e+00 1.927699999999999969e+00 -5.405000000000000082e-02 -4.435000000000000053e-02
5.364200000000000301e+00 1.927699999999999969e+00 -5.640000000000000568e-02 -3.819999999999999785e-02
5.527800000000000047e+00 1.927699999999999969e+00 -6.155000000000000748e-02 -4.139999999999999930e-02
5.691499999999999559e+00 1.927699999999999969e+00 -6.325000000000000067e-02 -4.870000000000000023e-02
5.855100000000000193e+00 1.927699999999999969e+00 -6.064999999999999558e-02 -3.329999999999999627e-02
6.018799999999999706e+00 1.927699999999999969e+00 -5.970000000000000306e-02 -2.564999999999999919e-02
6.182400000000000340e+00 1.927699999999999969e+00 -6.224999999999999978e-02 -2.659999999999999865e-02
6.346099999999999852e+00 1.927699999999999969e+00 -6.704999999999999849e-02 -2.820000000000000284e-02
6.509699999999999598e+00 1.927699999999999969e+00 -6.395000000000000684e-02 -1.955000000000000140e-02
6.673300000000000232e+00 1.927699999999999969e+00 -6.450000000000000178e-02 -1.685000000000000039e-02
6.836999999999999744e+00 1.927699999999999969e+00 -6.250000000000000000e-02 -8.649999999999999703e-03
7.000600000000000378e+00 1.927699999999999969e+00 -6.085000000000000131e-02 -6.599999999999999964e-03
7.164299999999999891e+00 1.927699999999999969e+00 -5.905000000000000526e-02 2.949999999999999931e-03
7.327899999999999636e+00 1.927699999999999969e+00 -5.954999999999999877e-02 9.300000000000000974e-03
1.275999999999999912e-01 1.764100000000000001e+00 4.180000000000000382e-02 -3.069999999999999812e-02
2.913000000000000034e-01 1.764100000000000001e+00 4.995000000000000134e-02 -3.105000000000000121e-02
4.549000000000000266e-01 1.764100000000000001e+00 4.139999999999999930e-02 -3.485000000000000597e-02
6.186000000000000387e-01 1.764100000000000001e+00 4.055000000000000271e-02 -3.565000000000000113e-02
7.822000000000000064e-01 1.764100000000000001e+00 3.874999999999999972e-02 -3.660000000000000059e-02
9.458999999999999631e-01 1.764100000000000001e+00 2.929999999999999966e-02 -4.284999999999999920e-02
1.109499999999999931e+00 1.764100000000000001e+00 2.214999999999999955e-02 -4.574999999999999900e-02
1.273099999999999898e+00 1.764100000000000001e+00 8.000000000000000167e-03 -5.355000000000000038e-02
1.436800000000000077e+00 1.764100000000000001e+00 1.209999999999999964e-02 -5.060000000000000608e-02
1.600400000000000045e+00 1.764100000000000001e+00 4.899999999999999842e-03 -5.634999999999999731e-02
1.764100000000000001e+00 1.764100000000000001e+00 1.749999999999999820e-03 -5.695000000000000062e-02
1.927699999999999969e+00 1.764100000000000001e+00 7.049999999999998976e-03 -5.609999999999999709e-02
2.091400000000000148e+00 1.764100000000000001e+00 1.145000000000000011e-02 -5.194999999999999618e-02
2.254999999999999893e+00 1.764100000000000001e+00 8.050000000000001599e-03 -5.070000000000000201e-02
2.418600000000000083e+00 1.764100000000000001e+00 -4.049999999999999781e-03 -5.330000000000000016e-02
2.582300000000000040e+00 1.764100000000000001e+00 -8.500000000000000611e-04 -5.344999999999999751e-02
2.745899999999999785e+00 1.764100000000000001e+00 -5.499999999999999681e-03 -5.630000000000000282e-02
2.909600000000000186e+00 1.764100000000000001e+00 -1.200000000000000025e-02 -5.904999999999999832e-02
3.073199999999999932e+00 1.764100000000000001e+00 -1.474999999999999922e-02 -5.759999999999999842e-02
3.236800000000000122e+00 1.764100000000000001e+00 -1.229999999999999843e-02 -5.380000000000000060e-02
3.400500000000000078e+00 1.764100000000000001e+00 -1.729999999999999941e-02 -5.240000000000000213e-02
3.564099999999999824e+00 1.764100000000000001e+00 -2.359999999999999945e-02 -5.215000000000000191e-02
3.727799999999999780e+00 1.764100000000000001e+00 -2.944999999999999701e-02 -5.509999999999999620e-02
3.891399999999999970e+00 1.764100000000000001e+00 -2.860000000000000042e-02 -4.920000000000000068e-02
4.055100000000000371e+00 1.764100000000000001e+00 -3.389999999999999958e-02 -5.614999999999999852e-02
4.218700000000000117e+00 1.764100000000000001e+00 -3.734999999999999432e-02 -5.550000000000000072e-02
4.382299999999999862e+00 1.764100000000000001e+00 -4.064999999999999863e-02 -5.330000000000000016e-02
4.546000000000000263e+00 1.764100000000000001e+00 -4.485000000000000098e-02 -4.989999999999999991e-02
4.709600000000000009e+00 1.764100000000000001e+00 -4.779999999999999527e-02 -5.215000000000000191e-02
4.873300000000000409e+00 1.764100000000000001e+00 -5.165000000000000147e-02 -5.274999999999999828e-02
5.036900000000000155e+00 1.764100000000000001e+00 -4.960000000000000520e-02 -4.265000000000000041e-02
5.200599999999999667e+00 1.764100000000000001e+00 -5.550000000000000072e-02 -4.714999999999999747e-02
5.364200000000000301e+00 1.764100000000000001e+00 -5.884999999999999953e-02 -5.029999999999999749e-02
5.527800000000000047e+00 1.764100000000000001e+00 -6.145000000000000462e-02 -5.070000000000000201e-02
5.691499999999999559e+00 1.764100000000000001e+00 -6.039999999999999536e-02 -4.454999999999999932e-02
5.855100000000000193e+00 1.764100000000000001e+00 -6.354999999999999538e-02 -3.665000000000000202e-02
6.018799999999999706e+00 1.764100000000000001e+00 -6.594999999999999474e-02 -3.529999999999999805e-02
6.182400000000000340e+00 1.764100000000000001e+00 -6.450000000000000178e-02 -2.944999999999999701e-02
6.346099999999999852e+00 1.764100000000000001e+00 -6.834999999999999409e-02 -2.869999999999999635e-02
6.509699999999999598e+00 1.764100000000000001e+00 -6.975000000000000644e-02 -2.189999999999999933e-02
6.673300000000000232e+00 1.764100000000000001e+00 -6.859999999999999432e-02 -1.795000000000000068e-02
6.836999999999999744e+00 1.764100000000000001e+00 -6.659999999999999254e-02 -1.275000000000000092e-02
7.000600000000000378e+00 1.764100000000000001e+00 -6.720000000000000973e-02 -7.899999999999999037e-03
7.164299999999999891e+00 1.764100000000000001e+00 -6.375000000000000111e-02 5.500000000000001416e-04
7.327899999999999636e+00 1.764100000000000001e+00 -5.540000000000000480e-02 1.604999999999999830e-02
1.275999999999999912e-01 1.600400000000000045e+00 4.084999999999999742e-02 -3.790000000000000313e-02
2.913000000000000034e-01 1.600400000000000045e+00 4.540000000000000285e-02 -3.790000000000000313e-02
4.549000000000000266e-01 1.600400000000000045e+00 3.329999999999999627e-02 -4.485000000000000098e-02
6.186000000000000387e-01 1.600400000000000045e+00 3.615000000000000158e-02 -4.594999999999999779e-02
7.822000000000000064e-01 1.600400000000000045e+00 3.930000000000000160e-02 -3.984999999999999654e-02
9.458999999999999631e-01 1.600400000000000045e+00 3.449999999999999595e-02 -4.595000000000000473e-02
1.109499999999999931e+00 1.600400000000000045e+00 2.869999999999999982e-02 -5.025000000000000300e-02
1.273099999999999898e+00 1.600400000000000045e+00 1.545000000000000019e-02 -6.230000000000000121e-02
1.436800000000000077e+00 1.600400000000000045e+00 1.700000000000000122e-02 -6.030000000000000637e-02
1.600400000000000045e+00 1.600400000000000045e+00 1.075000000000000087e-02 -6.205000000000000793e-02
1.764100000000000001e+00 1.600400000000000045e+00 7.299999999999999198e-03 -6.464999999999999913e-02
1.927699999999999969e+00 1.600400000000000045e+00 6.350000000000000609e-03 -6.459999999999999076e-02
2.091400000000000148e+00 1.600400000000000045e+00 1.070000000000000118e-02 -6.079999999999999988e-02
2.254999999999999893e+00 1.600400000000000045e+00 7.400000000000000328e-03 -5.884999999999999953e-02
2.418600000000000083e+00 1.600400000000000045e+00 6.000000000000002727e-04 -5.574999999999999400e-02
2.582300000000000040e+00 1.600400000000000045e+00 2.550000000000000183e-03 -5.539999999999999786e-02
2.745899999999999785e+00 1.600400000000000045e+00 -5.499999999999999681e-03 -6.295000000000000595e-02
2.909600000000000186e+00 1.600400000000000045e+00 -1.274999999999999918e-02 -6.914999999999998925e-02
3.073199999999999932e+00 1.600400000000000045e+00 -1.609999999999999973e-02 -6.790000000000000202e-02
3.236800000000000122e+00 1.600400000000000045e+00 -1.439999999999999961e-02 -6.325000000000000067e-02
3.400500000000000078e+00 1.600400000000000045e+00 -2.245000000000000120e-02 -6.220000000000000528e-02
3.564099999999999824e+00 1.600400000000000045e+00 -2.310000000000000248e-02 -5.854999999999999788e-02
3.727799999999999780e+00 1.600400000000000045e+00 -2.804999999999999855e-02 -5.609999999999999709e-02
3.891399999999999970e+00 1.600400000000000045e+00 -2.869999999999999982e-02 -5.774999999999999578e-02
4.055100000000000371e+00 1.600400000000000045e+00 -3.219999999999999946e-02 -5.979999999999999899e-02
4.218700000000000117e+00 1.600400000000000045e+00 -3.654999999999999916e-02 -5.955000000000000571e-02
4.382299999999999862e+00 1.600400000000000045e+00 -4.230000000000000426e-02 -6.044999999999999679e-02
4.546000000000000263e+00 1.600400000000000045e+00 -4.639999999999999680e-02 -5.254999999999999949e-02
4.709600000000000009e+00 1.600400000000000045e+00 -4.945000000000000090e-02 -5.540000000000000480e-02
4.873300000000000409e+00 1.600400000000000045e+00 -4.939999999999999947e-02 -5.559999999999999665e-02
5.036900000000000155e+00 1.600400000000000045e+00 -5.134999999999999981e-02 -5.359999999999999487e-02
5.200599999999999667e+00 1.600400000000000045e+00 -5.655000000000000304e-02 -5.605000000000000260e-02
5.364200000000000301e+00 1.600400000000000045e+00 -6.149999999999999911e-02 -5.914999999999999425e-02
5.527800000000000047e+00 1.600400000000000045e+00 -6.074999999999999845e-02 -4.685000000000000275e-02
5.691499999999999559e+00 1.600400000000000045e+00 -6.219999999999999141e-02 -4.660000000000000253e-02
5.855100000000000193e+00 1.600400000000000045e+00 -6.740000000000000158e-02 -4.404999999999999888e-02
6.018799999999999706e+00 1.600400000000000045e+00 -6.990000000000000380e-02 -4.789999999999999813e-02
6.182400000000000340e+00 1.600400000000000045e+00 -6.840000000000000246e-02 -3.320000000000000034e-02
6.346099999999999852e+00 1.600400000000000045e+00 -7.039999999999999036e-02 -2.824999999999999734e-02
6.509699999999999598e+00 1.600400000000000045e+00 -7.459999999999999964e-02 -2.959999999999999784e-02
6.673300000000000232e+00 1.600400000000000045e+00 -7.069999999999999896e-02 -1.915000000000000036e-02
6.836999999999999744e+00 1.600400000000000045e+00 -6.869999999999999718e-02 -1.510000000000000057e-02
7.000600000000000378e+00 1.600400000000000045e+00 -7.169999999999999984e-02 -1.064999999999999974e-02
7.164299999999999891e+00 1.600400000000000045e+00 -7.030000000000000138e-02 1.350000000000000505e-03
7.327899999999999636e+00 1.600400000000000045e+00 -6.819999999999999674e-02 4.449999999999999963e-03
1.275999999999999912e-01 1.436800000000000077e+00 4.114999999999999908e-02 -4.304999999999999799e-02
2.913000000000000034e-01 1.436800000000000077e+00 3.959999999999999631e-02 -4.560000000000000164e-02
4.549000000000000266e-01 1.436800000000000077e+00 3.710000000000000103e-02 -5.119999999999999551e-02
6.186000000000000387e-01 1.436800000000000077e+00 3.364999999999999936e-02 -5.210000000000000048e-02
7.822000000000000064e-01 1.436800000000000077e+00 3.400000000000000244e-02 -4.410000000000000031e-02
9.458999999999999631e-01 1.436800000000000077e+00 3.430000000000000410e-02 -5.480000000000000149e-02
1.109499999999999931e+00 1.436800000000000077e+00 2.514999999999999875e-02 -6.055000000000000659e-02
1.273099999999999898e+00 1.436800000000000077e+00 2.384999999999999967e-02 -6.354999999999999538e-02
1.436800000000000077e+00 1.436800000000000077e+00 2.294999999999999818e-02 -6.429999999999999605e-02
1.600400000000000045e+00 1.436800000000000077e+00 2.085000000000000048e-02 -6.385000000000000397e-02
1.764100000000000001e+00 1.436800000000000077e+00 1.115000000000000019e-02 -7.025000000000000688e-02
1.927699999999999969e+00 1.436800000000000077e+00 2.150000000000000001e-03 -7.580000000000000626e-02
2.091400000000000148e+00 1.436800000000000077e+00 5.200000000000000629e-03 -7.289999999999999258e-02
2.254999999999999893e+00 1.436800000000000077e+00 1.349999999999998770e-03 -7.134999999999999676e-02
2.418600000000000083e+00 1.436800000000000077e+00 -3.350000000000000113e-03 -7.245000000000000051e-02
2.582300000000000040e+00 1.436800000000000077e+00 -1.335000000000000075e-02 -7.869999999999999218e-02
2.745899999999999785e+00 1.436800000000000077e+00 -1.884999999999999870e-02 -8.169999999999999485e-02
2.909600000000000186e+00 1.436800000000000077e+00 -2.175000000000000197e-02 -7.864999999999999769e-02
3.073199999999999932e+00 1.436800000000000077e+00 -2.384999999999999967e-02 -7.910000000000000364e-02
3.236800000000000122e+00 1.436800000000000077e+00 -2.179999999999999993e-02 -7.510000000000000009e-02
3.400500000000000078e+00 1.436800000000000077e+00 -1.924999999999999975e-02 -6.694999999999999563e-02
3.564099999999999824e+00 1.436800000000000077e+00 -2.435000000000000012e-02 -6.479999999999999649e-02
3.727799999999999780e+00 1.436800000000000077e+00 -2.720000000000000195e-02 -6.295000000000000595e-02
3.891399999999999970e+00 1.436800000000000077e+00 -2.510000000000000078e-02 -6.219999999999999835e-02
4.055100000000000371e+00 1.436800000000000077e+00 -3.314999999999999891e-02 -6.775000000000000466e-02
4.218700000000000117e+00 1.436800000000000077e+00 -4.540000000000000285e-02 -7.825000000000000011e-02
4.382299999999999862e+00 1.436800000000000077e+00 -4.864999999999999880e-02 -7.880000000000000893e-02
4.546000000000000263e+00 1.436800000000000077e+00 -4.580000000000000043e-02 -6.099999999999999867e-02
4.709600000000000009e+00 1.436800000000000077e+00 -4.925000000000000211e-02 -5.465000000000000413e-02
4.873300000000000409e+00 1.436800000000000077e+00 -5.115000000000000102e-02 -6.110000000000000153e-02
5.036900000000000155e+00 1.436800000000000077e+00 -5.399999999999999939e-02 -5.974999999999999756e-02
5.200599999999999667e+00 1.436800000000000077e+00 -5.999999999999999778e-02 -6.595000000000000862e-02
5.364200000000000301e+00 1.436800000000000077e+00 -6.554999999999999716e-02 -5.820000000000000173e-02
5.527800000000000047e+00 1.436800000000000077e+00 -6.264999999999999736e-02 -5.244999999999999662e-02
5.691499999999999559e+00 1.436800000000000077e+00 -6.640000000000000069e-02 -4.495000000000000384e-02
5.855100000000000193e+00 1.436800000000000077e+00 -7.230000000000000315e-02 -4.535000000000000142e-02
6.018799999999999706e+00 1.436800000000000077e+00 -7.474999999999999700e-02 -4.340000000000000108e-02
6.182400000000000340e+00 1.436800000000000077e+00 -6.909999999999999476e-02 -2.389999999999999764e-02
6.346099999999999852e+00 1.436800000000000077e+00 -6.729999999999999871e-02 -2.079999999999999905e-02
6.509699999999999598e+00 1.436800000000000077e+00 -7.819999999999999174e-02 -2.769999999999999893e-02
6.673300000000000232e+00 1.436800000000000077e+00 -8.150000000000000300e-02 -2.060000000000000026e-02
6.836999999999999744e+00 1.436800000000000077e+00 -7.165000000000000535e-02 -6.950000000000000448e-03
7.000600000000000378e+00 1.436800000000000077e+00 -7.300000000000000933e-02 -7.499999999999997988e-04
7.164299999999999891e+00 1.436800000000000077e+00 -7.415000000000000757e-02 2.200000000000000133e-03
7.327899999999999636e+00 1.436800000000000077e+00 -8.319999999999999618e-02 1.050000000000000152e-03
1.275999999999999912e-01 1.273099999999999898e+00 4.390000000000000152e-02 -4.975000000000000255e-02
2.913000000000000034e-01 1.273099999999999898e+00 4.105000000000000315e-02 -5.165000000000000147e-02
4.549000000000000266e-01 1.273099999999999898e+00 4.220000000000000140e-02 -5.544999999999999929e-02
6.186000000000000387e-01 1.273099999999999898e+00 3.610000000000000014e-02 -6.154999999999999361e-02
7.822000000000000064e-01 1.273099999999999898e+00 2.835000000000000020e-02 -6.635000000000000620e-02
9.458999999999999631e-01 1.273099999999999898e+00 3.200000000000000067e-02 -6.709999999999999298e-02
1.109499999999999931e+00 1.273099999999999898e+00 3.780000000000000027e-02 -6.275000000000000022e-02
1.273099999999999898e+00 1.273099999999999898e+00 2.645000000000000129e-02 -7.209999999999999742e-02
1.436800000000000077e+00 1.273099999999999898e+00 2.035000000000000003e-02 -7.905000000000000915e-02
1.600400000000000045e+00 1.273099999999999898e+00 1.650000000000000078e-02 -8.064999999999999947e-02
1.764100000000000001e+00 1.273099999999999898e+00 1.180000000000000146e-02 -8.465000000000000302e-02
1.927699999999999969e+00 1.273099999999999898e+00 1.079999999999999884e-02 -8.325000000000000455e-02
2.091400000000000148e+00 1.273099999999999898e+00 4.550000000000000225e-03 -8.524999999999999245e-02
2.254999999999999893e+00 1.273099999999999898e+00 -2.000000000000005246e-04 -8.215000000000000080e-02
2.418600000000000083e+00 1.273099999999999898e+00 -8.349999999999999784e-03 -8.519999999999999796e-02
2.582300000000000040e+00 1.273099999999999898e+00 -8.899999999999999925e-03 -8.219999999999999529e-02
2.745899999999999785e+00 1.273099999999999898e+00 -1.439999999999999961e-02 -8.434999999999999443e-02
2.909600000000000186e+00 1.273099999999999898e+00 -1.984999999999999959e-02 -8.460000000000000853e-02
3.073199999999999932e+00 1.273099999999999898e+00 -2.120000000000000009e-02 -8.599999999999999312e-02
3.236800000000000122e+00 1.273099999999999898e+00 -2.359999999999999945e-02 -8.324999999999999067e-02
3.400500000000000078e+00 1.273099999999999898e+00 -2.550000000000000183e-02 -7.730000000000000759e-02
3.564099999999999824e+00 1.273099999999999898e+00 -2.344999999999999862e-02 -7.149999999999999412e-02
3.727799999999999780e+00 1.273099999999999898e+00 -3.064999999999999669e-02 -7.624999999999999833e-02
3.891399999999999970e+00 1.273099999999999898e+00 -3.284999999999999726e-02 -7.699999999999999900e-02
4.055100000000000371e+00 1.273099999999999898e+00 -3.189999999999999780e-02 -6.820000000000001061e-02
4.218700000000000117e+00 1.273099999999999898e+00 -4.394999999999999601e-02 -7.639999999999999569e-02
4.382299999999999862e+00 1.273099999999999898e+00 -4.080000000000000293e-02 -7.420000000000000207e-02
4.546000000000000263e+00 1.273099999999999898e+00 -4.609999999999999515e-02 -7.370000000000000162e-02
4.709600000000000009e+00 1.273099999999999898e+00 -5.344999999999999751e-02 -7.445000000000000229e-02
4.873300000000000409e+00 1.273099999999999898e+00 -5.870000000000000218e-02 -8.924999999999999600e-02
5.036900000000000155e+00 1.273099999999999898e+00 -6.164999999999999647e-02 -8.655000000000000193e-02
5.200599999999999667e+00 1.273099999999999898e+00 -6.394999999999999296e-02 -7.059999999999999609e-02
5.364200000000000301e+00 1.273099999999999898e+00 -6.769999999999999629e-02 -5.229999999999999927e-02
5.527800000000000047e+00 1.273099999999999898e+00 -6.885000000000000842e-02 -3.980000000000000204e-02
5.691499999999999559e+00 1.273099999999999898e+00 -7.384999999999999898e-02 -5.065000000000000058e-02
5.855100000000000193e+00 1.273099999999999898e+00 -7.694999999999999063e-02 -4.889999999999999902e-02
6.018799999999999706e+00 1.273099999999999898e+00 -7.669999999999999041e-02 -3.905000000000000138e-02
6.182400000000000340e+00 1.273099999999999898e+00 -7.339999999999999303e-02 -3.130000000000000143e-02
6.346099999999999852e+00 1.273099999999999898e+00 -8.615000000000000435e-02 -3.800000000000000600e-02
6.509699999999999598e+00 1.273099999999999898e+00 -9.199999999999999845e-02 -4.195000000000000118e-02
6.673300000000000232e+00 1.273099999999999898e+00 -8.360000000000000764e-02 -2.149999999999999828e-02
6.836999999999999744e+00 1.273099999999999898e+00 -7.964999999999999858e-02 -1.250000000000000069e-02
7.000600000000000378e+00 1.273099999999999898e+00 -7.745000000000000495e-02 -5.300000000000000024e-03
7.164299999999999891e+00 1.273099999999999898e+00 -7.669999999999999041e-02 8.900000000000001660e-03
7.327899999999999636e+00 1.273099999999999898e+00 -8.190000000000000058e-02 1.004999999999999991e-02
1.275999999999999912e-01 1.109499999999999931e+00 4.145000000000000073e-02 -5.865000000000000074e-02
2.913000000000000034e-01 1.109499999999999931e+00 4.220000000000000140e-02 -5.619999999999999996e-02
4.549000000000000266e-01 1.109499999999999931e+00 3.980000000000000204e-02 -6.575000000000000289e-02
6.186000000000000387e-01 1.109499999999999931e+00 3.794999999999999762e-02 -7.305000000000000382e-02
7.822000000000000064e-01 1.109499999999999931e+00 3.960000000000000325e-02 -7.724999999999999922e-02
9.458999999999999631e-01 1.109499999999999931e+00 2.989999999999999949e-02 -8.250000000000000389e-02
1.109499999999999931e+00 1.109499999999999931e+00 2.679999999999999744e-02 -8.369999999999999662e-02
1.273099999999999898e+00 1.109499999999999931e+00 3.010000000000000175e-02 -8.285000000000000697e-02
1.436800000000000077e+00 1.109499999999999931e+00 1.965000000000000080e-02 -8.824999999999999512e-02
1.600400000000000045e+00 1.109499999999999931e+00 1.345000000000000015e-02 -9.170000000000000373e-02
1.764100000000000001e+00 1.109499999999999931e+00 9.900000000000000813e-03 -9.124999999999999778e-02
1.927699999999999969e+00 1.109499999999999931e+00 8.500000000000000611e-03 -8.970000000000000195e-02
2.091400000000000148e+00 1.109499999999999931e+00 2.450000000000000788e-03 -9.114999999999999492e-02
2.254999999999999893e+00 1.109499999999999931e+00 3.100000000000000325e-03 -8.840000000000000635e-02
2.418600000000000083e+00 1.109499999999999931e+00 -3.400000000000000244e-03 -8.984999999999999931e-02
2.582300000000000040e+00 1.109499999999999931e+00 -1.009999999999999960e-02 -1.000999999999999945e-01
2.745899999999999785e+00 1.109499999999999931e+00 -1.319999999999999993e-02 -9.265000000000001013e-02
2.909600000000000186e+00 1.109499999999999931e+00 -1.745000000000000023e-02 -9.425000000000000044e-02
3.073199999999999932e+00 1.109499999999999931e+00 -2.120000000000000009e-02 -9.030000000000000526e-02
3.236800000000000122e+00 1.109499999999999931e+00 -2.380000000000000171e-02 -8.444999999999999729e-02
3.400500000000000078e+00 1.109499999999999931e+00 -2.709999999999999909e-02 -8.200000000000000344e-02
3.564099999999999824e+00 1.109499999999999931e+00 -2.875000000000000125e-02 -7.975000000000000144e-02
3.727799999999999780e+00 1.109499999999999931e+00 -3.395000000000000101e-02 -8.959999999999999909e-02
3.891399999999999970e+00 1.109499999999999931e+00 -3.099999999999999978e-02 -6.454999999999999627e-02
4.055100000000000371e+00 1.109499999999999931e+00 -3.475000000000000311e-02 -7.589999999999999525e-02
4.218700000000000117e+00 1.109499999999999931e+00 -4.284999999999999920e-02 -9.414999999999999758e-02
4.382299999999999862e+00 1.109499999999999931e+00 -4.290000000000000063e-02 -8.185000000000000608e-02
4.546000000000000263e+00 1.109499999999999931e+00 -4.904999999999999638e-02 -8.119999999999999440e-02
4.709600000000000009e+00 1.109499999999999931e+00 -5.560000000000000359e-02 -9.414999999999999758e-02
4.873300000000000409e+00 1.109499999999999931e+00 -6.135000000000000175e-02 -9.364999999999999714e-02
5.036900000000000155e+00 1.109499999999999931e+00 -6.554999999999999716e-02 -1.059500000000000025e-01
5.200599999999999667e+00 1.109499999999999931e+00 -6.884999999999999454e-02 -8.934999999999999887e-02
5.364200000000000301e+00 1.109499999999999931e+00 -7.180000000000000271e-02 -7.785000000000000253e-02
5.527800000000000047e+00 1.109499999999999931e+00 -7.439999999999999392e-02 -7.184999999999999720e-02
5.691499999999999559e+00 1.109499999999999931e+00 -7.330000000000000404e-02 -4.739999999999999769e-02
5.855100000000000193e+00 1.109499999999999931e+00 -8.005000000000001004e-02 -5.505000000000000171e-02
6.018799999999999706e+00 1.109499999999999931e+00 -8.179999999999999771e-02 -5.015000000000000013e-02
6.182400000000000340e+00 1.109499999999999931e+00 -8.315000000000000169e-02 -4.549999999999999878e-02
6.346099999999999852e+00 1.109499999999999931e+00 -8.909999999999999865e-02 -4.424999999999999767e-02
6.509699999999999598e+00 1.109499999999999931e+00 -9.664999999999999980e-02 -4.259999999999999898e-02
6.673300000000000232e+00 1.109499999999999931e+00 -8.424999999999999156e-02 -2.125000000000000153e-02
6.836999999999999744e+00 1.109499999999999931e+00 -8.129999999999999727e-02 -1.189999999999999912e-02
7.000600000000000378e+00 1.109499999999999931e+00 -8.254999999999999838e-02 -9.400000000000000369e-03
7.164299999999999891e+00 1.109499999999999931e+00 -9.055000000000000548e-02 -4.100000000000000346e-03
7.327899999999999636e+00 1.109499999999999931e+00 -9.195000000000000395e-02 1.499999999999999598e-04
1.275999999999999912e-01 9.458999999999999631e-01 3.919999999999999873e-02 -7.574999999999999789e-02
2.913000000000000034e-01 9.458999999999999631e-01 3.719999999999999696e-02 -7.015000000000000402e-02
4.549000000000000266e-01 9.458999999999999631e-01 3.160000000000000309e-02 -7.975000000000000144e-02
6.186000000000000387e-01 9.458999999999999631e-01 3.665000000000000202e-02 -8.190000000000000058e-02
7.822000000000000064e-01 9.458999999999999631e-01 3.314999999999999891e-02 -8.755000000000000282e-02
9.458999999999999631e-01 9.458999999999999631e-01 2.910000000000000087e-02 -9.390000000000001124e-02
1.109499999999999931e+00 9.458999999999999631e-01 2.675000000000000294e-02 -9.179999999999999272e-02
1.273099999999999898e+00 9.458999999999999631e-01 2.065000000000000169e-02 -9.604999999999999649e-02
1.436800000000000077e+00 9.458999999999999631e-01 8.750000000000000833e-03 -1.003000000000000003e-01
1.600400000000000045e+00 9.458999999999999631e-01 1.129999999999999928e-02 -1.049500000000000016e-01
1.764100000000000001e+00 9.458999999999999631e-01 1.115000000000000019e-02 -1.086499999999999966e-01
1.927699999999999969e+00 9.458999999999999631e-01 7.649999999999999682e-03 -1.082499999999999990e-01
2.091400000000000148e+00 9.458999999999999631e-01 9.749999999999999986e-03 -8.910000000000001252e-02
2.254999999999999893e+00 9.458999999999999631e-01 4.149999999999999176e-03 -9.265000000000001013e-02
2.418600000000000083e+00 9.458999999999999631e-01 -5.500000000000000548e-03 -1.047500000000000098e-01
2.582300000000000040e+00 9.458999999999999631e-01 -1.290000000000000001e-02 -1.142500000000000043e-01
2.745899999999999785e+00 9.458999999999999631e-01 -1.600000000000000033e-02 -1.025500000000000023e-01
2.909600000000000186e+00 9.458999999999999631e-01 -2.145000000000000032e-02 -1.057000000000000023e-01
3.073199999999999932e+00 9.458999999999999631e-01 -2.430000000000000215e-02 -1.112500000000000017e-01
3.236800000000000122e+00 9.458999999999999631e-01 -2.585000000000000145e-02 -1.038999999999999924e-01
3.400500000000000078e+00 9.458999999999999631e-01 -2.964999999999999927e-02 -9.894999999999999629e-02
3.564099999999999824e+00 9.458999999999999631e-01 -3.139999999999999736e-02 -1.073999999999999955e-01
3.727799999999999780e+00 9.458999999999999631e-01 -3.554999999999999827e-02 -8.890000000000000679e-02
3.891399999999999970e+00 9.458999999999999631e-01 -3.780000000000000027e-02 -7.664999999999999591e-02
4.055100000000000371e+00 9.458999999999999631e-01 -3.905000000000000138e-02 -8.854999999999998983e-02
4.218700000000000117e+00 9.458999999999999631e-01 -4.479999999999999954e-02 -9.915000000000000202e-02
4.382299999999999862e+00 9.458999999999999631e-01 -4.845000000000000001e-02 -1.218499999999999861e-01
4.546000000000000263e+00 9.458999999999999631e-01 -5.514999999999999764e-02 -1.035000000000000087e-01
4.709600000000000009e+00 9.458999999999999631e-01 -5.970000000000000306e-02 -1.024000000000000049e-01
4.873300000000000409e+00 9.458999999999999631e-01 -6.189999999999999669e-02 -8.829999999999998961e-02
5.036900000000000155e+00 9.458999999999999631e-01 -6.834999999999999409e-02 -9.539999999999999869e-02
5.200599999999999667e+00 9.458999999999999631e-01 -7.430000000000000493e-02 -8.340000000000000191e-02
5.364200000000000301e+00 9.458999999999999631e-01 -7.880000000000000893e-02 -8.870000000000000107e-02
5.527800000000000047e+00 9.458999999999999631e-01 -8.200000000000000344e-02 -8.460000000000000853e-02
5.691499999999999559e+00 9.458999999999999631e-01 -7.420000000000000207e-02 -5.795000000000000151e-02
5.855100000000000193e+00 9.458999999999999631e-01 -7.660000000000000142e-02 -5.815000000000000030e-02
6.018799999999999706e+00 9.458999999999999631e-01 -7.674999999999999878e-02 -4.354999999999999843e-02
6.182400000000000340e+00 9.458999999999999631e-01 -8.379999999999999949e-02 -3.844999999999999807e-02
6.346099999999999852e+00 9.458999999999999631e-01 -8.615000000000000435e-02 -3.260000000000000397e-02
6.509699999999999598e+00 9.458999999999999631e-01 -8.565000000000000391e-02 -3.905000000000000138e-02
6.673300000000000232e+00 9.458999999999999631e-01 -8.874999999999999556e-02 -3.144999999999999879e-02
6.836999999999999744e+00 9.458999999999999631e-01 -8.540000000000000369e-02 -1.665000000000000160e-02
7.000600000000000378e+00 9.458999999999999631e-01 -8.934999999999999887e-02 -1.324999999999999963e-02
7.164299999999999891e+00 9.458999999999999631e-01 -9.984999999999999432e-02 -2.195000000000000076e-02
7.327899999999999636e+00 9.458999999999999631e-01 -1.173000000000000015e-01 -3.824999999999999928e-02
1.275999999999999912e-01 7.822000000000000064e-01 3.500000000000000333e-02 -8.475000000000000588e-02
2.913000000000000034e-01 7.822000000000000064e-01 2.854999999999999899e-02 -8.635000000000001008e-02
4.549000000000000266e-01 7.822000000000000064e-01 3.105000000000000121e-02 -8.385000000000000786e-02
6.186000000000000387e-01 7.822000000000000064e-01 3.020000000000000115e-02 -8.795000000000000040e-02
7.822000000000000064e-01 7.822000000000000064e-01 2.510000000000000078e-02 -9.650000000000000244e-02
9.458999999999999631e-01 7.822000000000000064e-01 2.645000000000000129e-02 -1.083500000000000019e-01
1.109499999999999931e+00 7.822000000000000064e-01 2.665000000000000008e-02 -1.036499999999999921e-01
1.273099999999999898e+00 7.822000000000000064e-01 1.675000000000000100e-02 -1.078500000000000014e-01
1.436800000000000077e+00 7.822000000000000064e-01 1.409999999999999969e-02 -1.131999999999999951e-01
1.600400000000000045e+00 7.822000000000000064e-01 1.494999999999999975e-02 -1.149000000000000021e-01
1.764100000000000001e+00 7.822000000000000064e-01 6.899999999999999883e-03 -1.164000000000000035e-01
1.927699999999999969e+00 7.822000000000000064e-01 5.000000000000004441e-04 -1.218999999999999945e-01
2.091400000000000148e+00 7.822000000000000064e-01 6.199999999999998915e-03 -1.105500000000000094e-01
2.254999999999999893e+00 7.822000000000000064e-01 1.749999999999999820e-03 -1.075500000000000067e-01
2.418600000000000083e+00 7.822000000000000064e-01 -1.135000000000000071e-02 -1.228500000000000009e-01
2.582300000000000040e+00 7.822000000000000064e-01 -1.415000000000000112e-02 -1.151000000000000079e-01
2.745899999999999785e+00 7.822000000000000064e-01 -1.839999999999999969e-02 -1.188000000000000167e-01
2.909600000000000186e+00 7.822000000000000064e-01 -2.520000000000000018e-02 -1.239000000000000101e-01
3.073199999999999932e+00 7.822000000000000064e-01 -2.559999999999999776e-02 -1.266500000000000126e-01
3.236800000000000122e+00 7.822000000000000064e-01 -2.865000000000000185e-02 -1.186499999999999916e-01
3.400500000000000078e+00 7.822000000000000064e-01 -2.794999999999999915e-02 -1.164999999999999925e-01
3.564099999999999824e+00 7.822000000000000064e-01 -3.629999999999999893e-02 -1.139999999999999902e-01
3.727799999999999780e+00 7.822000000000000064e-01 -3.649999999999999772e-02 -9.879999999999999893e-02
3.891399999999999970e+00 7.822000000000000064e-01 -3.819999999999999785e-02 -9.235000000000000153e-02
4.055100000000000371e+00 7.822000000000000064e-01 -4.070000000000000007e-02 -9.289999999999999647e-02
4.218700000000000117e+00 7.822000000000000064e-01 -4.580000000000000043e-02 -1.000500000000000000e-01
4.382299999999999862e+00 7.822000000000000064e-01 -4.769999999999999934e-02 -1.367500000000000104e-01
4.546000000000000263e+00 7.822000000000000064e-01 -5.674999999999999489e-02 -1.194999999999999951e-01
4.709600000000000009e+00 7.822000000000000064e-01 -6.304999999999999494e-02 -1.164499999999999980e-01
4.873300000000000409e+00 7.822000000000000064e-01 -6.254999999999999449e-02 -1.014499999999999985e-01
5.036900000000000155e+00 7.822000000000000064e-01 -6.089999999999999580e-02 -8.505000000000000060e-02
5.200599999999999667e+00 7.822000000000000064e-01 -6.959999999999999520e-02 -8.895000000000000129e-02
5.364200000000000301e+00 7.822000000000000064e-01 -7.564999999999999503e-02 -8.815000000000000613e-02
5.527800000000000047e+00 7.822000000000000064e-01 -7.259999999999999787e-02 -6.629999999999999782e-02
5.691499999999999559e+00 7.822000000000000064e-01 -7.654999999999999305e-02 -6.089999999999999580e-02
5.855100000000000193e+00 7.822000000000000064e-01 -7.159999999999999698e-02 -6.085000000000000131e-02
6.018799999999999706e+00 7.822000000000000064e-01 -6.829999999999999960e-02 -4.529999999999999999e-02
6.182400000000000340e+00 7.822000000000000064e-01 -7.139999999999999125e-02 -3.955000000000000182e-02
6.346099999999999852e+00 7.822000000000000064e-01 -7.264999999999999236e-02 -3.669999999999999651e-02
6.509699999999999598e+00 7.822000000000000064e-01 -8.590000000000000413e-02 -4.770000000000000628e-02
6.673300000000000232e+00 7.822000000000000064e-01 -8.699999999999999400e-02 -4.105000000000000315e-02
6.836999999999999744e+00 7.822000000000000064e-01 -8.365000000000000213e-02 -3.230000000000000232e-02
7.000600000000000378e+00 7.822000000000000064e-01 -8.429999999999999993e-02 -2.394999999999999907e-02
7.164299999999999891e+00 7.822000000000000064e-01 -8.790000000000000591e-02 -1.814999999999999947e-02
7.327899999999999636e+00 7.822000000000000064e-01 -8.175000000000000322e-02 6.349999999999999742e-03
1.275999999999999912e-01 6.186000000000000387e-01 3.619999999999999607e-02 -9.074999999999999734e-02
2.913000000000000034e-01 6.186000000000000387e-01 2.935000000000000109e-02 -9.390000000000001124e-02
4.549000000000000266e-01 6.186000000000000387e-01 3.155000000000000165e-02 -8.574999999999999289e-02
6.186000000000000387e-01 6.186000000000000387e-01 2.684999999999999887e-02 -9.825000000000000400e-02
7.822000000000000064e-01 6.186000000000000387e-01 2.825000000000000080e-02 -1.118000000000000105e-01
9.458999999999999631e-01 6.186000000000000387e-01 2.219999999999999751e-02 -1.171500000000000041e-01
1.109499999999999931e+00 6.186000000000000387e-01 2.425000000000000072e-02 -1.012000000000000122e-01
1.273099999999999898e+00 6.186000000000000387e-01 1.480000000000000066e-02 -1.155000000000000054e-01
1.436800000000000077e+00 6.186000000000000387e-01 1.234999999999999987e-02 -1.226000000000000006e-01
1.600400000000000045e+00 6.186000000000000387e-01 1.085000000000000027e-02 -1.224000000000000088e-01
1.764100000000000001e+00 6.186000000000000387e-01 3.749999999999999861e-03 -1.224999999999999978e-01
1.927699999999999969e+00 6.186000000000000387e-01 -2.199999999999999699e-03 -1.324500000000000122e-01
2.091400000000000148e+00 6.186000000000000387e-01 -1.100000000000000283e-03 -1.261500000000000121e-01
2.254999999999999893e+00 6.186000000000000387e-01 -6.550000000000000266e-03 -1.361999999999999877e-01
2.418600000000000083e+00 6.186000000000000387e-01 -1.044999999999999922e-02 -1.303499999999999936e-01
2.582300000000000040e+00 6.186000000000000387e-01 -1.319999999999999993e-02 -1.285499999999999976e-01
2.745899999999999785e+00 6.186000000000000387e-01 -2.029999999999999860e-02 -1.375500000000000056e-01
2.909600000000000186e+00 6.186000000000000387e-01 -2.560000000000000123e-02 -1.362500000000000100e-01
3.073199999999999932e+00 6.186000000000000387e-01 -2.960000000000000131e-02 -1.351499999999999924e-01
3.236800000000000122e+00 6.186000000000000387e-01 -2.854999999999999899e-02 -1.328000000000000014e-01
3.400500000000000078e+00 6.186000000000000387e-01 -2.535000000000000100e-02 -1.272500000000000020e-01
3.564099999999999824e+00 6.186000000000000387e-01 -3.350000000000000200e-02 -1.148500000000000076e-01
3.727799999999999780e+00 6.186000000000000387e-01 -3.459999999999999881e-02 -1.061999999999999889e-01
3.891399999999999970e+00 6.186000000000000387e-01 -3.785000000000000170e-02 -9.720000000000000862e-02
4.055100000000000371e+00 6.186000000000000387e-01 -3.420000000000000123e-02 -7.910000000000000364e-02
4.218700000000000117e+00 6.186000000000000387e-01 -3.940000000000000446e-02 -6.809999999999999387e-02
4.382299999999999862e+00 6.186000000000000387e-01 -4.665000000000000396e-02 -1.079999999999999988e-01
4.546000000000000263e+00 6.186000000000000387e-01 -5.480000000000000149e-02 -1.309000000000000163e-01
4.709600000000000009e+00 6.186000000000000387e-01 -5.755000000000000393e-02 -1.016999999999999987e-01
4.873300000000000409e+00 6.186000000000000387e-01 -5.649999999999999467e-02 -8.805000000000000326e-02
5.036900000000000155e+00 6.186000000000000387e-01 -6.214999999999999691e-02 -9.709999999999999187e-02
5.200599999999999667e+00 6.186000000000000387e-01 -6.729999999999999871e-02 -8.444999999999999729e-02
5.364200000000000301e+00 6.186000000000000387e-01 -6.339999999999999802e-02 -7.705000000000000737e-02
5.527800000000000047e+00 6.186000000000000387e-01 -6.035000000000000087e-02 -6.859999999999999432e-02
5.691499999999999559e+00 6.186000000000000387e-01 -4.414999999999999480e-02 -4.719999999999999890e-02
5.855100000000000193e+00 6.186000000000000387e-01 -4.330000000000000515e-02 -4.014999999999999819e-02
6.018799999999999706e+00 6.186000000000000387e-01 -4.414999999999999480e-02 -3.885000000000000259e-02
6.182400000000000340e+00 6.186000000000000387e-01 -5.659999999999999754e-02 -5.569999999999999951e-02
6.346099999999999852e+00 6.186000000000000387e-01 -5.915000000000000119e-02 -4.789999999999999813e-02
6.509699999999999598e+00 6.186000000000000387e-01 -5.840000000000000052e-02 -4.329999999999999821e-02
6.673300000000000232e+00 6.186000000000000387e-01 -6.439999999999999891e-02 -4.299999999999999656e-02
6.836999999999999744e+00 6.186000000000000387e-01 -6.429999999999999605e-02 -3.590000000000000135e-02
7.000600000000000378e+00 6.186000000000000387e-01 -5.575000000000000094e-02 -1.775000000000000189e-02
7.164299999999999891e+00 6.186000000000000387e-01 -5.065000000000000058e-02 -4.199999999999999740e-03
7.327899999999999636e+00 6.186000000000000387e-01 -5.425000000000000655e-02 8.600000000000000006e-03
1.275999999999999912e-01 4.549000000000000266e-01 3.210000000000000353e-02 -1.004500000000000115e-01
2.913000000000000034e-01 4.549000000000000266e-01 3.039999999999999994e-02 -1.071499999999999952e-01
4.549000000000000266e-01 4.549000000000000266e-01 2.940000000000000252e-02 -9.795000000000000928e-02
6.186000000000000387e-01 4.549000000000000266e-01 2.475000000000000117e-02 -1.053999999999999937e-01
7.822000000000000064e-01 4.549000000000000266e-01 2.665000000000000008e-02 -1.111000000000000043e-01
9.458999999999999631e-01 4.549000000000000266e-01 2.174999999999999850e-02 -1.225999999999999868e-01
1.109499999999999931e+00 4.549000000000000266e-01 2.090000000000000191e-02 -1.184999999999999942e-01
1.273099999999999898e+00 4.549000000000000266e-01 1.945000000000000201e-02 -1.209500000000000020e-01
1.436800000000000077e+00 4.549000000000000266e-01 1.080000000000000057e-02 -1.337500000000000078e-01
1.600400000000000045e+00 4.549000000000000266e-01 7.649999999999998815e-03 -1.364500000000000157e-01
1.764100000000000001e+00 4.549000000000000266e-01 5.449999999999999983e-03 -1.421999999999999931e-01
1.927699999999999969e+00 4.549000000000000266e-01 -3.999999999999993144e-04 -1.419000000000000261e-01
2.091400000000000148e+00 4.549000000000000266e-01 -6.199999999999998915e-03 -1.353999999999999926e-01
2.254999999999999893e+00 4.549000000000000266e-01 -6.699999999999999359e-03 -1.471000000000000085e-01
2.418600000000000083e+00 4.549000000000000266e-01 -1.004999999999999991e-02 -1.449000000000000010e-01
2.582300000000000040e+00 4.549000000000000266e-01 -1.424999999999999878e-02 -1.426999999999999935e-01
2.745899999999999785e+00 4.549000000000000266e-01 -2.194999999999999729e-02 -1.630999999999999950e-01
2.909600000000000186e+00 4.549000000000000266e-01 -2.589999999999999941e-02 -1.606500000000000150e-01
3.073199999999999932e+00 4.549000000000000266e-01 -2.879999999999999921e-02 -1.552499999999999991e-01
3.236800000000000122e+00 4.549000000000000266e-01 -3.300000000000000155e-02 -1.524500000000000022e-01
3.400500000000000078e+00 4.549000000000000266e-01 -3.414999999999999980e-02 -1.566000000000000170e-01
3.564099999999999824e+00 4.549000000000000266e-01 -3.584999999999999992e-02 -1.456000000000000072e-01
3.727799999999999780e+00 4.549000000000000266e-01 -3.604999999999999871e-02 -1.177500000000000074e-01
3.891399999999999970e+00 4.549000000000000266e-01 -3.635000000000000037e-02 -1.012500000000000067e-01
4.055100000000000371e+00 4.549000000000000266e-01 -3.590000000000000135e-02 -8.804999999999998939e-02
4.218700000000000117e+00 4.549000000000000266e-01 -3.289999999999999869e-02 -9.604999999999999649e-02
4.382299999999999862e+00 4.549000000000000266e-01 -4.359999999999999987e-02 -1.171999999999999986e-01
4.546000000000000263e+00 4.549000000000000266e-01 -5.075000000000000344e-02 -1.208000000000000046e-01
4.709600000000000009e+00 4.549000000000000266e-01 -4.259999999999999898e-02 -9.199999999999999845e-02
4.873300000000000409e+00 4.549000000000000266e-01 -4.880000000000000310e-02 -8.474999999999999201e-02
5.036900000000000155e+00 4.549000000000000266e-01 -4.945000000000000090e-02 -7.750000000000001332e-02
5.200599999999999667e+00 4.549000000000000266e-01 -5.444999999999999840e-02 -7.535000000000000031e-02
5.364200000000000301e+00 4.549000000000000266e-01 -4.945000000000000784e-02 -6.669999999999999540e-02
5.527800000000000047e+00 4.549000000000000266e-01 -3.740000000000000269e-02 -4.540000000000000285e-02
5.691499999999999559e+00 4.549000000000000266e-01 -2.840000000000000163e-02 -3.064999999999999669e-02
5.855100000000000193e+00 4.549000000000000266e-01 -3.364999999999999936e-02 -3.910000000000000281e-02
6.018799999999999706e+00 4.549000000000000266e-01 -3.420000000000000123e-02 -4.900000000000000189e-02
6.182400000000000340e+00 4.549000000000000266e-01 -3.005000000000000032e-02 -4.114999999999999908e-02
6.346099999999999852e+00 4.549000000000000266e-01 -3.529999999999999805e-02 -4.015000000000000513e-02
6.509699999999999598e+00 4.549000000000000266e-01 -3.164999999999999758e-02 -4.249999999999999611e-02
6.673300000000000232e+00 4.549000000000000266e-01 -2.759999999999999953e-02 -3.479999999999999760e-02
6.836999999999999744e+00 4.549000000000000266e-01 -2.605000000000000024e-02 -3.035000000000000198e-02
7.000600000000000378e+00 4.549000000000000266e-01 -2.645000000000000129e-02 -2.000000000000000042e-02
7.164299999999999891e+00 4.549000000000000266e-01 -3.350000000000000200e-02 -7.549999999999999420e-03
7.327899999999999636e+00 4.549000000000000266e-01 -3.584999999999999992e-02 3.299999999999999982e-03
1.275999999999999912e-01 2.913000000000000034e-01 2.865000000000000185e-02 -1.030999999999999972e-01
2.913000000000000034e-01 2.913000000000000034e-01 2.280000000000000082e-02 -1.003999999999999893e-01
4.549000000000000266e-01 2.913000000000000034e-01 2.564999999999999919e-02 -9.790000000000000091e-02
6.186000000000000387e-01 2.913000000000000034e-01 2.375000000000000028e-02 -1.027500000000000080e-01
7.822000000000000064e-01 2.913000000000000034e-01 2.394999999999999907e-02 -1.038000000000000034e-01
9.458999999999999631e-01 2.913000000000000034e-01 1.560000000000000102e-02 -1.297999999999999987e-01
1.109499999999999931e+00 2.913000000000000034e-01 1.419999999999999908e-02 -1.362000000000000155e-01
1.273099999999999898e+00 2.913000000000000034e-01 1.660000000000000017e-02 -1.463500000000000079e-01
1.436800000000000077e+00 2.913000000000000034e-01 1.179999999999999973e-02 -1.459499999999999964e-01
1.600400000000000045e+00 2.913000000000000034e-01 9.650000000000000591e-03 -1.455500000000000127e-01
1.764100000000000001e+00 2.913000000000000034e-01 5.599999999999999943e-03 -1.522999999999999909e-01
1.927699999999999969e+00 2.913000000000000034e-01 1.250000000000000243e-03 -1.608999999999999875e-01
2.091400000000000148e+00 2.913000000000000034e-01 -1.000000000000000021e-03 -1.557000000000000051e-01
2.254999999999999893e+00 2.913000000000000034e-01 -8.000000000000000167e-03 -1.557999999999999940e-01
2.418600000000000083e+00 2.913000000000000034e-01 -1.245000000000000100e-02 -1.588999999999999857e-01
2.582300000000000040e+00 2.913000000000000034e-01 -1.524999999999999967e-02 -1.626500000000000168e-01
2.745899999999999785e+00 2.913000000000000034e-01 -2.100000000000000130e-02 -1.697000000000000175e-01
2.909600000000000186e+00 2.913000000000000034e-01 -2.195000000000000076e-02 -1.811499999999999777e-01
3.073199999999999932e+00 2.913000000000000034e-01 -2.644999999999999782e-02 -1.739999999999999880e-01
3.236800000000000122e+00 2.913000000000000034e-01 -2.770000000000000240e-02 -1.592000000000000082e-01
3.400500000000000078e+00 2.913000000000000034e-01 -3.230000000000000232e-02 -1.572000000000000064e-01
3.564099999999999824e+00 2.913000000000000034e-01 -3.350000000000000200e-02 -1.365500000000000047e-01
3.727799999999999780e+00 2.913000000000000034e-01 -2.819999999999999937e-02 -1.092499999999999999e-01
3.891399999999999970e+00 2.913000000000000034e-01 -3.635000000000000037e-02 -1.142499999999999905e-01
4.055100000000000371e+00 2.913000000000000034e-01 -3.345000000000000057e-02 -1.009499999999999981e-01
4.218700000000000117e+00 2.913000000000000034e-01 -3.045000000000000137e-02 -7.810000000000000275e-02
4.382299999999999862e+00 2.913000000000000034e-01 -3.654999999999999916e-02 -8.990000000000000768e-02
4.546000000000000263e+00 2.913000000000000034e-01 -3.244999999999999968e-02 -8.344999999999999640e-02
4.709600000000000009e+00 2.913000000000000034e-01 -4.014999999999999819e-02 -9.550000000000000155e-02
4.873300000000000409e+00 2.913000000000000034e-01 -2.835000000000000020e-02 -6.504999999999999671e-02
5.036900000000000155e+00 2.913000000000000034e-01 -3.525000000000000355e-02 -6.135000000000000175e-02
5.200599999999999667e+00 2.913000000000000034e-01 -2.489999999999999852e-02 -4.945000000000000090e-02
5.364200000000000301e+00 2.913000000000000034e-01 -2.800000000000000058e-02 -5.364999999999999630e-02
5.527800000000000047e+00 2.913000000000000034e-01 -1.074999999999999914e-02 -4.070000000000000007e-02
5.691499999999999559e+00 2.913000000000000034e-01 -2.700000000000000143e-03 -3.015000000000000319e-02
5.855100000000000193e+00 2.913000000000000034e-01 -1.649999999999999774e-03 -3.429999999999999716e-02
6.018799999999999706e+00 2.913000000000000034e-01 -6.499999999999999702e-03 -3.440000000000000002e-02
6.182400000000000340e+00 2.913000000000000034e-01 -5.150000000000000064e-03 -2.669999999999999804e-02
6.346099999999999852e+00 2.913000000000000034e-01 -8.700000000000001135e-03 -3.815000000000000335e-02
6.509699999999999598e+00 2.913000000000000034e-01 -1.009999999999999960e-02 -3.784999999999999476e-02
6.673300000000000232e+00 2.913000000000000034e-01 -5.349999999999999721e-03 -3.049999999999999933e-02
6.836999999999999744e+00 2.913000000000000034e-01 -6.700000000000000226e-03 -3.054999999999999730e-02
7.000600000000000378e+00 2.913000000000000034e-01 -3.100000000000001192e-03 -2.220000000000000098e-02
7.164299999999999891e+00 2.913000000000000034e-01 -2.550000000000000183e-03 -2.189999999999999933e-02
7.327899999999999636e+00 2.913000000000000034e-01 -1.915000000000000036e-02 -5.449999999999998249e-03
1.275999999999999912e-01 1.275999999999999912e-01 2.409999999999999989e-02 -9.529999999999999583e-02
2.913000000000000034e-01 1.275999999999999912e-01 1.774999999999999842e-02 -9.584999999999999076e-02
4.549000000000000266e-01 1.275999999999999912e-01 2.219999999999999751e-02 -1.117999999999999966e-01
6.186000000000000387e-01 1.275999999999999912e-01 1.919999999999999832e-02 -1.089500000000000052e-01
7.822000000000000064e-01 1.275999999999999912e-01 1.904999999999999749e-02 -1.164000000000000035e-01
9.458999999999999631e-01 1.275999999999999912e-01 1.575000000000000011e-02 -1.300499999999999989e-01
1.109499999999999931e+00 1.275999999999999912e-01 1.524999999999999967e-02 -1.309000000000000163e-01
1.273099999999999898e+00 1.275999999999999912e-01 1.679999999999999896e-02 -1.518499999999999850e-01
1.436800000000000077e+00 1.275999999999999912e-01 1.494999999999999975e-02 -1.556000000000000161e-01
1.600400000000000045e+00 1.275999999999999912e-01 1.039999999999999952e-02 -1.423500000000000043e-01
1.764100000000000001e+00 1.275999999999999912e-01 7.499999999999999722e-03 -1.664499999999999869e-01
1.927699999999999969e+00 1.275999999999999912e-01 2.449999999999999054e-03 -1.633499999999999952e-01
2.091400000000000148e+00 1.275999999999999912e-01 4.499999999999990119e-04 -1.531000000000000139e-01
2.254999999999999893e+00 1.275999999999999912e-01 -4.349999999999999700e-03 -1.516000000000000125e-01
2.418600000000000083e+00 1.275999999999999912e-01 -8.449999999999999178e-03 -1.678000000000000047e-01
2.582300000000000040e+00 1.275999999999999912e-01 -1.269999999999999948e-02 -1.671499999999999930e-01
2.745899999999999785e+00 1.275999999999999912e-01 -1.374999999999999833e-02 -1.826999999999999735e-01
2.909600000000000186e+00 1.275999999999999912e-01 -1.499999999999999944e-02 -1.686999999999999889e-01
3.073199999999999932e+00 1.275999999999999912e-01 -2.045000000000000290e-02 -1.535499999999999921e-01
3.236800000000000122e+00 1.275999999999999912e-01 -2.115000000000000213e-02 -1.457499999999999907e-01
3.400500000000000078e+00 1.275999999999999912e-01 -2.305000000000000104e-02 -1.333999999999999908e-01
3.564099999999999824e+00 1.275999999999999912e-01 -2.224999999999999895e-02 -1.244999999999999996e-01
3.727799999999999780e+00 1.275999999999999912e-01 -1.814999999999999947e-02 -1.267999999999999960e-01
3.891399999999999970e+00 1.275999999999999912e-01 -2.219999999999999751e-02 -8.340000000000000191e-02
4.055100000000000371e+00 1.275999999999999912e-01 -1.404999999999999999e-02 -6.770000000000001017e-02
4.218700000000000117e+00 1.275999999999999912e-01 -1.699999999999999775e-02 -6.934999999999999498e-02
4.382299999999999862e+00 1.275999999999999912e-01 -7.900000000000000772e-03 -5.870000000000000218e-02
4.546000000000000263e+00 1.275999999999999912e-01 -8.699999999999997666e-03 -6.035000000000000087e-02
4.709600000000000009e+00 1.275999999999999912e-01 -1.504999999999999914e-02 -6.425000000000000155e-02
4.873300000000000409e+00 1.275999999999999912e-01 -1.309999999999999880e-02 -5.120000000000000245e-02
5.036900000000000155e+00 1.275999999999999912e-01 -1.605000000000000177e-02 -5.154999999999999860e-02
5.200599999999999667e+00 1.275999999999999912e-01 -6.150000000000000085e-03 -4.065000000000000557e-02
5.364200000000000301e+00 1.275999999999999912e-01 -1.060000000000000005e-02 -4.785000000000000364e-02
5.527800000000000047e+00 1.275999999999999912e-01 1.950000000000000344e-03 -2.464999999999999830e-02
5.691499999999999559e+00 1.275999999999999912e-01 1.055000000000000035e-02 -3.460000000000000575e-02
5.855100000000000193e+00 1.275999999999999912e-01 1.555000000000000132e-02 -3.350000000000000200e-02
6.018799999999999706e+00 1.275999999999999912e-01 9.650000000000000591e-03 -2.954999999999999988e-02
6.182400000000000340e+00 1.275999999999999912e-01 7.249999999999999500e-03 -2.280000000000000082e-02
6.346099999999999852e+00 1.275999999999999912e-01 2.300000000000000395e-03 -3.030000000000000054e-02
6.509699999999999598e+00 1.275999999999999912e-01 1.940000000000000058e-02 -2.249999999999999917e-02
6.673300000000000232e+00 1.275999999999999912e-01 2.364999999999999741e-02 -3.094999999999999835e-02
6.836999999999999744e+00 1.275999999999999912e-01 -6.700000000000000226e-03 -1.109999999999999876e-02
7.000600000000000378e+00 1.275999999999999912e-01 1.515000000000000027e-02 -3.099999999999999631e-02
7.164299999999999891e+00 1.275999999999999912e-01 1.900000000000000300e-02 -4.035000000000000392e-02
7.327899999999999636e+00 1.275999999999999912e-01 -3.500000000000004843e-04 -1.499999999999999944e-02
