1.275999999999999912e-01 1.927699999999999969e+00 2.414999999999999786e-02 -4.009999999999999676e-02
2.913000000000000034e-01 1.927699999999999969e+00 2.119999999999999662e-02 -3.765000000000000291e-02
4.549000000000000266e-01 1.927699999999999969e+00 9.499999999999999764e-03 -3.940000000000000446e-02
6.186000000000000387e-01 1.927699999999999969e+00 1.160000000000000094e-02 -4.195000000000000118e-02
7.822000000000000064e-01 1.927699999999999969e+00 -4.850000000000000144e-03 -4.465000000000000219e-02
9.458999999999999631e-01 1.927699999999999969e+00 -1.554999999999999959e-02 -4.524999999999999856e-02
1.109499999999999931e+00 1.927699999999999969e+00 -1.805000000000000007e-02 -4.704999999999999460e-02
1.273099999999999898e+00 1.927699999999999969e+00 -2.645000000000000129e-02 -5.465000000000000413e-02
1.436800000000000077e+00 1.927699999999999969e+00 -1.375000000000000180e-02 -4.574999999999999900e-02
1.600400000000000045e+00 1.927699999999999969e+00 -3.445000000000000145e-02 -5.260000000000000092e-02
1.764100000000000001e+00 1.927699999999999969e+00 -4.019999999999999962e-02 -5.400000000000000633e-02
1.927699999999999969e+00 1.927699999999999969e+00 -3.625000000000000444e-02 -5.004999999999999727e-02
2.091400000000000148e+00 1.927699999999999969e+00 -3.574999999999999706e-02 -4.909999999999999781e-02
2.254999999999999893e+00 1.927699999999999969e+00 -2.949999999999999845e-02 -5.004999999999999727e-02
2.418600000000000083e+00 1.927699999999999969e+00 -3.809999999999999498e-02 -4.775000000000000078e-02
2.582300000000000040e+00 1.927699999999999969e+00 -4.265000000000000041e-02 -4.620000000000000495e-02
2.745899999999999785e+00 1.927699999999999969e+00 -4.324999999999999678e-02 -4.545000000000000429e-02
2.909600000000000186e+00 1.927699999999999969e+00 -4.685000000000000275e-02 -4.424999999999999767e-02
3.073199999999999932e+00 1.927699999999999969e+00 -5.580000000000000238e-02 -4.159999999999999809e-02
3.236800000000000122e+00 1.927699999999999969e+00 -5.734999999999999820e-02 -3.765000000000000291e-02
3.400500000000000078e+00 1.927699999999999969e+00 -5.244999999999999662e-02 -3.314999999999999891e-02
3.564099999999999824e+00 1.927699999999999969e+00 -4.664999999999999702e-02 -3.135000000000000286e-02
3.727799999999999780e+00 1.927699999999999969e+00 -5.874999999999999667e-02 -3.024999999999999911e-02
3.891399999999999970e+00 1.927699999999999969e+00 -5.380000000000000060e-02 -2.630000000000000046e-02
4.055100000000000371e+00 1.927699999999999969e+00 -5.924999999999999711e-02 -2.429999999999999868e-02
4.218700000000000117e+00 1.927699999999999969e+00 -7.119999999999999940e-02 -2.340000000000000066e-02
4.382299999999999862e+00 1.927699999999999969e+00 -6.864999999999998881e-02 -2.559999999999999776e-02
4.546000000000000263e+00 1.927699999999999969e+00 -5.589999999999999830e-02 -1.415000000000000112e-02
4.709600000000000009e+00 1.927699999999999969e+00 -6.270000000000000573e-02 -1.309999999999999880e-02
4.873300000000000409e+00 1.927699999999999969e+00 -6.959999999999999520e-02 -1.370000000000000211e-02
5.036900000000000155e+00 1.927699999999999969e+00 -6.514999999999999958e-02 -8.250000000000000389e-03
5.200599999999999667e+00 1.927699999999999969e+00 -6.304999999999999494e-02 -4.599999999999999922e-03
5.364200000000000301e+00 1.927699999999999969e+00 -6.060000000000000109e-02 -1.550000000000000162e-03
5.527800000000000047e+00 1.927699999999999969e+00 -5.909999999999999976e-02 -4.999999999999995767e-04
5.691499999999999559e+00 1.927699999999999969e+00 -6.575000000000000289e-02 -4.650000000000000487e-03
5.855100000000000193e+00 1.927699999999999969e+00 -5.979999999999999899e-02 5.000000000000004441e-04
6.018799999999999706e+00 1.927699999999999969e+00 -4.880000000000000310e-02 7.300000000000000933e-03
6.182400000000000340e+00 1.927699999999999969e+00 -4.739999999999999769e-02 9.349999999999998937e-03
6.346099999999999852e+00 1.927699999999999969e+00 -4.694999999999999868e-02 1.034999999999999983e-02
6.509699999999999598e+00 1.927699999999999969e+00 -4.105000000000000315e-02 1.235000000000000160e-02
6.673300000000000232e+00 1.927699999999999969e+00 -3.685000000000000081e-02 1.019999999999999900e-02
6.836999999999999744e+00 1.927699999999999969e+00 -3.409999999999999837e-02 1.089999999999999997e-02
7.000600000000000378e+00 1.927699999999999969e+00 -3.250000000000000111e-02 1.254999999999999866e-02
7.164299999999999891e+00 1.927699999999999969e+00 -2.854999999999999899e-02 1.329999999999999932e-02
7.327899999999999636e+00 1.927699999999999969e+00 -2.904999999999999943e-02 1.080000000000000057e-02
1.275999999999999912e-01 1.764100000000000001e+00 2.054999999999999882e-02 -4.259999999999999898e-02
2.913000000000000034e-01 1.764100000000000001e+00 2.444999999999999951e-02 -4.345000000000000251e-02
4.549000000000000266e-01 1.764100000000000001e+00 1.244999999999999926e-02 -4.674999999999999989e-02
6.186000000000000387e-01 1.764100000000000001e+00 1.315000000000000023e-02 -4.510000000000000120e-02
7.822000000000000064e-01 1.764100000000000001e+00 8.000000000000000167e-03 -4.919999999999999374e-02
9.458999999999999631e-01 1.764100000000000001e+00 -2.949999999999999931e-03 -5.035000000000000586e-02
1.109499999999999931e+00 1.764100000000000001e+00 -1.894999999999999810e-02 -4.995000000000000134e-02
1.273099999999999898e+00 1.764100000000000001e+00 -3.830000000000000071e-02 -6.224999999999999978e-02
1.436800000000000077e+00 1.764100000000000001e+00 -3.300000000000000155e-02 -6.049999999999999822e-02
1.600400000000000045e+00 1.764100000000000001e+00 -3.899999999999999994e-02 -6.185000000000000220e-02
1.764100000000000001e+00 1.764100000000000001e+00 -3.550000000000000377e-02 -5.949999999999999734e-02
1.927699999999999969e+00 1.764100000000000001e+00 -3.409999999999999837e-02 -5.834999999999999909e-02
2.091400000000000148e+00 1.764100000000000001e+00 -1.729999999999999941e-02 -5.555000000000000215e-02
2.254999999999999893e+00 1.764100000000000001e+00 -3.250000000000000111e-02 -5.505000000000000171e-02
2.418600000000000083e+00 1.764100000000000001e+00 -4.985000000000000542e-02 -5.530000000000000193e-02
2.582300000000000040e+00 1.764100000000000001e+00 -4.139999999999999930e-02 -5.129999999999999838e-02
2.745899999999999785e+00 1.764100000000000001e+00 -4.395000000000000295e-02 -4.914999999999999925e-02
2.909600000000000186e+00 1.764100000000000001e+00 -5.399999999999999939e-02 -4.494999999999999690e-02
3.073199999999999932e+00 1.764100000000000001e+00 -5.490000000000000435e-02 -4.270000000000000184e-02
3.236800000000000122e+00 1.764100000000000001e+00 -4.989999999999999991e-02 -3.919999999999999873e-02
3.400500000000000078e+00 1.764100000000000001e+00 -5.540000000000000480e-02 -3.765000000000000291e-02
3.564099999999999824e+00 1.764100000000000001e+00 -5.619999999999999996e-02 -3.584999999999999992e-02
3.727799999999999780e+00 1.764100000000000001e+00 -5.979999999999999899e-02 -3.169999999999999901e-02
3.891399999999999970e+00 1.764100000000000001e+00 -6.174999999999999933e-02 -2.784999999999999976e-02
4.055100000000000371e+00 1.764100000000000001e+00 -6.719999999999999585e-02 -2.539999999999999897e-02
4.218700000000000117e+00 1.764100000000000001e+00 -6.604999999999999760e-02 -2.419999999999999929e-02
4.382299999999999862e+00 1.764100000000000001e+00 -6.629999999999999782e-02 -2.230000000000000038e-02
4.546000000000000263e+00 1.764100000000000001e+00 -6.729999999999999871e-02 -2.150000000000000175e-02
4.709600000000000009e+00 1.764100000000000001e+00 -6.775000000000000466e-02 -1.749999999999999820e-02
4.873300000000000409e+00 1.764100000000000001e+00 -7.059999999999999609e-02 -1.269999999999999948e-02
5.036900000000000155e+00 1.764100000000000001e+00 -6.809999999999999387e-02 -8.899999999999999925e-03
5.200599999999999667e+00 1.764100000000000001e+00 -5.909999999999999976e-02 -3.299999999999999982e-03
5.364200000000000301e+00 1.764100000000000001e+00 -6.160000000000000198e-02 -2.300000000000000829e-03
5.527800000000000047e+00 1.764100000000000001e+00 -6.090000000000000274e-02 -8.999999999999997585e-04
5.691499999999999559e+00 1.764100000000000001e+00 -5.569999999999999951e-02 2.199999999999999699e-03
5.855100000000000193e+00 1.764100000000000001e+00 -5.260000000000000092e-02 5.900000000000000730e-03
6.018799999999999706e+00 1.764100000000000001e+00 -5.405000000000000082e-02 1.019999999999999900e-02
6.182400000000000340e+00 1.764100000000000001e+00 -4.685000000000000275e-02 1.200000000000000025e-02
6.346099999999999852e+00 1.764100000000000001e+00 -4.429999999999999910e-02 1.155000000000000124e-02
6.509699999999999598e+00 1.764100000000000001e+00 -4.290000000000000063e-02 1.194999999999999882e-02
6.673300000000000232e+00 1.764100000000000001e+00 -3.805000000000000049e-02 1.185000000000000116e-02
6.836999999999999744e+00 1.764100000000000001e+00 -3.189999999999999780e-02 1.290000000000000174e-02
7.000600000000000378e+00 1.764100000000000001e+00 -2.944999999999999701e-02 1.409999999999999969e-02
7.164299999999999891e+00 1.764100000000000001e+00 -2.630000000000000046e-02 1.675000000000000100e-02
7.327899999999999636e+00 1.764100000000000001e+00 -2.484999999999999709e-02 1.404999999999999999e-02
1.275999999999999912e-01 1.600400000000000045e+00 2.305000000000000104e-02 -4.560000000000000164e-02
2.913000000000000034e-01 1.600400000000000045e+00 1.675000000000000100e-02 -5.225000000000000477e-02
4.549000000000000266e-01 1.600400000000000045e+00 1.074999999999999914e-02 -5.600000000000000117e-02
6.186000000000000387e-01 1.600400000000000045e+00 7.749999999999999944e-03 -5.955000000000000571e-02
7.822000000000000064e-01 1.600400000000000045e+00 1.949999999999999997e-02 -4.864999999999999880e-02
9.458999999999999631e-01 1.600400000000000045e+00 -4.499999999999998793e-04 -5.219999999999999640e-02
1.109499999999999931e+00 1.600400000000000045e+00 -1.634999999999999995e-02 -6.019999999999999657e-02
1.273099999999999898e+00 1.600400000000000045e+00 -2.985000000000000153e-02 -7.359999999999999876e-02
1.436800000000000077e+00 1.600400000000000045e+00 -2.550000000000000183e-02 -6.804999999999999938e-02
1.600400000000000045e+00 1.600400000000000045e+00 -3.579999999999999849e-02 -7.119999999999999940e-02
1.764100000000000001e+00 1.600400000000000045e+00 -3.285000000000000420e-02 -6.744999999999999607e-02
1.927699999999999969e+00 1.600400000000000045e+00 -4.044999999999999984e-02 -6.629999999999999782e-02
2.091400000000000148e+00 1.600400000000000045e+00 -2.734999999999999931e-02 -6.074999999999999845e-02
2.254999999999999893e+00 1.600400000000000045e+00 -3.735000000000000125e-02 -5.879999999999999810e-02
2.418600000000000083e+00 1.600400000000000045e+00 -3.395000000000000101e-02 -5.384999999999999509e-02
2.582300000000000040e+00 1.600400000000000045e+00 -3.715000000000000246e-02 -5.109999999999999959e-02
2.745899999999999785e+00 1.600400000000000045e+00 -5.514999999999999764e-02 -5.194999999999999618e-02
2.909600000000000186e+00 1.600400000000000045e+00 -5.210000000000000048e-02 -4.995000000000000134e-02
3.073199999999999932e+00 1.600400000000000045e+00 -5.430000000000000104e-02 -4.854999999999999594e-02
3.236800000000000122e+00 1.600400000000000045e+00 -5.200000000000000455e-02 -4.630000000000000088e-02
3.400500000000000078e+00 1.600400000000000045e+00 -5.530000000000000193e-02 -4.035000000000000392e-02
3.564099999999999824e+00 1.600400000000000045e+00 -4.984999999999999848e-02 -3.529999999999999805e-02
3.727799999999999780e+00 1.600400000000000045e+00 -5.824999999999999623e-02 -3.364999999999999936e-02
3.891399999999999970e+00 1.600400000000000045e+00 -6.520000000000000795e-02 -3.384999999999999815e-02
4.055100000000000371e+00 1.600400000000000045e+00 -6.854999999999999982e-02 -3.210000000000000353e-02
4.218700000000000117e+00 1.600400000000000045e+00 -6.529999999999999694e-02 -2.739999999999999727e-02
4.382299999999999862e+00 1.600400000000000045e+00 -6.775000000000000466e-02 -2.570000000000000062e-02
4.546000000000000263e+00 1.600400000000000045e+00 -6.999999999999999278e-02 -2.290000000000000022e-02
4.709600000000000009e+00 1.600400000000000045e+00 -6.679999999999999827e-02 -1.965000000000000080e-02
4.873300000000000409e+00 1.600400000000000045e+00 -6.715000000000000135e-02 -1.469999999999999779e-02
5.036900000000000155e+00 1.600400000000000045e+00 -6.840000000000000246e-02 -1.034999999999999983e-02
5.200599999999999667e+00 1.600400000000000045e+00 -6.750000000000000444e-02 -9.600000000000000894e-03
5.364200000000000301e+00 1.600400000000000045e+00 -6.669999999999999540e-02 -7.550000000000000287e-03
5.527800000000000047e+00 1.600400000000000045e+00 -5.909999999999999976e-02 1.300000000000000808e-03
5.691499999999999559e+00 1.600400000000000045e+00 -5.515000000000000457e-02 8.899999999999999925e-03
5.855100000000000193e+00 1.600400000000000045e+00 -5.225000000000000477e-02 1.030000000000000013e-02
6.018799999999999706e+00 1.600400000000000045e+00 -5.009999999999999870e-02 1.270000000000000122e-02
6.182400000000000340e+00 1.600400000000000045e+00 -4.834999999999999715e-02 1.130000000000000102e-02
6.346099999999999852e+00 1.600400000000000045e+00 -4.199999999999999567e-02 1.270000000000000122e-02
6.509699999999999598e+00 1.600400000000000045e+00 -4.064999999999999863e-02 1.184999999999999942e-02
6.673300000000000232e+00 1.600400000000000045e+00 -3.710000000000000103e-02 1.154999999999999950e-02
6.836999999999999744e+00 1.600400000000000045e+00 -3.144999999999999879e-02 1.340000000000000045e-02
7.000600000000000378e+00 1.600400000000000045e+00 -2.889999999999999861e-02 1.280000000000000061e-02
7.164299999999999891e+00 1.600400000000000045e+00 -2.674999999999999947e-02 1.184999999999999942e-02
7.327899999999999636e+00 1.600400000000000045e+00 -2.380000000000000171e-02 1.099999999999999936e-02
1.275999999999999912e-01 1.436800000000000077e+00 8.949999999999999623e-03 -6.269999999999999185e-02
2.913000000000000034e-01 1.436800000000000077e+00 6.450000000000000004e-03 -6.275000000000000022e-02
4.549000000000000266e-01 1.436800000000000077e+00 1.515000000000000027e-02 -5.934999999999999998e-02
6.186000000000000387e-01 1.436800000000000077e+00 7.100000000000000408e-03 -6.594999999999999474e-02
7.822000000000000064e-01 1.436800000000000077e+00 1.299999999999999940e-03 -6.429999999999999605e-02
9.458999999999999631e-01 1.436800000000000077e+00 9.500000000000003234e-04 -6.809999999999999387e-02
1.109499999999999931e+00 1.436800000000000077e+00 1.654999999999999874e-02 -5.684999999999999776e-02
1.273099999999999898e+00 1.436800000000000077e+00 -2.060000000000000026e-02 -7.399999999999999634e-02
1.436800000000000077e+00 1.436800000000000077e+00 -2.214999999999999955e-02 -7.705000000000000737e-02
1.600400000000000045e+00 1.436800000000000077e+00 -3.194999999999999923e-02 -7.535000000000000031e-02
1.764100000000000001e+00 1.436800000000000077e+00 -2.960000000000000131e-02 -7.144999999999999962e-02
1.927699999999999969e+00 1.436800000000000077e+00 -3.189999999999999780e-02 -6.819999999999999674e-02
2.091400000000000148e+00 1.436800000000000077e+00 -3.694999999999999674e-02 -6.944999999999999785e-02
2.254999999999999893e+00 1.436800000000000077e+00 -4.050000000000000128e-02 -6.854999999999999982e-02
2.418600000000000083e+00 1.436800000000000077e+00 -4.529999999999999999e-02 -6.550000000000000266e-02
2.582300000000000040e+00 1.436800000000000077e+00 -4.364999999999999436e-02 -6.144999999999999768e-02
2.745899999999999785e+00 1.436800000000000077e+00 -5.380000000000000060e-02 -5.755000000000000393e-02
2.909600000000000186e+00 1.436800000000000077e+00 -5.399999999999999939e-02 -5.390000000000000346e-02
3.073199999999999932e+00 1.436800000000000077e+00 -5.884999999999999953e-02 -5.385000000000000203e-02
3.236800000000000122e+00 1.436800000000000077e+00 -5.624999999999999445e-02 -5.125000000000000389e-02
3.400500000000000078e+00 1.436800000000000077e+00 -4.935000000000000497e-02 -4.390000000000000152e-02
3.564099999999999824e+00 1.436800000000000077e+00 -5.494999999999999885e-02 -3.950000000000000039e-02
3.727799999999999780e+00 1.436800000000000077e+00 -5.845000000000000195e-02 -4.075000000000000150e-02
3.891399999999999970e+00 1.436800000000000077e+00 -6.640000000000000069e-02 -3.740000000000000269e-02
4.055100000000000371e+00 1.436800000000000077e+00 -7.425000000000001044e-02 -3.794999999999999762e-02
4.218700000000000117e+00 1.436800000000000077e+00 -7.220000000000000029e-02 -3.495000000000000190e-02
4.382299999999999862e+00 1.436800000000000077e+00 -7.189999999999999170e-02 -2.870000000000000329e-02
4.546000000000000263e+00 1.436800000000000077e+00 -7.020000000000001239e-02 -2.605000000000000024e-02
4.709600000000000009e+00 1.436800000000000077e+00 -6.554999999999999716e-02 -2.110000000000000070e-02
4.873300000000000409e+00 1.436800000000000077e+00 -7.009999999999999565e-02 -1.955000000000000140e-02
5.036900000000000155e+00 1.436800000000000077e+00 -7.230000000000000315e-02 -1.460000000000000013e-02
5.200599999999999667e+00 1.436800000000000077e+00 -7.505000000000000560e-02 -7.249999999999999500e-03
5.364200000000000301e+00 1.436800000000000077e+00 -7.130000000000000226e-02 -3.999999999999993144e-04
5.527800000000000047e+00 1.436800000000000077e+00 -5.985000000000000042e-02 8.049999999999999864e-03
5.691499999999999559e+00 1.436800000000000077e+00 -5.614999999999999852e-02 8.900000000000001660e-03
5.855100000000000193e+00 1.436800000000000077e+00 -5.619999999999999996e-02 9.899999999999999079e-03
6.018799999999999706e+00 1.436800000000000077e+00 -5.734999999999999820e-02 1.115000000000000019e-02
6.182400000000000340e+00 1.436800000000000077e+00 -4.114999999999999908e-02 1.115000000000000019e-02
6.346099999999999852e+00 1.436800000000000077e+00 -3.740000000000000269e-02 1.310000000000000053e-02
6.509699999999999598e+00 1.436800000000000077e+00 -3.710000000000000103e-02 9.950000000000000511e-03
6.673300000000000232e+00 1.436800000000000077e+00 -3.740000000000000269e-02 1.080000000000000057e-02
6.836999999999999744e+00 1.436800000000000077e+00 -3.690000000000000224e-02 1.605000000000000177e-02
7.000600000000000378e+00 1.436800000000000077e+00 -2.909999999999999740e-02 1.350000000000000158e-02
7.164299999999999891e+00 1.436800000000000077e+00 -2.649999999999999925e-02 1.194999999999999882e-02
7.327899999999999636e+00 1.436800000000000077e+00 -2.489999999999999852e-02 1.119999999999999989e-02
1.275999999999999912e-01 1.273099999999999898e+00 8.300000000000000086e-03 -7.560000000000000053e-02
2.913000000000000034e-01 1.273099999999999898e+00 1.299999999999999940e-02 -6.489999999999999936e-02
4.549000000000000266e-01 1.273099999999999898e+00 1.849999999999999908e-02 -7.050000000000000711e-02
6.186000000000000387e-01 1.273099999999999898e+00 -4.850000000000000144e-03 -7.710000000000000187e-02
7.822000000000000064e-01 1.273099999999999898e+00 -7.450000000000000025e-03 -8.490000000000000324e-02
9.458999999999999631e-01 1.273099999999999898e+00 -5.899999999999999863e-03 -8.194999999999999507e-02
1.109499999999999931e+00 1.273099999999999898e+00 -1.050000000000000152e-03 -8.050000000000000211e-02
1.273099999999999898e+00 1.273099999999999898e+00 -1.009999999999999960e-02 -8.140000000000000013e-02
1.436800000000000077e+00 1.273099999999999898e+00 -2.235000000000000181e-02 -8.360000000000000764e-02
1.600400000000000045e+00 1.273099999999999898e+00 -3.540000000000000091e-02 -8.924999999999999600e-02
1.764100000000000001e+00 1.273099999999999898e+00 -3.969999999999999918e-02 -8.694999999999999951e-02
1.927699999999999969e+00 1.273099999999999898e+00 -2.925000000000000169e-02 -7.799999999999999989e-02
2.091400000000000148e+00 1.273099999999999898e+00 -3.470000000000000168e-02 -7.975000000000000144e-02
2.254999999999999893e+00 1.273099999999999898e+00 -4.259999999999999898e-02 -7.464999999999999414e-02
2.418600000000000083e+00 1.273099999999999898e+00 -4.945000000000000090e-02 -7.074999999999999345e-02
2.582300000000000040e+00 1.273099999999999898e+00 -4.320000000000000229e-02 -6.615000000000000047e-02
2.745899999999999785e+00 1.273099999999999898e+00 -3.885000000000000259e-02 -6.099999999999999867e-02
2.909600000000000186e+00 1.273099999999999898e+00 -4.655000000000000110e-02 -6.080000000000000682e-02
3.073199999999999932e+00 1.273099999999999898e+00 -5.390000000000000346e-02 -5.759999999999999842e-02
3.236800000000000122e+00 1.273099999999999898e+00 -5.094999999999999529e-02 -5.399999999999999245e-02
3.400500000000000078e+00 1.273099999999999898e+00 -4.714999999999999747e-02 -5.050000000000000322e-02
3.564099999999999824e+00 1.273099999999999898e+00 -5.084999999999999937e-02 -4.614999999999999658e-02
3.727799999999999780e+00 1.273099999999999898e+00 -6.270000000000000573e-02 -4.479999999999999954e-02
3.891399999999999970e+00 1.273099999999999898e+00 -6.970000000000001195e-02 -4.089999999999999886e-02
4.055100000000000371e+00 1.273099999999999898e+00 -6.905000000000000027e-02 -3.849999999999999950e-02
4.218700000000000117e+00 1.273099999999999898e+00 -7.150000000000000799e-02 -3.554999999999999827e-02
4.382299999999999862e+00 1.273099999999999898e+00 -7.209999999999999742e-02 -3.200000000000000067e-02
4.546000000000000263e+00 1.273099999999999898e+00 -7.245000000000000051e-02 -2.609999999999999820e-02
4.709600000000000009e+00 1.273099999999999898e+00 -7.605000000000000648e-02 -2.540000000000000244e-02
4.873300000000000409e+00 1.273099999999999898e+00 -8.144999999999999463e-02 -2.069999999999999965e-02
5.036900000000000155e+00 1.273099999999999898e+00 -7.964999999999999858e-02 -1.549999999999999989e-02
5.200599999999999667e+00 1.273099999999999898e+00 -7.939999999999999836e-02 -9.999999999999998473e-03
5.364200000000000301e+00 1.273099999999999898e+00 -7.189999999999999170e-02 2.200000000000000566e-03
5.527800000000000047e+00 1.273099999999999898e+00 -6.204999999999999405e-02 7.150000000000000105e-03
5.691499999999999559e+00 1.273099999999999898e+00 -5.355000000000000038e-02 9.899999999999999079e-03
5.855100000000000193e+00 1.273099999999999898e+00 -5.574999999999999400e-02 1.155000000000000124e-02
6.018799999999999706e+00 1.273099999999999898e+00 -5.714999999999999941e-02 1.255000000000000039e-02
6.182400000000000340e+00 1.273099999999999898e+00 -4.050000000000000128e-02 1.319999999999999993e-02
6.346099999999999852e+00 1.273099999999999898e+00 -3.870000000000000523e-02 1.145000000000000011e-02
6.509699999999999598e+00 1.273099999999999898e+00 -4.900000000000000189e-02 1.399999999999999856e-02
6.673300000000000232e+00 1.273099999999999898e+00 -4.005000000000000226e-02 1.080000000000000057e-02
6.836999999999999744e+00 1.273099999999999898e+00 -3.914999999999999730e-02 1.279999999999999888e-02
7.000600000000000378e+00 1.273099999999999898e+00 -3.490000000000000047e-02 1.809999999999999803e-02
7.164299999999999891e+00 1.273099999999999898e+00 -2.954999999999999988e-02 1.654999999999999874e-02
7.327899999999999636e+00 1.273099999999999898e+00 -2.499999999999999792e-02 1.399999999999999856e-02
1.275999999999999912e-01 1.109499999999999931e+00 2.700000000000000143e-03 -8.755000000000000282e-02
2.913000000000000034e-01 1.109499999999999931e+00 6.799999999999999621e-03 -8.684999999999999665e-02
4.549000000000000266e-01 1.109499999999999931e+00 5.650000000000000508e-03 -9.445000000000000617e-02
6.186000000000000387e-01 1.109499999999999931e+00 9.749999999999999986e-03 -9.535000000000000420e-02
7.822000000000000064e-01 1.109499999999999931e+00 4.200000000000000608e-03 -9.514999999999999847e-02
9.458999999999999631e-01 1.109499999999999931e+00 -2.600000000000000314e-03 -9.600000000000000200e-02
1.109499999999999931e+00 1.109499999999999931e+00 -1.314999999999999850e-02 -9.340000000000001079e-02
1.273099999999999898e+00 1.109499999999999931e+00 -8.450000000000000913e-03 -9.729999999999999760e-02
1.436800000000000077e+00 1.109499999999999931e+00 -3.479999999999999760e-02 -1.045500000000000040e-01
1.600400000000000045e+00 1.109499999999999931e+00 -3.750000000000000555e-02 -1.026999999999999996e-01
1.764100000000000001e+00 1.109499999999999931e+00 -3.994999999999999940e-02 -9.800000000000000377e-02
1.927699999999999969e+00 1.109499999999999931e+00 -4.315000000000000085e-02 -9.710000000000000575e-02
2.091400000000000148e+00 1.109499999999999931e+00 -4.785000000000000364e-02 -8.904999999999999027e-02
2.254999999999999893e+00 1.109499999999999931e+00 -5.589999999999999830e-02 -8.780000000000000304e-02
2.418600000000000083e+00 1.109499999999999931e+00 -3.685000000000000081e-02 -7.764999999999999680e-02
2.582300000000000040e+00 1.109499999999999931e+00 -5.094999999999999529e-02 -7.530000000000000582e-02
2.745899999999999785e+00 1.109499999999999931e+00 -5.489999999999999741e-02 -7.284999999999999809e-02
2.909600000000000186e+00 1.109499999999999931e+00 -5.449999999999999983e-02 -7.055000000000000160e-02
3.073199999999999932e+00 1.109499999999999931e+00 -6.169999999999999790e-02 -6.509999999999999121e-02
3.236800000000000122e+00 1.109499999999999931e+00 -6.054999999999999966e-02 -6.214999999999999691e-02
3.400500000000000078e+00 1.109499999999999931e+00 -5.225000000000000477e-02 -5.534999999999999643e-02
3.564099999999999824e+00 1.109499999999999931e+00 -5.895000000000000240e-02 -5.054999999999999771e-02
3.727799999999999780e+00 1.109499999999999931e+00 -7.019999999999999851e-02 -5.115000000000000102e-02
3.891399999999999970e+00 1.109499999999999931e+00 -6.370000000000000662e-02 -4.639999999999999680e-02
4.055100000000000371e+00 1.109499999999999931e+00 -6.514999999999999958e-02 -4.265000000000000041e-02
4.218700000000000117e+00 1.109499999999999931e+00 -8.210000000000000631e-02 -4.334999999999999964e-02
4.382299999999999862e+00 1.109499999999999931e+00 -8.665000000000000480e-02 -4.065000000000000557e-02
4.546000000000000263e+00 1.109499999999999931e+00 -8.080000000000001070e-02 -3.160000000000000309e-02
4.709600000000000009e+00 1.109499999999999931e+00 -8.400000000000000522e-02 -2.595000000000000084e-02
4.873300000000000409e+00 1.109499999999999931e+00 -8.630000000000000171e-02 -2.224999999999999895e-02
5.036900000000000155e+00 1.109499999999999931e+00 -8.615000000000000435e-02 -1.209999999999999791e-02
5.200599999999999667e+00 1.109499999999999931e+00 -8.569999999999999840e-02 -6.750000000000000791e-03
5.364200000000000301e+00 1.109499999999999931e+00 -7.570000000000000340e-02 1.000000000000000888e-03
5.527800000000000047e+00 1.109499999999999931e+00 -6.790000000000000202e-02 6.300000000000000044e-03
5.691499999999999559e+00 1.109499999999999931e+00 -6.079999999999999988e-02 8.049999999999998129e-03
5.855100000000000193e+00 1.109499999999999931e+00 -6.139999999999999625e-02 5.700000000000000205e-03
6.018799999999999706e+00 1.109499999999999931e+00 -6.105000000000000704e-02 8.200000000000000691e-03
6.182400000000000340e+00 1.109499999999999931e+00 -4.859999999999999737e-02 8.250000000000000389e-03
6.346099999999999852e+00 1.109499999999999931e+00 -4.560000000000000164e-02 9.300000000000000974e-03
6.509699999999999598e+00 1.109499999999999931e+00 -5.560000000000000359e-02 1.360000000000000098e-02
6.673300000000000232e+00 1.109499999999999931e+00 -4.935000000000000497e-02 9.100000000000000450e-03
6.836999999999999744e+00 1.109499999999999931e+00 -4.870000000000000023e-02 1.115000000000000019e-02
7.000600000000000378e+00 1.109499999999999931e+00 -4.439999999999999503e-02 1.295000000000000144e-02
7.164299999999999891e+00 1.109499999999999931e+00 -4.189999999999999974e-02 1.580000000000000154e-02
7.327899999999999636e+00 1.109499999999999931e+00 -3.969999999999999918e-02 1.834999999999999826e-02
1.275999999999999912e-01 9.458999999999999631e-01 5.100000000000000366e-03 -1.053499999999999992e-01
2.913000000000000034e-01 9.458999999999999631e-01 5.800000000000000468e-03 -1.028999999999999915e-01
4.549000000000000266e-01 9.458999999999999631e-01 1.025000000000000043e-02 -1.037499999999999950e-01
6.186000000000000387e-01 9.458999999999999631e-01 1.434999999999999991e-02 -1.030000000000000082e-01
7.822000000000000064e-01 9.458999999999999631e-01 -4.800000000000000447e-03 -1.068000000000000060e-01
9.458999999999999631e-01 9.458999999999999631e-01 -8.449999999999999178e-03 -1.180500000000000022e-01
1.109499999999999931e+00 9.458999999999999631e-01 -1.184999999999999942e-02 -1.191500000000000059e-01
1.273099999999999898e+00 9.458999999999999631e-01 -3.030000000000000054e-02 -1.253500000000000170e-01
1.436800000000000077e+00 9.458999999999999631e-01 -4.750000000000000056e-02 -1.265499999999999958e-01
1.600400000000000045e+00 9.458999999999999631e-01 -3.899999999999999994e-02 -1.175500000000000017e-01
1.764100000000000001e+00 9.458999999999999631e-01 -3.599999999999999728e-02 -1.120000000000000023e-01
1.927699999999999969e+00 9.458999999999999631e-01 -4.535000000000000142e-02 -1.099499999999999922e-01
2.091400000000000148e+00 9.458999999999999631e-01 -3.840000000000000357e-02 -9.754999999999999782e-02
2.254999999999999893e+00 9.458999999999999631e-01 -5.519999999999999907e-02 -9.890000000000000180e-02
2.418600000000000083e+00 9.458999999999999631e-01 -6.460000000000000464e-02 -9.909999999999999365e-02
2.582300000000000040e+00 9.458999999999999631e-01 -6.095000000000000417e-02 -8.730000000000000260e-02
2.745899999999999785e+00 9.458999999999999631e-01 -7.345000000000000140e-02 -8.990000000000000768e-02
2.909600000000000186e+00 9.458999999999999631e-01 -6.410000000000000420e-02 -7.689999999999999614e-02
3.073199999999999932e+00 9.458999999999999631e-01 -6.604999999999999760e-02 -6.790000000000000202e-02
3.236800000000000122e+00 9.458999999999999631e-01 -6.429999999999999605e-02 -6.659999999999999254e-02
3.400500000000000078e+00 9.458999999999999631e-01 -7.914999999999999813e-02 -6.199999999999999956e-02
3.564099999999999824e+00 9.458999999999999631e-01 -8.329999999999999905e-02 -6.804999999999999938e-02
3.727799999999999780e+00 9.458999999999999631e-01 -7.169999999999999984e-02 -6.010000000000000064e-02
3.891399999999999970e+00 9.458999999999999631e-01 -5.679999999999999633e-02 -5.154999999999999860e-02
4.055100000000000371e+00 9.458999999999999631e-01 -7.139999999999999125e-02 -4.964999999999999969e-02
4.218700000000000117e+00 9.458999999999999631e-01 -8.114999999999999991e-02 -5.505000000000000171e-02
4.382299999999999862e+00 9.458999999999999631e-01 -9.479999999999999538e-02 -4.589999999999999636e-02
4.546000000000000263e+00 9.458999999999999631e-01 -9.334999999999998854e-02 -3.910000000000000281e-02
4.709600000000000009e+00 9.458999999999999631e-01 -9.429999999999999494e-02 -3.325000000000000178e-02
4.873300000000000409e+00 9.458999999999999631e-01 -9.425000000000000044e-02 -2.564999999999999919e-02
5.036900000000000155e+00 9.458999999999999631e-01 -9.410000000000000309e-02 -1.499999999999999944e-02
5.200599999999999667e+00 9.458999999999999631e-01 -9.215000000000000968e-02 -6.950000000000001316e-03
5.364200000000000301e+00 9.458999999999999631e-01 -9.004999999999999116e-02 -1.350000000000000505e-03
5.527800000000000047e+00 9.458999999999999631e-01 -8.590000000000000413e-02 4.599999999999999922e-03
5.691499999999999559e+00 9.458999999999999631e-01 -7.520000000000000295e-02 1.949999999999998609e-03
5.855100000000000193e+00 9.458999999999999631e-01 -6.250000000000000000e-02 -1.149999999999999981e-03
6.018799999999999706e+00 9.458999999999999631e-01 -6.220000000000000528e-02 -3.500000000000001374e-03
6.182400000000000340e+00 9.458999999999999631e-01 -5.740000000000000657e-02 -8.200000000000000691e-03
6.346099999999999852e+00 9.458999999999999631e-01 -7.430000000000000493e-02 2.699999999999999276e-03
6.509699999999999598e+00 9.458999999999999631e-01 -7.364999999999999325e-02 -2.999999999999999195e-03
6.673300000000000232e+00 9.458999999999999631e-01 -7.505000000000000560e-02 -1.249999999999999375e-03
6.836999999999999744e+00 9.458999999999999631e-01 -7.084999999999999631e-02 -8.500000000000000611e-04
7.000600000000000378e+00 9.458999999999999631e-01 -6.475000000000000200e-02 1.345000000000000015e-02
7.164299999999999891e+00 9.458999999999999631e-01 -7.149999999999999412e-02 1.354999999999999954e-02
7.327899999999999636e+00 9.458999999999999631e-01 -6.594999999999999474e-02 2.129999999999999949e-02
1.275999999999999912e-01 7.822000000000000064e-01 3.200000000000000153e-03 -1.244999999999999996e-01
2.913000000000000034e-01 7.822000000000000064e-01 -1.280000000000000061e-02 -1.273000000000000242e-01
4.549000000000000266e-01 7.822000000000000064e-01 -1.469999999999999953e-02 -1.261499999999999844e-01
6.186000000000000387e-01 7.822000000000000064e-01 2.749999999999999840e-03 -1.340000000000000080e-01
7.822000000000000064e-01 7.822000000000000064e-01 -3.200000000000000153e-03 -1.439500000000000224e-01
9.458999999999999631e-01 7.822000000000000064e-01 -1.240000000000000130e-02 -1.396000000000000019e-01
1.109499999999999931e+00 7.822000000000000064e-01 -2.120000000000000009e-02 -1.393500000000000016e-01
1.273099999999999898e+00 7.822000000000000064e-01 -3.694999999999999674e-02 -1.416000000000000036e-01
1.436800000000000077e+00 7.822000000000000064e-01 -3.574999999999999706e-02 -1.377499999999999836e-01
1.600400000000000045e+00 7.822000000000000064e-01 -4.529999999999999999e-02 -1.297500000000000042e-01
1.764100000000000001e+00 7.822000000000000064e-01 -5.119999999999999551e-02 -1.242999999999999938e-01
1.927699999999999969e+00 7.822000000000000064e-01 -6.170000000000000484e-02 -1.203499999999999986e-01
2.091400000000000148e+00 7.822000000000000064e-01 -5.044999999999999485e-02 -1.168000000000000010e-01
2.254999999999999893e+00 7.822000000000000064e-01 -6.304999999999999494e-02 -1.162499999999999922e-01
2.418600000000000083e+00 7.822000000000000064e-01 -6.640000000000000069e-02 -1.091000000000000025e-01
2.582300000000000040e+00 7.822000000000000064e-01 -6.610000000000000597e-02 -1.014500000000000124e-01
2.745899999999999785e+00 7.822000000000000064e-01 -7.595000000000000362e-02 -9.495000000000000662e-02
2.909600000000000186e+00 7.822000000000000064e-01 -6.559999999999999165e-02 -8.235000000000000653e-02
3.073199999999999932e+00 7.822000000000000064e-01 -6.729999999999999871e-02 -7.599999999999999811e-02
3.236800000000000122e+00 7.822000000000000064e-01 -7.250000000000000888e-02 -7.124999999999999389e-02
3.400500000000000078e+00 7.822000000000000064e-01 -7.459999999999999964e-02 -6.790000000000000202e-02
3.564099999999999824e+00 7.822000000000000064e-01 -6.640000000000000069e-02 -6.345000000000000639e-02
3.727799999999999780e+00 7.822000000000000064e-01 -7.220000000000000029e-02 -6.339999999999999802e-02
3.891399999999999970e+00 7.822000000000000064e-01 -7.434999999999999942e-02 -6.054999999999999272e-02
4.055100000000000371e+00 7.822000000000000064e-01 -8.555000000000000104e-02 -5.784999999999999865e-02
4.218700000000000117e+00 7.822000000000000064e-01 -7.585000000000000075e-02 -6.670000000000000928e-02
4.382299999999999862e+00 7.822000000000000064e-01 -9.709999999999999187e-02 -5.150000000000000411e-02
4.546000000000000263e+00 7.822000000000000064e-01 -1.025000000000000078e-01 -4.420000000000000318e-02
4.709600000000000009e+00 7.822000000000000064e-01 -1.017500000000000071e-01 -3.524999999999999661e-02
4.873300000000000409e+00 7.822000000000000064e-01 -1.049500000000000016e-01 -2.835000000000000020e-02
5.036900000000000155e+00 7.822000000000000064e-01 -1.099499999999999922e-01 -1.650000000000000078e-02
5.200599999999999667e+00 7.822000000000000064e-01 -1.076999999999999902e-01 -3.049999999999998893e-03
5.364200000000000301e+00 7.822000000000000064e-01 -1.064500000000000030e-01 -3.099999999999998590e-03
5.527800000000000047e+00 7.822000000000000064e-01 -1.026999999999999996e-01 -3.899999999999998954e-03
5.691499999999999559e+00 7.822000000000000064e-01 -9.990000000000000269e-02 7.000000000000001013e-03
5.855100000000000193e+00 7.822000000000000064e-01 -8.130000000000001115e-02 -7.450000000000000892e-03
6.018799999999999706e+00 7.822000000000000064e-01 -7.209999999999999742e-02 -6.899999999999999883e-03
6.182400000000000340e+00 7.822000000000000064e-01 -6.439999999999999891e-02 -1.705000000000000265e-02
6.346099999999999852e+00 7.822000000000000064e-01 -9.240000000000000990e-02 3.849999999999999256e-03
6.509699999999999598e+00 7.822000000000000064e-01 -1.064999999999999974e-01 7.999999999999986289e-04
6.673300000000000232e+00 7.822000000000000064e-01 -1.093000000000000083e-01 -9.849999999999997646e-03
6.836999999999999744e+00 7.822000000000000064e-01 -1.062500000000000111e-01 -4.400000000000000265e-03
7.000600000000000378e+00 7.822000000000000064e-01 -1.121999999999999942e-01 8.600000000000000006e-03
7.164299999999999891e+00 7.822000000000000064e-01 -9.865000000000000158e-02 2.409999999999999989e-02
7.327899999999999636e+00 7.822000000000000064e-01 -9.024999999999999689e-02 3.180000000000000188e-02
1.275999999999999912e-01 6.186000000000000387e-01 1.250000000000000243e-03 -1.476999999999999980e-01
2.913000000000000034e-01 6.186000000000000387e-01 -2.400000000000000223e-03 -1.496500000000000052e-01
4.549000000000000266e-01 6.186000000000000387e-01 9.999999999999998473e-03 -1.746499999999999997e-01
6.186000000000000387e-01 6.186000000000000387e-01 9.850000000000001116e-03 -1.616500000000000159e-01
7.822000000000000064e-01 6.186000000000000387e-01 -6.499999999999997533e-04 -1.708500000000000019e-01
9.458999999999999631e-01 6.186000000000000387e-01 -1.154999999999999950e-02 -1.722000000000000197e-01
1.109499999999999931e+00 6.186000000000000387e-01 -1.984999999999999959e-02 -1.754999999999999893e-01
1.273099999999999898e+00 6.186000000000000387e-01 -4.495000000000000384e-02 -1.625999999999999945e-01
1.436800000000000077e+00 6.186000000000000387e-01 -4.945000000000000090e-02 -1.632000000000000117e-01
1.600400000000000045e+00 6.186000000000000387e-01 -5.455000000000000127e-02 -1.601500000000000146e-01
1.764100000000000001e+00 6.186000000000000387e-01 -5.680000000000000326e-02 -1.610499999999999987e-01
1.927699999999999969e+00 6.186000000000000387e-01 -6.644999999999999518e-02 -1.524000000000000077e-01
2.091400000000000148e+00 6.186000000000000387e-01 -7.245000000000000051e-02 -1.401499999999999968e-01
2.254999999999999893e+00 6.186000000000000387e-01 -7.820000000000000562e-02 -1.323499999999999954e-01
2.418600000000000083e+00 6.186000000000000387e-01 -7.175000000000000822e-02 -1.160499999999999865e-01
2.582300000000000040e+00 6.186000000000000387e-01 -7.039999999999999036e-02 -1.091499999999999970e-01
2.745899999999999785e+00 6.186000000000000387e-01 -9.040000000000000813e-02 -1.110500000000000098e-01
2.909600000000000186e+00 6.186000000000000387e-01 -8.795000000000000040e-02 -9.894999999999999629e-02
3.073199999999999932e+00 6.186000000000000387e-01 -7.980000000000000981e-02 -9.340000000000001079e-02
3.236800000000000122e+00 6.186000000000000387e-01 -9.034999999999999976e-02 -8.730000000000000260e-02
3.400500000000000078e+00 6.186000000000000387e-01 -8.790000000000000591e-02 -8.039999999999999925e-02
3.564099999999999824e+00 6.186000000000000387e-01 -8.244999999999999551e-02 -7.350000000000000977e-02
3.727799999999999780e+00 6.186000000000000387e-01 -8.265000000000000124e-02 -7.164999999999999147e-02
3.891399999999999970e+00 6.186000000000000387e-01 -7.964999999999999858e-02 -6.975000000000000644e-02
4.055100000000000371e+00 6.186000000000000387e-01 -8.770000000000000018e-02 -6.659999999999999254e-02
4.218700000000000117e+00 6.186000000000000387e-01 -9.259999999999998788e-02 -7.034999999999999587e-02
4.382299999999999862e+00 6.186000000000000387e-01 -1.057000000000000023e-01 -6.079999999999999294e-02
4.546000000000000263e+00 6.186000000000000387e-01 -1.141000000000000070e-01 -5.140000000000000124e-02
4.709600000000000009e+00 6.186000000000000387e-01 -1.262500000000000011e-01 -4.929999999999999660e-02
4.873300000000000409e+00 6.186000000000000387e-01 -1.205499999999999905e-01 -3.820000000000000479e-02
5.036900000000000155e+00 6.186000000000000387e-01 -1.282000000000000084e-01 -2.379999999999999824e-02
5.200599999999999667e+00 6.186000000000000387e-01 -1.318500000000000227e-01 -1.859999999999999848e-02
5.364200000000000301e+00 6.186000000000000387e-01 -1.276499999999999857e-01 -1.370000000000000037e-02
5.527800000000000047e+00 6.186000000000000387e-01 -1.213500000000000134e-01 -1.270000000000000122e-02
5.691499999999999559e+00 6.186000000000000387e-01 -1.166999999999999982e-01 -1.134999999999999898e-02
5.855100000000000193e+00 6.186000000000000387e-01 -1.053499999999999992e-01 -1.705000000000000265e-02
6.018799999999999706e+00 6.186000000000000387e-01 -7.960000000000000409e-02 -3.660000000000000059e-02
6.182400000000000340e+00 6.186000000000000387e-01 -1.065500000000000058e-01 5.299999999999999156e-03
6.346099999999999852e+00 6.186000000000000387e-01 -1.330500000000000016e-01 8.149999999999997524e-03
6.509699999999999598e+00 6.186000000000000387e-01 -1.450500000000000123e-01 -4.000000000000000083e-03
6.673300000000000232e+00 6.186000000000000387e-01 -1.415000000000000147e-01 -1.400000000000001937e-03
6.836999999999999744e+00 6.186000000000000387e-01 -1.456000000000000072e-01 8.999999999999997585e-04
7.000600000000000378e+00 6.186000000000000387e-01 -1.437999999999999834e-01 7.000000000000001013e-04
7.164299999999999891e+00 6.186000000000000387e-01 -1.361999999999999877e-01 2.004999999999999838e-02
7.327899999999999636e+00 6.186000000000000387e-01 -1.227000000000000035e-01 4.889999999999999902e-02
1.275999999999999912e-01 4.549000000000000266e-01 -6.150000000000000085e-03 -1.652000000000000135e-01
2.913000000000000034e-01 4.549000000000000266e-01 -9.000000000000001055e-03 -1.623499999999999943e-01
4.549000000000000266e-01 4.549000000000000266e-01 -1.165000000000000063e-02 -1.875499999999999945e-01
6.186000000000000387e-01 4.549000000000000266e-01 6.150000000000000085e-03 -2.178499999999999881e-01
7.822000000000000064e-01 4.549000000000000266e-01 6.199999999999999782e-03 -2.288999999999999924e-01
9.458999999999999631e-01 4.549000000000000266e-01 -1.584999999999999951e-02 -2.066999999999999948e-01
1.109499999999999931e+00 4.549000000000000266e-01 -3.259999999999999704e-02 -1.934500000000000108e-01
1.273099999999999898e+00 4.549000000000000266e-01 -3.619999999999999607e-02 -2.143999999999999795e-01
1.436800000000000077e+00 4.549000000000000266e-01 -4.270000000000000184e-02 -2.100000000000000200e-01
1.600400000000000045e+00 4.549000000000000266e-01 -5.659999999999999754e-02 -1.966999999999999860e-01
1.764100000000000001e+00 4.549000000000000266e-01 -6.554999999999999716e-02 -1.900000000000000022e-01
1.927699999999999969e+00 4.549000000000000266e-01 -8.055000000000001048e-02 -1.868500000000000161e-01
2.091400000000000148e+00 4.549000000000000266e-01 -8.669999999999999929e-02 -1.883500000000000174e-01
2.254999999999999893e+00 4.549000000000000266e-01 -9.199999999999999845e-02 -1.693000000000000060e-01
2.418600000000000083e+00 4.549000000000000266e-01 -9.639999999999999958e-02 -1.569499999999999784e-01
2.582300000000000040e+00 4.549000000000000266e-01 -1.012500000000000067e-01 -1.426499999999999990e-01
2.745899999999999785e+00 4.549000000000000266e-01 -9.965000000000000246e-02 -1.296499999999999875e-01
2.909600000000000186e+00 4.549000000000000266e-01 -1.028499999999999970e-01 -1.122500000000000026e-01
3.073199999999999932e+00 4.549000000000000266e-01 -1.078999999999999959e-01 -1.046499999999999930e-01
3.236800000000000122e+00 4.549000000000000266e-01 -1.096999999999999920e-01 -9.544999999999999318e-02
3.400500000000000078e+00 4.549000000000000266e-01 -1.059500000000000025e-01 -8.535000000000000919e-02
3.564099999999999824e+00 4.549000000000000266e-01 -1.067500000000000115e-01 -7.994999999999999329e-02
3.727799999999999780e+00 4.549000000000000266e-01 -1.056499999999999939e-01 -7.370000000000000162e-02
3.891399999999999970e+00 4.549000000000000266e-01 -1.078999999999999959e-01 -7.459999999999999964e-02
4.055100000000000371e+00 4.549000000000000266e-01 -1.135499999999999982e-01 -6.975000000000000644e-02
4.218700000000000117e+00 4.549000000000000266e-01 -1.176999999999999991e-01 -6.919999999999999762e-02
4.382299999999999862e+00 4.549000000000000266e-01 -1.319500000000000117e-01 -5.650000000000000161e-02
4.546000000000000263e+00 4.549000000000000266e-01 -1.373499999999999999e-01 -5.764999999999999292e-02
4.709600000000000009e+00 4.549000000000000266e-01 -1.499500000000000000e-01 -5.154999999999999860e-02
4.873300000000000409e+00 4.549000000000000266e-01 -1.467499999999999916e-01 -4.325000000000000372e-02
5.036900000000000155e+00 4.549000000000000266e-01 -1.570499999999999952e-01 -2.919999999999999679e-02
5.200599999999999667e+00 4.549000000000000266e-01 -1.631500000000000172e-01 -2.024999999999999717e-02
5.364200000000000301e+00 4.549000000000000266e-01 -1.572000000000000064e-01 -1.004999999999999991e-02
5.527800000000000047e+00 4.549000000000000266e-01 -1.587500000000000022e-01 -7.100000000000000408e-03
5.691499999999999559e+00 4.549000000000000266e-01 -1.360500000000000043e-01 -1.470000000000000126e-02
5.855100000000000193e+00 4.549000000000000266e-01 -1.237000000000000044e-01 -2.230000000000000038e-02
6.018799999999999706e+00 4.549000000000000266e-01 -1.537499999999999978e-01 -5.350000000000000588e-03
6.182400000000000340e+00 4.549000000000000266e-01 -1.618999999999999884e-01 8.200000000000000691e-03
6.346099999999999852e+00 4.549000000000000266e-01 -1.575499999999999956e-01 8.750000000000000833e-03
6.509699999999999598e+00 4.549000000000000266e-01 -1.446000000000000063e-01 -3.654999999999999916e-02
6.673300000000000232e+00 4.549000000000000266e-01 -1.535500000000000198e-01 -1.297500000000000042e-01
6.836999999999999744e+00 4.549000000000000266e-01 -1.659999999999999809e-01 -2.910000000000000087e-02
7.000600000000000378e+00 4.549000000000000266e-01 -1.786999999999999977e-01 -3.380000000000000365e-02
7.164299999999999891e+00 4.549000000000000266e-01 -1.553999999999999826e-01 1.404999999999999999e-02
7.327899999999999636e+00 4.549000000000000266e-01 -1.444999999999999896e-01 5.795000000000000151e-02
1.275999999999999912e-01 2.913000000000000034e-01 -3.650000000000000466e-03 -2.091999999999999971e-01
2.913000000000000034e-01 2.913000000000000034e-01 -1.149999999999999981e-02 -2.038500000000000034e-01
4.549000000000000266e-01 2.913000000000000034e-01 -1.165000000000000063e-02 -2.127499999999999947e-01
6.186000000000000387e-01 2.913000000000000034e-01 -1.419999999999999908e-02 -2.251499999999999890e-01
7.822000000000000064e-01 2.913000000000000034e-01 -9.749999999999999986e-03 -2.687999999999999834e-01
9.458999999999999631e-01 2.913000000000000034e-01 -2.195000000000000076e-02 -2.599500000000000144e-01
1.109499999999999931e+00 2.913000000000000034e-01 -4.195000000000000118e-02 -2.167499999999999982e-01
1.273099999999999898e+00 2.913000000000000034e-01 -4.359999999999999987e-02 -2.514000000000000123e-01
1.436800000000000077e+00 2.913000000000000034e-01 -5.380000000000000060e-02 -2.529000000000000137e-01
1.600400000000000045e+00 2.913000000000000034e-01 -6.615000000000000047e-02 -2.510499999999999954e-01
1.764100000000000001e+00 2.913000000000000034e-01 -8.369999999999999662e-02 -2.328500000000000014e-01
1.927699999999999969e+00 2.913000000000000034e-01 -8.829999999999998961e-02 -2.137999999999999901e-01
2.091400000000000148e+00 2.913000000000000034e-01 -1.017500000000000071e-01 -2.011499999999999955e-01
2.254999999999999893e+00 2.913000000000000034e-01 -1.080500000000000071e-01 -1.968000000000000027e-01
2.418600000000000083e+00 2.913000000000000034e-01 -1.178000000000000019e-01 -1.892999999999999960e-01
2.582300000000000040e+00 2.913000000000000034e-01 -1.198500000000000121e-01 -1.710499999999999798e-01
2.745899999999999785e+00 2.913000000000000034e-01 -1.246000000000000024e-01 -1.607000000000000095e-01
2.909600000000000186e+00 2.913000000000000034e-01 -1.299500000000000099e-01 -1.483499999999999819e-01
3.073199999999999932e+00 2.913000000000000034e-01 -1.311499999999999888e-01 -1.287999999999999978e-01
3.236800000000000122e+00 2.913000000000000034e-01 -1.318499999999999950e-01 -1.063000000000000056e-01
3.400500000000000078e+00 2.913000000000000034e-01 -1.309500000000000108e-01 -9.769999999999999518e-02
3.564099999999999824e+00 2.913000000000000034e-01 -1.271499999999999853e-01 -9.404999999999999472e-02
3.727799999999999780e+00 2.913000000000000034e-01 -1.366499999999999937e-01 -1.087499999999999994e-01
3.891399999999999970e+00 2.913000000000000034e-01 -1.326999999999999846e-01 -7.739999999999999658e-02
4.055100000000000371e+00 2.913000000000000034e-01 -1.420000000000000151e-01 -8.039999999999999925e-02
4.218700000000000117e+00 2.913000000000000034e-01 -1.479499999999999982e-01 -8.409999999999999420e-02
4.382299999999999862e+00 2.913000000000000034e-01 -1.603499999999999925e-01 -7.370000000000000162e-02
4.546000000000000263e+00 2.913000000000000034e-01 -1.748500000000000054e-01 -6.615000000000000047e-02
4.709600000000000009e+00 2.913000000000000034e-01 -1.833000000000000185e-01 -6.029999999999999943e-02
4.873300000000000409e+00 2.913000000000000034e-01 -2.041499999999999981e-01 -5.194999999999999618e-02
5.036900000000000155e+00 2.913000000000000034e-01 -2.074499999999999955e-01 -5.500000000000000028e-02
5.200599999999999667e+00 2.913000000000000034e-01 -1.997999999999999776e-01 -2.820000000000000284e-02
5.364200000000000301e+00 2.913000000000000034e-01 -1.850999999999999868e-01 1.749999999999999820e-02
5.527800000000000047e+00 2.913000000000000034e-01 -1.959500000000000131e-01 2.765000000000000097e-02
5.691499999999999559e+00 2.913000000000000034e-01 -1.827000000000000013e-01 2.709999999999999909e-02
5.855100000000000193e+00 2.913000000000000034e-01 -1.699499999999999900e-01 3.059999999999999873e-02
6.018799999999999706e+00 2.913000000000000034e-01 -1.703000000000000069e-01 -1.890000000000000013e-02
6.182400000000000340e+00 2.913000000000000034e-01 -1.758000000000000118e-01 -3.729999999999999982e-02
6.346099999999999852e+00 2.913000000000000034e-01 -2.069000000000000006e-01 3.200000000000000067e-02
6.509699999999999598e+00 2.913000000000000034e-01 -1.516500000000000070e-01 -7.115000000000000491e-02
6.673300000000000232e+00 2.913000000000000034e-01 -1.583499999999999908e-01 -4.910000000000000475e-02
6.836999999999999744e+00 2.913000000000000034e-01 -1.938499999999999945e-01 2.750000000000000014e-02
7.000600000000000378e+00 2.913000000000000034e-01 -1.636500000000000177e-01 2.099999999999999437e-03
7.164299999999999891e+00 2.913000000000000034e-01 -1.419499999999999929e-01 3.760000000000000148e-02
7.327899999999999636e+00 2.913000000000000034e-01 -1.553499999999999881e-01 6.479999999999999649e-02
1.275999999999999912e-01 1.275999999999999912e-01 -1.500000000000000031e-03 -2.333500000000000019e-01
2.913000000000000034e-01 1.275999999999999912e-01 -1.025000000000000043e-02 -2.393500000000000072e-01
4.549000000000000266e-01 1.275999999999999912e-01 -9.350000000000000672e-03 -2.276500000000000190e-01
6.186000000000000387e-01 1.275999999999999912e-01 -3.824999999999999928e-02 -2.757499999999999951e-01
7.822000000000000064e-01 1.275999999999999912e-01 -3.339999999999999913e-02 -2.912000000000000144e-01
9.458999999999999631e-01 1.275999999999999912e-01 -3.915000000000000424e-02 -2.845000000000000306e-01
1.109499999999999931e+00 1.275999999999999912e-01 -5.025000000000000300e-02 -3.222000000000000419e-01
1.273099999999999898e+00 1.275999999999999912e-01 -5.745000000000000107e-02 -3.182500000000000329e-01
1.436800000000000077e+00 1.275999999999999912e-01 -7.044999999999999873e-02 -2.806000000000000161e-01
1.600400000000000045e+00 1.275999999999999912e-01 -8.795000000000000040e-02 -2.737999999999999878e-01
1.764100000000000001e+00 1.275999999999999912e-01 -9.429999999999999494e-02 -2.696999999999999953e-01
1.927699999999999969e+00 1.275999999999999912e-01 -9.989999999999998881e-02 -2.431999999999999995e-01
2.091400000000000148e+00 1.275999999999999912e-01 -1.103000000000000091e-01 -2.311999999999999889e-01
2.254999999999999893e+00 1.275999999999999912e-01 -1.192499999999999949e-01 -2.199500000000000066e-01
2.418600000000000083e+00 1.275999999999999912e-01 -1.269000000000000128e-01 -2.055000000000000160e-01
2.582300000000000040e+00 1.275999999999999912e-01 -1.406999999999999917e-01 -1.916499999999999870e-01
2.745899999999999785e+00 1.275999999999999912e-01 -1.531000000000000139e-01 -1.983000000000000040e-01
2.909600000000000186e+00 1.275999999999999912e-01 -1.567000000000000060e-01 -1.972499999999999809e-01
3.073199999999999932e+00 1.275999999999999912e-01 -1.542999999999999927e-01 -1.585000000000000020e-01
3.236800000000000122e+00 1.275999999999999912e-01 -1.750499999999999834e-01 -8.275000000000000411e-02
3.400500000000000078e+00 1.275999999999999912e-01 -1.740999999999999770e-01 -1.208999999999999936e-01
3.564099999999999824e+00 1.275999999999999912e-01 -1.670000000000000095e-01 -1.334500000000000131e-01
3.727799999999999780e+00 1.275999999999999912e-01 -1.620999999999999941e-01 -1.295999999999999930e-01
3.891399999999999970e+00 1.275999999999999912e-01 -1.552999999999999936e-01 -7.159999999999999698e-02
4.055100000000000371e+00 1.275999999999999912e-01 -1.891999999999999793e-01 -7.094999999999999918e-02
4.218700000000000117e+00 1.275999999999999912e-01 -1.980000000000000093e-01 -6.654999999999999805e-02
4.382299999999999862e+00 1.275999999999999912e-01 -2.051999999999999935e-01 -7.284999999999999809e-02
4.546000000000000263e+00 1.275999999999999912e-01 -1.935000000000000053e-01 -8.020000000000000739e-02
4.709600000000000009e+00 1.275999999999999912e-01 -1.714999999999999858e-01 -4.710000000000000298e-02
4.873300000000000409e+00 1.275999999999999912e-01 -2.332500000000000129e-01 -1.975000000000000019e-02
5.036900000000000155e+00 1.275999999999999912e-01 -2.301999999999999880e-01 -4.929999999999999660e-02
5.200599999999999667e+00 1.275999999999999912e-01 -1.711000000000000021e-01 -1.720000000000000001e-02
5.364200000000000301e+00 1.275999999999999912e-01 -1.975999999999999979e-01 -1.446500000000000008e-01
5.527800000000000047e+00 1.275999999999999912e-01 -2.393000000000000127e-01 1.351499999999999924e-01
5.691499999999999559e+00 1.275999999999999912e-01 -2.476499999999999813e-01 1.280499999999999972e-01
5.855100000000000193e+00 1.275999999999999912e-01 -2.584000000000000186e-01 1.330500000000000016e-01
6.018799999999999706e+00 1.275999999999999912e-01 -1.620499999999999996e-01 1.074999999999999914e-02
6.182400000000000340e+00 1.275999999999999912e-01 -1.583999999999999853e-01 -9.499999999999994560e-04
6.346099999999999852e+00 1.275999999999999912e-01 -1.528499999999999859e-01 2.174999999999999850e-02
6.509699999999999598e+00 1.275999999999999912e-01 -2.215499999999999692e-01 2.089999999999999844e-02
6.673300000000000232e+00 1.275999999999999912e-01 -1.582500000000000018e-01 -3.599999999999999034e-03
6.836999999999999744e+00 1.275999999999999912e-01 -1.466500000000000026e-01 1.915000000000000036e-02
7.000600000000000378e+00 1.275999999999999912e-01 -1.684499999999999886e-01 2.489999999999999852e-02
7.164299999999999891e+00 1.275999999999999912e-01 -1.623999999999999888e-01 4.370000000000000273e-02
7.327899999999999636e+00 1.275999999999999912e-01 -1.785499999999999865e-01 5.394999999999999796e-02
