1.275999999999999912e-01 1.927699999999999969e+00 5.015000000000000013e-02 8.449999999999999178e-03
2.913000000000000034e-01 1.927699999999999969e+00 5.300000000000000544e-02 1.065000000000000148e-02
4.549000000000000266e-01 1.927699999999999969e+00 4.879999999999999616e-02 1.225000000000000047e-02
6.186000000000000387e-01 1.927699999999999969e+00 4.574999999999999900e-02 6.150000000000000085e-03
7.822000000000000064e-01 1.927699999999999969e+00 3.729999999999999982e-02 1.130000000000000102e-02
9.458999999999999631e-01 1.927699999999999969e+00 3.640000000000000180e-02 1.000000000000000021e-02
1.109499999999999931e+00 1.927699999999999969e+00 3.080000000000000099e-02 9.799999999999999684e-03
1.273099999999999898e+00 1.927699999999999969e+00 3.959999999999999631e-02 8.150000000000000994e-03
1.436800000000000077e+00 1.927699999999999969e+00 4.055000000000000271e-02 5.349999999999999721e-03
1.600400000000000045e+00 1.927699999999999969e+00 2.949999999999999845e-02 9.149999999999998412e-03
1.764100000000000001e+00 1.927699999999999969e+00 2.835000000000000020e-02 8.750000000000000833e-03
1.927699999999999969e+00 1.927699999999999969e+00 4.125000000000000194e-02 2.600000000000000748e-03
2.091400000000000148e+00 1.927699999999999969e+00 4.070000000000000007e-02 2.450000000000000788e-03
2.254999999999999893e+00 1.927699999999999969e+00 4.574999999999999900e-02 2.949999999999999498e-03
2.418600000000000083e+00 1.927699999999999969e+00 4.299999999999999656e-02 1.450000000000000767e-03
2.582300000000000040e+00 1.927699999999999969e+00 4.315000000000000085e-02 -1.149999999999999981e-03
2.745899999999999785e+00 1.927699999999999969e+00 4.170000000000000095e-02 -2.250000000000000264e-03
2.909600000000000186e+00 1.927699999999999969e+00 3.855000000000000093e-02 -2.800000000000000405e-03
3.073199999999999932e+00 1.927699999999999969e+00 3.740000000000000269e-02 -3.099999999999999457e-03
3.236800000000000122e+00 1.927699999999999969e+00 3.369999999999999385e-02 -6.549999999999999399e-03
3.400500000000000078e+00 1.927699999999999969e+00 3.765000000000000291e-02 -6.650000000000000529e-03
3.564099999999999824e+00 1.927699999999999969e+00 3.719999999999999696e-02 -8.000000000000000167e-03
3.727799999999999780e+00 1.927699999999999969e+00 3.599999999999999728e-02 -8.349999999999999784e-03
3.891399999999999970e+00 1.927699999999999969e+00 3.389999999999999958e-02 -8.200000000000000691e-03
4.055100000000000371e+00 1.927699999999999969e+00 3.129999999999999449e-02 -1.140000000000000041e-02
4.218700000000000117e+00 1.927699999999999969e+00 3.130000000000000143e-02 -1.905000000000000096e-02
4.382299999999999862e+00 1.927699999999999969e+00 3.175000000000000044e-02 -1.580000000000000154e-02
4.546000000000000263e+00 1.927699999999999969e+00 3.039999999999999994e-02 -1.019999999999999900e-02
4.709600000000000009e+00 1.927699999999999969e+00 2.869999999999999982e-02 -1.584999999999999951e-02
4.873300000000000409e+00 1.927699999999999969e+00 2.605000000000000024e-02 -2.369999999999999885e-02
5.036900000000000155e+00 1.927699999999999969e+00 2.350000000000000006e-02 -2.249999999999999917e-02
5.200599999999999667e+00 1.927699999999999969e+00 1.979999999999999816e-02 -2.585000000000000145e-02
5.364200000000000301e+00 1.927699999999999969e+00 1.704999999999999918e-02 -2.355000000000000149e-02
5.527800000000000047e+00 1.927699999999999969e+00 1.225000000000000047e-02 -2.460000000000000034e-02
5.691499999999999559e+00 1.927699999999999969e+00 8.150000000000000994e-03 -2.999999999999999889e-02
5.855100000000000193e+00 1.927699999999999969e+00 8.449999999999999178e-03 -2.584999999999999798e-02
6.018799999999999706e+00 1.927699999999999969e+00 6.049999999999999822e-03 -2.115000000000000213e-02
6.182400000000000340e+00 1.927699999999999969e+00 4.400000000000000265e-03 -2.185000000000000137e-02
6.346099999999999852e+00 1.927699999999999969e+00 -1.399999999999999769e-03 -2.529999999999999957e-02
6.509699999999999598e+00 1.927699999999999969e+00 -1.950000000000000344e-03 -1.634999999999999995e-02
6.673300000000000232e+00 1.927699999999999969e+00 -4.499999999999999660e-03 -1.605000000000000177e-02
6.836999999999999744e+00 1.927699999999999969e+00 -5.699999999999999338e-03 -8.949999999999999623e-03
7.000600000000000378e+00 1.927699999999999969e+00 -5.300000000000000024e-03 -7.799999999999999642e-03
7.164299999999999891e+00 1.927699999999999969e+00 -6.850000000000000186e-03 -5.100000000000000366e-03
7.327899999999999636e+00 1.927699999999999969e+00 -7.550000000000000287e-03 1.800000000000000384e-03
1.275999999999999912e-01 1.764100000000000001e+00 4.404999999999999888e-02 9.150000000000000147e-03
2.913000000000000034e-01 1.764100000000000001e+00 5.260000000000000092e-02 7.849999999999999339e-03
4.549000000000000266e-01 1.764100000000000001e+00 4.870000000000000023e-02 1.105000000000000079e-02
6.186000000000000387e-01 1.764100000000000001e+00 4.330000000000000515e-02 1.195000000000000055e-02
7.822000000000000064e-01 1.764100000000000001e+00 5.190000000000000169e-02 1.060000000000000005e-02
9.458999999999999631e-01 1.764100000000000001e+00 4.490000000000000241e-02 1.004999999999999991e-02
1.109499999999999931e+00 1.764100000000000001e+00 3.425000000000000266e-02 1.060000000000000005e-02
1.273099999999999898e+00 1.764100000000000001e+00 2.539999999999999897e-02 1.304999999999999910e-02
1.436800000000000077e+00 1.764100000000000001e+00 3.034999999999999851e-02 8.099999999999999561e-03
1.600400000000000045e+00 1.764100000000000001e+00 2.900000000000000147e-02 1.080000000000000057e-02
1.764100000000000001e+00 1.764100000000000001e+00 2.724999999999999992e-02 1.190000000000000085e-02
1.927699999999999969e+00 1.764100000000000001e+00 3.984999999999999654e-02 5.299999999999999156e-03
2.091400000000000148e+00 1.764100000000000001e+00 4.914999999999999925e-02 1.249999999999999375e-03
2.254999999999999893e+00 1.764100000000000001e+00 4.560000000000000164e-02 1.700000000000000122e-03
2.418600000000000083e+00 1.764100000000000001e+00 3.669999999999999651e-02 1.400000000000000203e-03
2.582300000000000040e+00 1.764100000000000001e+00 4.274999999999999634e-02 9.999999999999939493e-05
2.745899999999999785e+00 1.764100000000000001e+00 4.209999999999999853e-02 -1.149999999999999981e-03
2.909600000000000186e+00 1.764100000000000001e+00 3.909999999999999587e-02 -5.949999999999999560e-03
3.073199999999999932e+00 1.764100000000000001e+00 3.834999999999999520e-02 -5.450000000000000851e-03
3.236800000000000122e+00 1.764100000000000001e+00 4.284999999999999920e-02 -3.899999999999999821e-03
3.400500000000000078e+00 1.764100000000000001e+00 4.105000000000000315e-02 -7.600000000000000852e-03
3.564099999999999824e+00 1.764100000000000001e+00 3.944999999999999896e-02 -1.039999999999999952e-02
3.727799999999999780e+00 1.764100000000000001e+00 3.610000000000000014e-02 -1.215000000000000108e-02
3.891399999999999970e+00 1.764100000000000001e+00 3.665000000000000202e-02 -1.219999999999999904e-02
4.055100000000000371e+00 1.764100000000000001e+00 3.384999999999999815e-02 -1.859999999999999848e-02
4.218700000000000117e+00 1.764100000000000001e+00 3.475000000000000311e-02 -1.834999999999999826e-02
4.382299999999999862e+00 1.764100000000000001e+00 3.389999999999999958e-02 -1.700000000000000122e-02
4.546000000000000263e+00 1.764100000000000001e+00 3.225000000000000089e-02 -1.785000000000000128e-02
4.709600000000000009e+00 1.764100000000000001e+00 3.080000000000000099e-02 -2.274999999999999939e-02
4.873300000000000409e+00 1.764100000000000001e+00 2.614999999999999963e-02 -2.570000000000000062e-02
5.036900000000000155e+00 1.764100000000000001e+00 2.539999999999999897e-02 -2.175000000000000197e-02
5.200599999999999667e+00 1.764100000000000001e+00 2.025000000000000064e-02 -2.960000000000000131e-02
5.364200000000000301e+00 1.764100000000000001e+00 1.805000000000000007e-02 -3.275000000000000133e-02
5.527800000000000047e+00 1.764100000000000001e+00 1.445000000000000104e-02 -2.759999999999999953e-02
5.691499999999999559e+00 1.764100000000000001e+00 9.799999999999999684e-03 -2.475000000000000117e-02
5.855100000000000193e+00 1.764100000000000001e+00 8.550000000000000308e-03 -2.645000000000000129e-02
6.018799999999999706e+00 1.764100000000000001e+00 4.200000000000000608e-03 -3.189999999999999780e-02
6.182400000000000340e+00 1.764100000000000001e+00 1.499999999999999598e-03 -2.775000000000000036e-02
6.346099999999999852e+00 1.764100000000000001e+00 -3.250000000000000284e-03 -2.740000000000000074e-02
6.509699999999999598e+00 1.764100000000000001e+00 -5.599999999999999943e-03 -2.139999999999999888e-02
6.673300000000000232e+00 1.764100000000000001e+00 -6.150000000000000085e-03 -1.754999999999999963e-02
6.836999999999999744e+00 1.764100000000000001e+00 -8.099999999999999561e-03 -1.279999999999999888e-02
7.000600000000000378e+00 1.764100000000000001e+00 -8.699999999999999400e-03 -8.400000000000001216e-03
7.164299999999999891e+00 1.764100000000000001e+00 -7.650000000000000550e-03 -7.000000000000001013e-04
7.327899999999999636e+00 1.764100000000000001e+00 -9.100000000000000450e-03 1.014999999999999930e-02
1.275999999999999912e-01 1.600400000000000045e+00 3.859999999999999543e-02 8.349999999999999784e-03
2.913000000000000034e-01 1.600400000000000045e+00 4.800000000000000100e-02 1.094999999999999966e-02
4.549000000000000266e-01 1.600400000000000045e+00 3.844999999999999807e-02 1.340000000000000045e-02
6.186000000000000387e-01 1.600400000000000045e+00 3.919999999999999873e-02 1.225000000000000047e-02
7.822000000000000064e-01 1.600400000000000045e+00 4.460000000000000075e-02 1.274999999999999918e-02
9.458999999999999631e-01 1.600400000000000045e+00 4.645000000000000517e-02 1.255000000000000039e-02
1.109499999999999931e+00 1.600400000000000045e+00 4.090000000000000580e-02 1.284999999999999858e-02
1.273099999999999898e+00 1.600400000000000045e+00 2.964999999999999927e-02 1.140000000000000041e-02
1.436800000000000077e+00 1.600400000000000045e+00 3.629999999999999893e-02 7.749999999999999944e-03
1.600400000000000045e+00 1.600400000000000045e+00 3.615000000000000158e-02 8.000000000000000167e-03
1.764100000000000001e+00 1.600400000000000045e+00 3.300000000000000155e-02 8.600000000000000006e-03
1.927699999999999969e+00 1.600400000000000045e+00 3.640000000000000180e-02 5.600000000000000810e-03
2.091400000000000148e+00 1.600400000000000045e+00 4.750000000000000056e-02 3.250000000000000284e-03
2.254999999999999893e+00 1.600400000000000045e+00 4.429999999999999910e-02 8.999999999999997585e-04
2.418600000000000083e+00 1.600400000000000045e+00 3.965000000000000469e-02 2.999999999999999195e-04
2.582300000000000040e+00 1.600400000000000045e+00 4.199999999999999567e-02 -5.999999999999998390e-04
2.745899999999999785e+00 1.600400000000000045e+00 4.150000000000000216e-02 -2.899999999999999800e-03
2.909600000000000186e+00 1.600400000000000045e+00 4.024999999999999412e-02 -5.599999999999999943e-03
3.073199999999999932e+00 1.600400000000000045e+00 4.234999999999999876e-02 -6.349999999999999742e-03
3.236800000000000122e+00 1.600400000000000045e+00 4.389999999999999458e-02 -9.349999999999998937e-03
3.400500000000000078e+00 1.600400000000000045e+00 3.865000000000000380e-02 -1.085000000000000027e-02
3.564099999999999824e+00 1.600400000000000045e+00 4.040000000000000535e-02 -1.234999999999999987e-02
3.727799999999999780e+00 1.600400000000000045e+00 3.799999999999999906e-02 -1.070000000000000118e-02
3.891399999999999970e+00 1.600400000000000045e+00 3.959999999999999631e-02 -1.479999999999999892e-02
4.055100000000000371e+00 1.600400000000000045e+00 3.704999999999999960e-02 -1.554999999999999959e-02
4.218700000000000117e+00 1.600400000000000045e+00 3.735000000000000125e-02 -1.984999999999999959e-02
4.382299999999999862e+00 1.600400000000000045e+00 3.440000000000000002e-02 -2.174999999999999850e-02
4.546000000000000263e+00 1.600400000000000045e+00 3.335000000000000464e-02 -2.215000000000000302e-02
4.709600000000000009e+00 1.600400000000000045e+00 3.185000000000000331e-02 -2.380000000000000171e-02
4.873300000000000409e+00 1.600400000000000045e+00 2.870000000000000329e-02 -2.885000000000000064e-02
5.036900000000000155e+00 1.600400000000000045e+00 2.610000000000000167e-02 -3.275000000000000133e-02
5.200599999999999667e+00 1.600400000000000045e+00 2.539999999999999897e-02 -3.889999999999999708e-02
5.364200000000000301e+00 1.600400000000000045e+00 2.064999999999999822e-02 -4.410000000000000031e-02
5.527800000000000047e+00 1.600400000000000045e+00 1.294999999999999971e-02 -3.305000000000000299e-02
5.691499999999999559e+00 1.600400000000000045e+00 1.060000000000000005e-02 -3.230000000000000232e-02
5.855100000000000193e+00 1.600400000000000045e+00 7.749999999999999944e-03 -2.969999999999999724e-02
6.018799999999999706e+00 1.600400000000000045e+00 1.850000000000000082e-03 -3.905000000000000138e-02
6.182400000000000340e+00 1.600400000000000045e+00 -1.549999999999999729e-03 -2.919999999999999679e-02
6.346099999999999852e+00 1.600400000000000045e+00 -4.899999999999999842e-03 -2.444999999999999951e-02
6.509699999999999598e+00 1.600400000000000045e+00 -1.089999999999999997e-02 -3.239999999999999825e-02
6.673300000000000232e+00 1.600400000000000045e+00 -1.000000000000000021e-02 -2.199999999999999872e-02
6.836999999999999744e+00 1.600400000000000045e+00 -1.124999999999999958e-02 -1.855000000000000052e-02
7.000600000000000378e+00 1.600400000000000045e+00 -1.304999999999999910e-02 -1.424999999999999878e-02
7.164299999999999891e+00 1.600400000000000045e+00 -1.430000000000000021e-02 -3.149999999999999589e-03
7.327899999999999636e+00 1.600400000000000045e+00 -1.634999999999999995e-02 6.099999999999999520e-03
1.275999999999999912e-01 1.436800000000000077e+00 3.679999999999999938e-02 7.050000000000000711e-03
2.913000000000000034e-01 1.436800000000000077e+00 3.869999999999999829e-02 1.064999999999999974e-02
4.549000000000000266e-01 1.436800000000000077e+00 3.355000000000000343e-02 9.400000000000000369e-03
6.186000000000000387e-01 1.436800000000000077e+00 3.360000000000000486e-02 1.254999999999999866e-02
7.822000000000000064e-01 1.436800000000000077e+00 3.370000000000000079e-02 1.445000000000000104e-02
9.458999999999999631e-01 1.436800000000000077e+00 4.199999999999999567e-02 1.310000000000000053e-02
1.109499999999999931e+00 1.436800000000000077e+00 3.719999999999999696e-02 1.374999999999999833e-02
1.273099999999999898e+00 1.436800000000000077e+00 3.699999999999999817e-02 1.124999999999999958e-02
1.436800000000000077e+00 1.436800000000000077e+00 4.374999999999999722e-02 1.059999999999999831e-02
1.600400000000000045e+00 1.436800000000000077e+00 4.245000000000000162e-02 8.099999999999999561e-03
1.764100000000000001e+00 1.436800000000000077e+00 3.669999999999999651e-02 9.049999999999999017e-03
1.927699999999999969e+00 1.436800000000000077e+00 3.690000000000000224e-02 8.250000000000000389e-03
2.091400000000000148e+00 1.436800000000000077e+00 4.240000000000000019e-02 5.400000000000000286e-03
2.254999999999999893e+00 1.436800000000000077e+00 4.274999999999999634e-02 1.300000000000000808e-03
2.418600000000000083e+00 1.436800000000000077e+00 4.330000000000000515e-02 1.999999999999987899e-04
2.582300000000000040e+00 1.436800000000000077e+00 4.115000000000000602e-02 -4.850000000000000144e-03
2.745899999999999785e+00 1.436800000000000077e+00 4.065000000000000557e-02 -7.349999999999999763e-03
2.909600000000000186e+00 1.436800000000000077e+00 4.145000000000000073e-02 -7.249999999999999500e-03
3.073199999999999932e+00 1.436800000000000077e+00 4.084999999999999742e-02 -8.750000000000000833e-03
3.236800000000000122e+00 1.436800000000000077e+00 4.195000000000000118e-02 -1.115000000000000019e-02
3.400500000000000078e+00 1.436800000000000077e+00 4.385000000000000009e-02 -1.159999999999999920e-02
3.564099999999999824e+00 1.436800000000000077e+00 4.435000000000000053e-02 -1.464999999999999983e-02
3.727799999999999780e+00 1.436800000000000077e+00 4.389999999999999458e-02 -1.494999999999999801e-02
3.891399999999999970e+00 1.436800000000000077e+00 4.449999999999999789e-02 -1.684999999999999692e-02
4.055100000000000371e+00 1.436800000000000077e+00 4.025000000000000105e-02 -2.189999999999999933e-02
4.218700000000000117e+00 1.436800000000000077e+00 4.070000000000000007e-02 -3.069999999999999812e-02
4.382299999999999862e+00 1.436800000000000077e+00 3.830000000000000071e-02 -3.214999999999999802e-02
4.546000000000000263e+00 1.436800000000000077e+00 3.465000000000000024e-02 -2.539999999999999897e-02
4.709600000000000009e+00 1.436800000000000077e+00 3.375000000000000222e-02 -2.794999999999999915e-02
4.873300000000000409e+00 1.436800000000000077e+00 3.189999999999999780e-02 -3.350000000000000200e-02
5.036900000000000155e+00 1.436800000000000077e+00 2.974999999999999867e-02 -3.925000000000000017e-02
5.200599999999999667e+00 1.436800000000000077e+00 2.650000000000000272e-02 -4.275000000000000328e-02
5.364200000000000301e+00 1.436800000000000077e+00 2.085000000000000048e-02 -4.535000000000000142e-02
5.527800000000000047e+00 1.436800000000000077e+00 1.335000000000000075e-02 -3.834999999999999520e-02
5.691499999999999559e+00 1.436800000000000077e+00 9.350000000000000672e-03 -3.375000000000000222e-02
5.855100000000000193e+00 1.436800000000000077e+00 5.449999999999999983e-03 -3.359999999999999792e-02
6.018799999999999706e+00 1.436800000000000077e+00 -5.999999999999998390e-04 -4.014999999999999819e-02
6.182400000000000340e+00 1.436800000000000077e+00 -1.199999999999999678e-03 -2.435000000000000012e-02
6.346099999999999852e+00 1.436800000000000077e+00 -4.400000000000000265e-03 -1.954999999999999793e-02
6.509699999999999598e+00 1.436800000000000077e+00 -1.234999999999999987e-02 -3.325000000000000178e-02
6.673300000000000232e+00 1.436800000000000077e+00 -1.710000000000000062e-02 -2.874999999999999778e-02
6.836999999999999744e+00 1.436800000000000077e+00 -1.020000000000000073e-02 -1.339999999999999872e-02
7.000600000000000378e+00 1.436800000000000077e+00 -1.145000000000000184e-02 -6.200000000000000649e-03
7.164299999999999891e+00 1.436800000000000077e+00 -1.710000000000000062e-02 -2.950000000000000365e-03
7.327899999999999636e+00 1.436800000000000077e+00 -2.865000000000000185e-02 -1.379999999999999977e-02
1.275999999999999912e-01 1.273099999999999898e+00 2.690000000000000030e-02 8.600000000000000006e-03
2.913000000000000034e-01 1.273099999999999898e+00 2.835000000000000020e-02 1.014999999999999930e-02
4.549000000000000266e-01 1.273099999999999898e+00 3.660000000000000059e-02 1.130000000000000102e-02
6.186000000000000387e-01 1.273099999999999898e+00 3.239999999999999825e-02 1.409999999999999795e-02
7.822000000000000064e-01 1.273099999999999898e+00 2.939999999999999905e-02 1.184999999999999942e-02
9.458999999999999631e-01 1.273099999999999898e+00 3.475000000000000311e-02 1.100000000000000110e-02
1.109499999999999931e+00 1.273099999999999898e+00 4.579999999999999349e-02 1.420000000000000082e-02
1.273099999999999898e+00 1.273099999999999898e+00 4.274999999999999634e-02 1.274999999999999918e-02
1.436800000000000077e+00 1.273099999999999898e+00 4.299999999999999656e-02 1.415000000000000112e-02
1.600400000000000045e+00 1.273099999999999898e+00 4.359999999999999987e-02 1.020000000000000073e-02
1.764100000000000001e+00 1.273099999999999898e+00 4.049999999999999434e-02 9.050000000000000752e-03
1.927699999999999969e+00 1.273099999999999898e+00 4.649999999999999967e-02 8.899999999999999925e-03
2.091400000000000148e+00 1.273099999999999898e+00 4.950000000000000233e-02 7.100000000000002143e-03
2.254999999999999893e+00 1.273099999999999898e+00 4.860000000000000431e-02 2.349999999999999659e-03
2.418600000000000083e+00 1.273099999999999898e+00 4.395000000000000295e-02 -6.999999999999992339e-04
2.582300000000000040e+00 1.273099999999999898e+00 4.524999999999999856e-02 -3.099999999999998590e-03
2.745899999999999785e+00 1.273099999999999898e+00 4.349999999999999700e-02 -5.699999999999998471e-03
2.909600000000000186e+00 1.273099999999999898e+00 4.180000000000000382e-02 -8.750000000000000833e-03
3.073199999999999932e+00 1.273099999999999898e+00 4.374999999999999722e-02 -1.085000000000000027e-02
3.236800000000000122e+00 1.273099999999999898e+00 4.499999999999999833e-02 -1.240000000000000130e-02
3.400500000000000078e+00 1.273099999999999898e+00 4.655000000000000110e-02 -1.584999999999999951e-02
3.564099999999999824e+00 1.273099999999999898e+00 4.649999999999999967e-02 -1.485000000000000209e-02
3.727799999999999780e+00 1.273099999999999898e+00 4.485000000000000098e-02 -1.799999999999999864e-02
3.891399999999999970e+00 1.273099999999999898e+00 4.614999999999999658e-02 -2.350000000000000006e-02
4.055100000000000371e+00 1.273099999999999898e+00 4.364999999999999436e-02 -2.215000000000000302e-02
4.218700000000000117e+00 1.273099999999999898e+00 4.170000000000000095e-02 -3.045000000000000137e-02
4.382299999999999862e+00 1.273099999999999898e+00 4.149999999999999523e-02 -2.794999999999999915e-02
4.546000000000000263e+00 1.273099999999999898e+00 3.989999999999999797e-02 -3.345000000000000057e-02
4.709600000000000009e+00 1.273099999999999898e+00 3.955000000000000182e-02 -4.189999999999999974e-02
4.873300000000000409e+00 1.273099999999999898e+00 3.620000000000000301e-02 -4.959999999999999826e-02
5.036900000000000155e+00 1.273099999999999898e+00 3.150000000000000022e-02 -5.244999999999999662e-02
5.200599999999999667e+00 1.273099999999999898e+00 2.879999999999999921e-02 -4.660000000000000253e-02
5.364200000000000301e+00 1.273099999999999898e+00 2.029999999999999860e-02 -3.765000000000000291e-02
5.527800000000000047e+00 1.273099999999999898e+00 1.364999999999999894e-02 -3.289999999999999869e-02
5.691499999999999559e+00 1.273099999999999898e+00 1.055000000000000035e-02 -4.299999999999999656e-02
5.855100000000000193e+00 1.273099999999999898e+00 5.499999999999999681e-03 -3.519999999999999518e-02
6.018799999999999706e+00 1.273099999999999898e+00 3.200000000000000153e-03 -3.740000000000000269e-02
6.182400000000000340e+00 1.273099999999999898e+00 -2.349999999999999659e-03 -3.200000000000000067e-02
6.346099999999999852e+00 1.273099999999999898e+00 -1.099999999999999936e-02 -4.139999999999999930e-02
6.509699999999999598e+00 1.273099999999999898e+00 -1.384999999999999946e-02 -4.825000000000000122e-02
6.673300000000000232e+00 1.273099999999999898e+00 -1.679999999999999896e-02 -3.414999999999999980e-02
6.836999999999999744e+00 1.273099999999999898e+00 -1.729999999999999941e-02 -2.205000000000000016e-02
7.000600000000000378e+00 1.273099999999999898e+00 -1.414999999999999938e-02 -7.250000000000000368e-03
7.164299999999999891e+00 1.273099999999999898e+00 -1.675000000000000100e-02 4.599999999999999922e-03
7.327899999999999636e+00 1.273099999999999898e+00 -2.274999999999999939e-02 -4.600000000000000790e-03
1.275999999999999912e-01 1.109499999999999931e+00 2.154999999999999971e-02 7.149999999999999238e-03
2.913000000000000034e-01 1.109499999999999931e+00 3.055000000000000077e-02 1.204999999999999821e-02
4.549000000000000266e-01 1.109499999999999931e+00 2.989999999999999949e-02 1.034999999999999983e-02
6.186000000000000387e-01 1.109499999999999931e+00 2.855000000000000246e-02 1.400000000000000029e-02
7.822000000000000064e-01 1.109499999999999931e+00 3.115000000000000061e-02 1.445000000000000104e-02
9.458999999999999631e-01 1.109499999999999931e+00 3.074999999999999956e-02 1.329999999999999932e-02
1.109499999999999931e+00 1.109499999999999931e+00 3.509999999999999926e-02 1.639999999999999791e-02
1.273099999999999898e+00 1.109499999999999931e+00 4.535000000000000142e-02 1.605000000000000177e-02
1.436800000000000077e+00 1.109499999999999931e+00 4.240000000000000019e-02 1.310000000000000053e-02
1.600400000000000045e+00 1.109499999999999931e+00 4.134999999999999787e-02 1.345000000000000015e-02
1.764100000000000001e+00 1.109499999999999931e+00 4.159999999999999809e-02 1.154999999999999777e-02
1.927699999999999969e+00 1.109499999999999931e+00 4.614999999999999658e-02 8.800000000000002265e-03
2.091400000000000148e+00 1.109499999999999931e+00 4.829999999999999571e-02 7.900000000000000772e-03
2.254999999999999893e+00 1.109499999999999931e+00 5.299999999999999850e-02 2.549999999999998448e-03
2.418600000000000083e+00 1.109499999999999931e+00 4.910000000000000475e-02 -4.999999999999969746e-05
2.582300000000000040e+00 1.109499999999999931e+00 4.870000000000000023e-02 -1.600000000000000727e-03
2.745899999999999785e+00 1.109499999999999931e+00 5.019999999999999463e-02 -5.449999999999999983e-03
2.909600000000000186e+00 1.109499999999999931e+00 4.979999999999999705e-02 -7.950000000000000469e-03
3.073199999999999932e+00 1.109499999999999931e+00 4.819999999999999979e-02 -1.154999999999999950e-02
3.236800000000000122e+00 1.109499999999999931e+00 4.860000000000000431e-02 -1.324999999999999789e-02
3.400500000000000078e+00 1.109499999999999931e+00 4.859999999999999737e-02 -1.490000000000000005e-02
3.564099999999999824e+00 1.109499999999999931e+00 4.785000000000000364e-02 -1.810000000000000150e-02
3.727799999999999780e+00 1.109499999999999931e+00 4.580000000000000043e-02 -2.320000000000000187e-02
3.891399999999999970e+00 1.109499999999999931e+00 4.800000000000000100e-02 -1.880000000000000074e-02
4.055100000000000371e+00 1.109499999999999931e+00 4.639999999999999680e-02 -2.505000000000000282e-02
4.218700000000000117e+00 1.109499999999999931e+00 4.925000000000000211e-02 -3.159999999999999615e-02
4.382299999999999862e+00 1.109499999999999931e+00 4.864999999999999880e-02 -2.900000000000000147e-02
4.546000000000000263e+00 1.109499999999999931e+00 4.265000000000000041e-02 -3.690000000000000224e-02
4.709600000000000009e+00 1.109499999999999931e+00 4.354999999999999843e-02 -5.175000000000000433e-02
4.873300000000000409e+00 1.109499999999999931e+00 4.390000000000000152e-02 -6.119999999999999746e-02
5.036900000000000155e+00 1.109499999999999931e+00 3.740000000000000269e-02 -6.509999999999999121e-02
5.200599999999999667e+00 1.109499999999999931e+00 3.239999999999999825e-02 -5.999999999999999778e-02
5.364200000000000301e+00 1.109499999999999931e+00 2.510000000000000078e-02 -6.604999999999999760e-02
5.527800000000000047e+00 1.109499999999999931e+00 1.774999999999999842e-02 -6.464999999999999913e-02
5.691499999999999559e+00 1.109499999999999931e+00 9.650000000000000591e-03 -4.835000000000000409e-02
5.855100000000000193e+00 1.109499999999999931e+00 6.450000000000000004e-03 -5.260000000000000092e-02
6.018799999999999706e+00 1.109499999999999931e+00 3.050000000000000194e-03 -5.494999999999999885e-02
6.182400000000000340e+00 1.109499999999999931e+00 -1.499999999999999598e-03 -4.664999999999999702e-02
6.346099999999999852e+00 1.109499999999999931e+00 -1.115000000000000019e-02 -4.095000000000000029e-02
6.509699999999999598e+00 1.109499999999999931e+00 -1.140000000000000041e-02 -3.329999999999999627e-02
6.673300000000000232e+00 1.109499999999999931e+00 -1.470000000000000126e-02 -3.074999999999999956e-02
6.836999999999999744e+00 1.109499999999999931e+00 -1.420000000000000082e-02 -2.815000000000000141e-02
7.000600000000000378e+00 1.109499999999999931e+00 -1.974999999999999672e-02 -1.884999999999999870e-02
7.164299999999999891e+00 1.109499999999999931e+00 -2.780000000000000179e-02 -1.784999999999999781e-02
7.327899999999999636e+00 1.109499999999999931e+00 -3.285000000000000420e-02 -1.215000000000000108e-02
1.275999999999999912e-01 9.458999999999999631e-01 1.615000000000000116e-02 -2.150000000000000869e-03
2.913000000000000034e-01 9.458999999999999631e-01 2.260000000000000203e-02 9.350000000000000672e-03
4.549000000000000266e-01 9.458999999999999631e-01 2.039999999999999800e-02 1.089999999999999997e-02
6.186000000000000387e-01 9.458999999999999631e-01 2.720000000000000195e-02 1.579999999999999807e-02
7.822000000000000064e-01 9.458999999999999631e-01 2.505000000000000282e-02 1.600000000000000033e-02
9.458999999999999631e-01 9.458999999999999631e-01 2.524999999999999814e-02 1.675000000000000100e-02
1.109499999999999931e+00 9.458999999999999631e-01 3.094999999999999835e-02 1.924999999999999975e-02
1.273099999999999898e+00 9.458999999999999631e-01 3.039999999999999994e-02 2.049999999999999739e-02
1.436800000000000077e+00 9.458999999999999631e-01 2.605000000000000024e-02 1.580000000000000154e-02
1.600400000000000045e+00 9.458999999999999631e-01 3.490000000000000047e-02 1.615000000000000116e-02
1.764100000000000001e+00 9.458999999999999631e-01 4.209999999999999853e-02 1.525000000000000140e-02
1.927699999999999969e+00 9.458999999999999631e-01 4.424999999999999767e-02 1.364999999999999894e-02
2.091400000000000148e+00 9.458999999999999631e-01 5.275000000000000522e-02 1.455000000000000043e-02
2.254999999999999893e+00 9.458999999999999631e-01 4.954999999999999682e-02 6.899999999999998149e-03
2.418600000000000083e+00 9.458999999999999631e-01 4.969999999999999418e-02 1.449999999999999900e-03
2.582300000000000040e+00 9.458999999999999631e-01 4.764999999999999791e-02 -1.700000000000000122e-03
2.745899999999999785e+00 9.458999999999999631e-01 5.015000000000000013e-02 -5.449999999999999983e-03
2.909600000000000186e+00 9.458999999999999631e-01 4.975000000000000255e-02 -1.019999999999999900e-02
3.073199999999999932e+00 9.458999999999999631e-01 4.970000000000000112e-02 -1.449999999999999900e-02
3.236800000000000122e+00 9.458999999999999631e-01 5.004999999999999727e-02 -1.604999999999999830e-02
3.400500000000000078e+00 9.458999999999999631e-01 5.004999999999999727e-02 -1.894999999999999810e-02
3.564099999999999824e+00 9.458999999999999631e-01 5.279999999999999971e-02 -2.324999999999999983e-02
3.727799999999999780e+00 9.458999999999999631e-01 5.134999999999999981e-02 -2.159999999999999767e-02
3.891399999999999970e+00 9.458999999999999631e-01 5.045000000000000179e-02 -2.455000000000000238e-02
4.055100000000000371e+00 9.458999999999999631e-01 5.040000000000000036e-02 -3.070000000000000159e-02
4.218700000000000117e+00 9.458999999999999631e-01 5.184999999999999332e-02 -3.545000000000000234e-02
4.382299999999999862e+00 9.458999999999999631e-01 5.390000000000000346e-02 -4.780000000000000221e-02
4.546000000000000263e+00 9.458999999999999631e-01 5.605000000000000260e-02 -5.244999999999999662e-02
4.709600000000000009e+00 9.458999999999999631e-01 5.084999999999999937e-02 -5.349999999999999895e-02
4.873300000000000409e+00 9.458999999999999631e-01 4.624999999999999944e-02 -5.315000000000000280e-02
5.036900000000000155e+00 9.458999999999999631e-01 4.005000000000000226e-02 -6.289999999999999758e-02
5.200599999999999667e+00 9.458999999999999631e-01 3.214999999999999802e-02 -6.675000000000000377e-02
5.364200000000000301e+00 9.458999999999999631e-01 2.705000000000000113e-02 -7.214999999999999192e-02
5.527800000000000047e+00 9.458999999999999631e-01 2.194999999999999729e-02 -7.780000000000000804e-02
5.691499999999999559e+00 9.458999999999999631e-01 1.509999999999999884e-02 -6.404999999999999583e-02
5.855100000000000193e+00 9.458999999999999631e-01 1.049999999999999892e-02 -6.155000000000000054e-02
6.018799999999999706e+00 9.458999999999999631e-01 1.500000000000000031e-03 -4.989999999999999991e-02
6.182400000000000340e+00 9.458999999999999631e-01 -7.500000000000002325e-04 -3.425000000000000266e-02
6.346099999999999852e+00 9.458999999999999631e-01 -5.400000000000000286e-03 -3.859999999999999543e-02
6.509699999999999598e+00 9.458999999999999631e-01 -1.280000000000000061e-02 -4.510000000000000120e-02
6.673300000000000232e+00 9.458999999999999631e-01 -1.019999999999999900e-02 -2.904999999999999943e-02
6.836999999999999744e+00 9.458999999999999631e-01 -3.500000000000000507e-04 -8.899999999999999925e-03
7.000600000000000378e+00 9.458999999999999631e-01 -1.909999999999999892e-02 -2.394999999999999907e-02
7.164299999999999891e+00 9.458999999999999631e-01 -3.824999999999999928e-02 -6.304999999999999494e-02
7.327899999999999636e+00 9.458999999999999631e-01 -5.455000000000000127e-02 -6.689999999999998725e-02
1.275999999999999912e-01 7.822000000000000064e-01 7.900000000000000772e-03 3.499999999999996170e-04
2.913000000000000034e-01 7.822000000000000064e-01 9.350000000000000672e-03 7.549999999999999420e-03
4.549000000000000266e-01 7.822000000000000064e-01 1.269999999999999948e-02 2.379999999999999824e-02
6.186000000000000387e-01 7.822000000000000064e-01 1.970000000000000223e-02 2.535000000000000100e-02
7.822000000000000064e-01 7.822000000000000064e-01 1.450000000000000074e-02 2.135000000000000092e-02
9.458999999999999631e-01 7.822000000000000064e-01 1.800000000000000211e-02 2.249999999999999917e-02
1.109499999999999931e+00 7.822000000000000064e-01 2.884999999999999717e-02 2.800000000000000058e-02
1.273099999999999898e+00 7.822000000000000064e-01 2.060000000000000026e-02 2.985000000000000153e-02
1.436800000000000077e+00 7.822000000000000064e-01 2.584999999999999798e-02 2.784999999999999629e-02
1.600400000000000045e+00 7.822000000000000064e-01 3.885000000000000259e-02 2.945000000000000048e-02
1.764100000000000001e+00 7.822000000000000064e-01 4.395000000000000295e-02 2.325000000000000330e-02
1.927699999999999969e+00 7.822000000000000064e-01 4.240000000000000019e-02 2.024999999999999717e-02
2.091400000000000148e+00 7.822000000000000064e-01 5.279999999999999971e-02 2.164999999999999911e-02
2.254999999999999893e+00 7.822000000000000064e-01 4.950000000000000233e-02 1.400000000000000029e-02
2.418600000000000083e+00 7.822000000000000064e-01 4.769999999999999934e-02 8.649999999999999703e-03
2.582300000000000040e+00 7.822000000000000064e-01 5.250000000000000500e-02 7.250000000000001235e-03
2.745899999999999785e+00 7.822000000000000064e-01 5.614999999999999852e-02 -1.549999999999999295e-03
2.909600000000000186e+00 7.822000000000000064e-01 5.500000000000000028e-02 -7.199999999999999803e-03
3.073199999999999932e+00 7.822000000000000064e-01 5.449999999999999983e-02 -1.409999999999999969e-02
3.236800000000000122e+00 7.822000000000000064e-01 5.405000000000000082e-02 -1.704999999999999918e-02
3.400500000000000078e+00 7.822000000000000064e-01 5.419999999999999818e-02 -2.115000000000000213e-02
3.564099999999999824e+00 7.822000000000000064e-01 5.484999999999999598e-02 -2.390000000000000110e-02
3.727799999999999780e+00 7.822000000000000064e-01 5.519999999999999907e-02 -2.790000000000000119e-02
3.891399999999999970e+00 7.822000000000000064e-01 5.444999999999999840e-02 -3.065000000000000016e-02
4.055100000000000371e+00 7.822000000000000064e-01 5.615000000000000546e-02 -3.254999999999999560e-02
4.218700000000000117e+00 7.822000000000000064e-01 5.344999999999999751e-02 -3.785000000000000170e-02
4.382299999999999862e+00 7.822000000000000064e-01 6.239999999999999714e-02 -5.544999999999999929e-02
4.546000000000000263e+00 7.822000000000000064e-01 6.439999999999999891e-02 -6.620000000000000884e-02
4.709600000000000009e+00 7.822000000000000064e-01 6.089999999999999580e-02 -7.055000000000000160e-02
4.873300000000000409e+00 7.822000000000000064e-01 5.790000000000000702e-02 -7.389999999999999347e-02
5.036900000000000155e+00 7.822000000000000064e-01 5.444999999999999840e-02 -6.435000000000000442e-02
5.200599999999999667e+00 7.822000000000000064e-01 4.435000000000000053e-02 -7.975000000000000144e-02
5.364200000000000301e+00 7.822000000000000064e-01 3.819999999999999785e-02 -7.939999999999999836e-02
5.527800000000000047e+00 7.822000000000000064e-01 3.250000000000000111e-02 -8.044999999999999374e-02
5.691499999999999559e+00 7.822000000000000064e-01 2.260000000000000203e-02 -8.150000000000000300e-02
5.855100000000000193e+00 7.822000000000000064e-01 1.190000000000000085e-02 -7.094999999999999918e-02
6.018799999999999706e+00 7.822000000000000064e-01 6.800000000000000488e-03 -4.845000000000000001e-02
6.182400000000000340e+00 7.822000000000000064e-01 4.499999999999999660e-03 -2.270000000000000143e-02
6.346099999999999852e+00 7.822000000000000064e-01 8.150000000000000994e-03 -8.850000000000000228e-03
6.509699999999999598e+00 7.822000000000000064e-01 -1.449999999999999033e-03 -9.349999999999999978e-02
6.673300000000000232e+00 7.822000000000000064e-01 -5.000000000000000104e-03 -6.905000000000000027e-02
6.836999999999999744e+00 7.822000000000000064e-01 -4.250000000000000305e-03 -2.914999999999999883e-02
7.000600000000000378e+00 7.822000000000000064e-01 -5.300000000000000024e-03 -2.734999999999999931e-02
7.164299999999999891e+00 7.822000000000000064e-01 -1.605000000000000177e-02 -4.039999999999999841e-02
7.327899999999999636e+00 7.822000000000000064e-01 -1.055000000000000035e-02 -1.070000000000000118e-02
1.275999999999999912e-01 6.186000000000000387e-01 -1.500000000000008271e-04 3.850000000000000991e-03
2.913000000000000034e-01 6.186000000000000387e-01 -6.949999999999999581e-03 9.199999999999999845e-03
4.549000000000000266e-01 6.186000000000000387e-01 -1.800000000000000384e-03 2.145000000000000032e-02
6.186000000000000387e-01 6.186000000000000387e-01 2.699999999999999276e-03 2.659999999999999865e-02
7.822000000000000064e-01 6.186000000000000387e-01 4.549999999999999357e-03 2.509999999999999731e-02
9.458999999999999631e-01 6.186000000000000387e-01 4.549999999999999357e-03 2.379999999999999824e-02
1.109499999999999931e+00 6.186000000000000387e-01 1.375000000000000007e-02 3.624999999999999750e-02
1.273099999999999898e+00 6.186000000000000387e-01 2.079999999999999905e-02 3.325000000000000178e-02
1.436800000000000077e+00 6.186000000000000387e-01 2.545000000000000040e-02 3.070000000000000159e-02
1.600400000000000045e+00 6.186000000000000387e-01 3.565000000000000113e-02 3.845000000000000501e-02
1.764100000000000001e+00 6.186000000000000387e-01 3.660000000000000059e-02 3.100000000000000325e-02
1.927699999999999969e+00 6.186000000000000387e-01 3.894999999999999851e-02 2.174999999999999850e-02
2.091400000000000148e+00 6.186000000000000387e-01 5.424999999999999961e-02 2.889999999999999861e-02
2.254999999999999893e+00 6.186000000000000387e-01 4.964999999999999969e-02 1.895000000000000157e-02
2.418600000000000083e+00 6.186000000000000387e-01 5.569999999999999951e-02 1.934999999999999915e-02
2.582300000000000040e+00 6.186000000000000387e-01 5.845000000000000195e-02 1.364999999999999894e-02
2.745899999999999785e+00 6.186000000000000387e-01 6.219999999999999835e-02 4.099999999999999478e-03
2.909600000000000186e+00 6.186000000000000387e-01 6.264999999999999736e-02 -1.500000000000008271e-04
3.073199999999999932e+00 6.186000000000000387e-01 6.554999999999999716e-02 -1.085000000000000200e-02
3.236800000000000122e+00 6.186000000000000387e-01 6.040000000000000230e-02 -1.800000000000000211e-02
3.400500000000000078e+00 6.186000000000000387e-01 5.965000000000000163e-02 -2.005000000000000185e-02
3.564099999999999824e+00 6.186000000000000387e-01 6.029999999999999943e-02 -2.479999999999999913e-02
3.727799999999999780e+00 6.186000000000000387e-01 6.089999999999999580e-02 -2.790000000000000119e-02
3.891399999999999970e+00 6.186000000000000387e-01 6.230000000000000121e-02 -2.964999999999999927e-02
4.055100000000000371e+00 6.186000000000000387e-01 6.314999999999999780e-02 -2.694999999999999826e-02
4.218700000000000117e+00 6.186000000000000387e-01 6.370000000000000662e-02 -3.109999999999999917e-02
4.382299999999999862e+00 6.186000000000000387e-01 7.349999999999999589e-02 -5.340000000000000302e-02
4.546000000000000263e+00 6.186000000000000387e-01 7.234999999999999765e-02 -6.519999999999999407e-02
4.709600000000000009e+00 6.186000000000000387e-01 6.944999999999999785e-02 -6.370000000000000662e-02
4.873300000000000409e+00 6.186000000000000387e-01 6.829999999999999960e-02 -7.274999999999999523e-02
5.036900000000000155e+00 6.186000000000000387e-01 6.504999999999999671e-02 -8.135000000000000564e-02
5.200599999999999667e+00 6.186000000000000387e-01 5.884999999999999953e-02 -8.719999999999999973e-02
5.364200000000000301e+00 6.186000000000000387e-01 5.169999999999999596e-02 -7.710000000000000187e-02
5.527800000000000047e+00 6.186000000000000387e-01 3.855000000000000093e-02 -6.834999999999999409e-02
5.691499999999999559e+00 6.186000000000000387e-01 3.600000000000000422e-02 -6.944999999999999785e-02
5.855100000000000193e+00 6.186000000000000387e-01 1.094999999999999966e-02 -3.694999999999999674e-02
6.018799999999999706e+00 6.186000000000000387e-01 5.499999999999999681e-03 -3.189999999999999780e-02
6.182400000000000340e+00 6.186000000000000387e-01 2.499999999999999792e-02 -1.004500000000000115e-01
6.346099999999999852e+00 6.186000000000000387e-01 2.089999999999999844e-02 -4.130000000000000338e-02
6.509699999999999598e+00 6.186000000000000387e-01 1.335000000000000075e-02 -1.594999999999999890e-02
6.673300000000000232e+00 6.186000000000000387e-01 6.899999999999999883e-03 -1.013000000000000012e-01
6.836999999999999744e+00 6.186000000000000387e-01 6.700000000000000226e-03 -7.130000000000000226e-02
7.000600000000000378e+00 6.186000000000000387e-01 4.620000000000000495e-02 -7.199999999999999803e-03
7.164299999999999891e+00 6.186000000000000387e-01 2.980000000000000010e-02 -1.849999999999999908e-02
7.327899999999999636e+00 6.186000000000000387e-01 2.799999999999999972e-03 -2.499999999999999792e-02
1.275999999999999912e-01 4.549000000000000266e-01 -1.609999999999999973e-02 6.449999999999999137e-03
2.913000000000000034e-01 4.549000000000000266e-01 -1.735000000000000084e-02 1.049999999999999892e-02
4.549000000000000266e-01 4.549000000000000266e-01 -1.505000000000000088e-02 3.204999999999999516e-02
6.186000000000000387e-01 4.549000000000000266e-01 -1.529999999999999936e-02 3.329999999999999627e-02
7.822000000000000064e-01 4.549000000000000266e-01 -9.350000000000000672e-03 4.304999999999999799e-02
9.458999999999999631e-01 4.549000000000000266e-01 -5.449999999999999983e-03 4.154999999999999666e-02
1.109499999999999931e+00 4.549000000000000266e-01 2.749999999999999840e-03 4.544999999999999735e-02
1.273099999999999898e+00 4.549000000000000266e-01 1.375000000000000007e-02 4.519999999999999712e-02
1.436800000000000077e+00 4.549000000000000266e-01 1.490000000000000005e-02 3.869999999999999829e-02
1.600400000000000045e+00 4.549000000000000266e-01 2.244999999999999774e-02 4.315000000000000085e-02
1.764100000000000001e+00 4.549000000000000266e-01 3.475000000000000311e-02 4.499999999999999833e-02
1.927699999999999969e+00 4.549000000000000266e-01 3.765000000000000291e-02 4.184999999999999831e-02
2.091400000000000148e+00 4.549000000000000266e-01 4.939999999999999947e-02 4.290000000000000063e-02
2.254999999999999893e+00 4.549000000000000266e-01 5.424999999999999961e-02 3.339999999999999913e-02
2.418600000000000083e+00 4.549000000000000266e-01 5.924999999999999711e-02 2.720000000000000195e-02
2.582300000000000040e+00 4.549000000000000266e-01 6.585000000000000575e-02 2.370000000000000231e-02
2.745899999999999785e+00 4.549000000000000266e-01 6.445000000000000728e-02 8.150000000000000994e-03
2.909600000000000186e+00 4.549000000000000266e-01 7.094999999999999918e-02 1.299999999999999073e-03
3.073199999999999932e+00 4.549000000000000266e-01 7.330000000000000404e-02 -5.449999999999999983e-03
3.236800000000000122e+00 4.549000000000000266e-01 7.180000000000000271e-02 -1.375000000000000180e-02
3.400500000000000078e+00 4.549000000000000266e-01 7.334999999999999853e-02 -2.280000000000000082e-02
3.564099999999999824e+00 4.549000000000000266e-01 7.069999999999999896e-02 -2.910000000000000434e-02
3.727799999999999780e+00 4.549000000000000266e-01 7.284999999999999809e-02 -2.755000000000000157e-02
3.891399999999999970e+00 4.549000000000000266e-01 7.195000000000000007e-02 -2.634999999999999842e-02
4.055100000000000371e+00 4.549000000000000266e-01 7.799999999999999989e-02 -3.090000000000000038e-02
4.218700000000000117e+00 4.549000000000000266e-01 7.954999999999999571e-02 -3.824999999999999928e-02
4.382299999999999862e+00 4.549000000000000266e-01 8.165000000000000036e-02 -5.195000000000000312e-02
4.546000000000000263e+00 4.549000000000000266e-01 8.649999999999999356e-02 -5.684999999999999776e-02
4.709600000000000009e+00 4.549000000000000266e-01 9.629999999999999671e-02 -5.209999999999999354e-02
4.873300000000000409e+00 4.549000000000000266e-01 9.220000000000000417e-02 -7.620000000000000384e-02
5.036900000000000155e+00 4.549000000000000266e-01 8.859999999999999820e-02 -9.029999999999999138e-02
5.200599999999999667e+00 4.549000000000000266e-01 8.680000000000000215e-02 -1.012500000000000067e-01
5.364200000000000301e+00 4.549000000000000266e-01 7.230000000000000315e-02 -8.710000000000001075e-02
5.527800000000000047e+00 4.549000000000000266e-01 6.035000000000000087e-02 -9.409999999999998921e-02
5.691499999999999559e+00 4.549000000000000266e-01 3.584999999999999992e-02 -5.749999999999999556e-02
5.855100000000000193e+00 4.549000000000000266e-01 2.009999999999999981e-02 -4.585000000000000187e-02
6.018799999999999706e+00 4.549000000000000266e-01 4.184999999999999831e-02 -1.028000000000000025e-01
6.182400000000000340e+00 4.549000000000000266e-01 3.180000000000000188e-02 -7.610000000000000098e-02
6.346099999999999852e+00 4.549000000000000266e-01 2.864999999999999838e-02 -8.569999999999999840e-02
6.509699999999999598e+00 4.549000000000000266e-01 1.904999999999999749e-02 -1.569999999999999868e-02
6.673300000000000232e+00 4.549000000000000266e-01 3.729999999999999982e-02 -5.624999999999999445e-02
6.836999999999999744e+00 4.549000000000000266e-01 1.089999999999999997e-02 -1.217999999999999916e-01
7.000600000000000378e+00 4.549000000000000266e-01 7.785000000000000253e-02 -1.020000000000000073e-02
7.164299999999999891e+00 4.549000000000000266e-01 6.004999999999999921e-02 -2.210000000000000159e-02
7.327899999999999636e+00 4.549000000000000266e-01 2.670000000000000151e-02 -2.655000000000000068e-02
1.275999999999999912e-01 2.913000000000000034e-01 -2.820000000000000284e-02 1.260000000000000182e-02
2.913000000000000034e-01 2.913000000000000034e-01 -2.954999999999999988e-02 2.129999999999999949e-02
4.549000000000000266e-01 2.913000000000000034e-01 -2.464999999999999830e-02 3.674999999999999795e-02
6.186000000000000387e-01 2.913000000000000034e-01 -2.385000000000000314e-02 4.909999999999999781e-02
7.822000000000000064e-01 2.913000000000000034e-01 -2.234999999999999834e-02 7.835000000000000298e-02
9.458999999999999631e-01 2.913000000000000034e-01 -1.110000000000000049e-02 5.779999999999999721e-02
1.109499999999999931e+00 2.913000000000000034e-01 -5.300000000000000024e-03 4.835000000000000409e-02
1.273099999999999898e+00 2.913000000000000034e-01 8.399999999999999481e-03 6.130000000000000032e-02
1.436800000000000077e+00 2.913000000000000034e-01 1.404999999999999999e-02 6.475000000000000200e-02
1.600400000000000045e+00 2.913000000000000034e-01 2.189999999999999933e-02 6.165000000000000341e-02
1.764100000000000001e+00 2.913000000000000034e-01 3.125000000000000000e-02 4.735000000000000320e-02
1.927699999999999969e+00 2.913000000000000034e-01 3.685000000000000081e-02 5.204999999999999905e-02
2.091400000000000148e+00 2.913000000000000034e-01 4.914999999999999925e-02 5.804999999999999744e-02
2.254999999999999893e+00 2.913000000000000034e-01 5.880000000000000504e-02 4.489999999999999547e-02
2.418600000000000083e+00 2.913000000000000034e-01 6.375000000000000111e-02 2.700000000000000316e-02
2.582300000000000040e+00 2.913000000000000034e-01 7.434999999999999942e-02 3.679999999999999938e-02
2.745899999999999785e+00 2.913000000000000034e-01 7.604999999999999261e-02 2.214999999999999955e-02
2.909600000000000186e+00 2.913000000000000034e-01 7.939999999999999836e-02 8.899999999999998190e-03
3.073199999999999932e+00 2.913000000000000034e-01 8.190000000000000058e-02 -1.500000000000008271e-04
3.236800000000000122e+00 2.913000000000000034e-01 8.180000000000001159e-02 -6.999999999999999278e-03
3.400500000000000078e+00 2.913000000000000034e-01 8.130000000000001115e-02 -1.195000000000000055e-02
3.564099999999999824e+00 2.913000000000000034e-01 8.310000000000000719e-02 -1.820000000000000090e-02
3.727799999999999780e+00 2.913000000000000034e-01 8.744999999999999996e-02 -2.400000000000000050e-02
3.891399999999999970e+00 2.913000000000000034e-01 8.655000000000000193e-02 -2.695000000000000173e-02
4.055100000000000371e+00 2.913000000000000034e-01 8.945000000000000173e-02 -3.074999999999999956e-02
4.218700000000000117e+00 2.913000000000000034e-01 9.384999999999998899e-02 -2.904999999999999943e-02
4.382299999999999862e+00 2.913000000000000034e-01 1.010000000000000064e-01 -3.515000000000000069e-02
4.546000000000000263e+00 2.913000000000000034e-01 1.144999999999999907e-01 -5.690000000000000613e-02
4.709600000000000009e+00 2.913000000000000034e-01 1.116000000000000048e-01 -6.289999999999999758e-02
4.873300000000000409e+00 2.913000000000000034e-01 1.247499999999999998e-01 -9.245000000000000440e-02
5.036900000000000155e+00 2.913000000000000034e-01 1.287999999999999978e-01 -1.072500000000000120e-01
5.200599999999999667e+00 2.913000000000000034e-01 1.181499999999999911e-01 -1.123999999999999999e-01
5.364200000000000301e+00 2.913000000000000034e-01 1.146000000000000074e-01 -1.221500000000000086e-01
5.527800000000000047e+00 2.913000000000000034e-01 1.050500000000000045e-01 -1.391000000000000014e-01
5.691499999999999559e+00 2.913000000000000034e-01 9.320000000000000506e-02 -1.411499999999999977e-01
5.855100000000000193e+00 2.913000000000000034e-01 9.785000000000000642e-02 -1.718999999999999972e-01
6.018799999999999706e+00 2.913000000000000034e-01 9.439999999999999780e-02 -1.700499999999999790e-01
6.182400000000000340e+00 2.913000000000000034e-01 7.000000000000000666e-02 -1.313000000000000000e-01
6.346099999999999852e+00 2.913000000000000034e-01 8.830000000000000349e-02 -1.568999999999999839e-01
6.509699999999999598e+00 2.913000000000000034e-01 1.504999999999999914e-02 -1.155000000000000471e-02
6.673300000000000232e+00 2.913000000000000034e-01 4.814999999999999836e-02 -6.980000000000000093e-02
6.836999999999999744e+00 2.913000000000000034e-01 7.520000000000000295e-02 -1.467999999999999861e-01
7.000600000000000378e+00 2.913000000000000034e-01 6.085000000000000131e-02 -1.080000000000000127e-01
7.164299999999999891e+00 2.913000000000000034e-01 -9.000000000000001055e-03 -7.034999999999999587e-02
7.327899999999999636e+00 2.913000000000000034e-01 6.219999999999999835e-02 -4.220000000000000140e-02
1.275999999999999912e-01 1.275999999999999912e-01 -4.349999999999999700e-02 1.494999999999999975e-02
2.913000000000000034e-01 1.275999999999999912e-01 -5.264999999999999541e-02 3.944999999999999896e-02
4.549000000000000266e-01 1.275999999999999912e-01 -4.195000000000000118e-02 3.599999999999999728e-02
6.186000000000000387e-01 1.275999999999999912e-01 -3.130000000000000143e-02 4.950000000000000233e-02
7.822000000000000064e-01 1.275999999999999912e-01 -3.629999999999999893e-02 7.680000000000000715e-02
9.458999999999999631e-01 1.275999999999999912e-01 -2.334999999999999923e-02 6.544999999999999429e-02
1.109499999999999931e+00 1.275999999999999912e-01 -1.349999999999999985e-02 6.369999999999999274e-02
1.273099999999999898e+00 1.275999999999999912e-01 2.550000000000000183e-03 9.239999999999999603e-02
1.436800000000000077e+00 1.275999999999999912e-01 7.850000000000001074e-03 9.229999999999999316e-02
1.600400000000000045e+00 1.275999999999999912e-01 2.124999999999999806e-02 8.615000000000000435e-02
1.764100000000000001e+00 1.275999999999999912e-01 2.974999999999999867e-02 5.735000000000000514e-02
1.927699999999999969e+00 1.275999999999999912e-01 3.540000000000000091e-02 5.480000000000000149e-02
2.091400000000000148e+00 1.275999999999999912e-01 5.059999999999999915e-02 6.110000000000000153e-02
2.254999999999999893e+00 1.275999999999999912e-01 6.870000000000001106e-02 7.134999999999999676e-02
2.418600000000000083e+00 1.275999999999999912e-01 6.880000000000000004e-02 4.324999999999999678e-02
2.582300000000000040e+00 1.275999999999999912e-01 8.410000000000000808e-02 5.480000000000000149e-02
2.745899999999999785e+00 1.275999999999999912e-01 9.034999999999999976e-02 5.079999999999999793e-02
2.909600000000000186e+00 1.275999999999999912e-01 9.589999999999999913e-02 4.125000000000000194e-02
3.073199999999999932e+00 1.275999999999999912e-01 9.845000000000000973e-02 2.185000000000000137e-02
3.236800000000000122e+00 1.275999999999999912e-01 9.825000000000000400e-02 1.669999999999999957e-02
3.400500000000000078e+00 1.275999999999999912e-01 9.734999999999999210e-02 1.434999999999999991e-02
3.564099999999999824e+00 1.275999999999999912e-01 1.016500000000000042e-01 5.700000000000000205e-03
3.727799999999999780e+00 1.275999999999999912e-01 1.065499999999999919e-01 -1.365000000000000067e-02
3.891399999999999970e+00 1.275999999999999912e-01 1.107500000000000151e-01 -2.274999999999999939e-02
4.055100000000000371e+00 1.275999999999999912e-01 1.181999999999999995e-01 -2.439999999999999808e-02
4.218700000000000117e+00 1.275999999999999912e-01 1.183000000000000024e-01 -2.145000000000000032e-02
4.382299999999999862e+00 1.275999999999999912e-01 1.270499999999999963e-01 -3.749999999999999861e-02
4.546000000000000263e+00 1.275999999999999912e-01 1.428000000000000103e-01 -5.220000000000000334e-02
4.709600000000000009e+00 1.275999999999999912e-01 1.426999999999999935e-01 -6.210000000000000242e-02
4.873300000000000409e+00 1.275999999999999912e-01 1.667500000000000093e-01 -1.055000000000000104e-01
5.036900000000000155e+00 1.275999999999999912e-01 1.519500000000000017e-01 -9.685000000000000553e-02
5.200599999999999667e+00 1.275999999999999912e-01 1.481999999999999984e-01 -1.013000000000000012e-01
5.364200000000000301e+00 1.275999999999999912e-01 1.350500000000000034e-01 -1.073999999999999955e-01
5.527800000000000047e+00 1.275999999999999912e-01 1.168499999999999955e-01 -1.364500000000000157e-01
5.691499999999999559e+00 1.275999999999999912e-01 1.050500000000000045e-01 -1.373499999999999999e-01
5.855100000000000193e+00 1.275999999999999912e-01 6.129999999999999338e-02 -8.649999999999999356e-02
6.018799999999999706e+00 1.275999999999999912e-01 3.374999999999999528e-02 7.819999999999999174e-02
6.182400000000000340e+00 1.275999999999999912e-01 2.009999999999999981e-02 8.004999999999999616e-02
6.346099999999999852e+00 1.275999999999999912e-01 1.005500000000000005e-01 -1.055999999999999994e-01
6.509699999999999598e+00 1.275999999999999912e-01 -2.550000000000000183e-03 -4.819999999999999979e-02
6.673300000000000232e+00 1.275999999999999912e-01 1.194999999999999882e-02 -8.940000000000000724e-02
6.836999999999999744e+00 1.275999999999999912e-01 2.094999999999999987e-02 -6.120000000000000440e-02
7.000600000000000378e+00 1.275999999999999912e-01 -5.334999999999999465e-02 -1.523499999999999854e-01
7.164299999999999891e+00 1.275999999999999912e-01 -9.249999999999997807e-03 -7.910000000000000364e-02
7.327899999999999636e+00 1.275999999999999912e-01 -5.359999999999999487e-02 7.470000000000000251e-02
