1.275999999999999912e-01 1.927699999999999969e+00 2.790000000000000119e-02 1.120000000000000162e-02
2.913000000000000034e-01 1.927699999999999969e+00 2.639999999999999986e-02 1.034999999999999983e-02
4.549000000000000266e-01 1.927699999999999969e+00 2.239999999999999977e-02 1.414999999999999938e-02
6.186000000000000387e-01 1.927699999999999969e+00 1.519999999999999997e-02 1.789999999999999925e-02
7.822000000000000064e-01 1.927699999999999969e+00 9.499999999999999764e-03 2.354999999999999802e-02
9.458999999999999631e-01 1.927699999999999969e+00 5.150000000000000064e-03 2.459999999999999687e-02
1.109499999999999931e+00 1.927699999999999969e+00 2.850000000000000103e-03 2.564999999999999919e-02
1.273099999999999898e+00 1.927699999999999969e+00 1.299999999999999940e-03 2.790000000000000119e-02
1.436800000000000077e+00 1.927699999999999969e+00 7.299999999999999198e-03 2.724999999999999992e-02
1.600400000000000045e+00 1.927699999999999969e+00 -1.149999999999999981e-03 2.904999999999999943e-02
1.764100000000000001e+00 1.927699999999999969e+00 -2.100000000000000304e-03 3.244999999999999968e-02
1.927699999999999969e+00 1.927699999999999969e+00 3.950000000000000386e-03 3.039999999999999647e-02
2.091400000000000148e+00 1.927699999999999969e+00 7.499999999999999722e-03 2.669999999999999804e-02
2.254999999999999893e+00 1.927699999999999969e+00 1.805000000000000007e-02 2.610000000000000167e-02
2.418600000000000083e+00 1.927699999999999969e+00 1.724999999999999797e-02 3.020000000000000115e-02
2.582300000000000040e+00 1.927699999999999969e+00 1.404999999999999999e-02 2.949999999999999845e-02
2.745899999999999785e+00 1.927699999999999969e+00 1.634999999999999995e-02 3.260000000000000397e-02
2.909600000000000186e+00 1.927699999999999969e+00 1.615000000000000116e-02 3.194999999999999923e-02
3.073199999999999932e+00 1.927699999999999969e+00 1.254999999999999866e-02 3.314999999999999891e-02
3.236800000000000122e+00 1.927699999999999969e+00 1.134999999999999898e-02 3.819999999999999785e-02
3.400500000000000078e+00 1.927699999999999969e+00 2.150000000000000175e-02 3.569999999999999563e-02
3.564099999999999824e+00 1.927699999999999969e+00 2.620000000000000107e-02 3.410000000000000531e-02
3.727799999999999780e+00 1.927699999999999969e+00 1.940000000000000058e-02 3.844999999999999807e-02
3.891399999999999970e+00 1.927699999999999969e+00 2.835000000000000020e-02 3.179999999999999494e-02
4.055100000000000371e+00 1.927699999999999969e+00 2.709999999999999909e-02 3.624999999999999750e-02
4.218700000000000117e+00 1.927699999999999969e+00 2.184999999999999790e-02 4.520000000000000406e-02
4.382299999999999862e+00 1.927699999999999969e+00 2.829999999999999877e-02 4.230000000000000426e-02
4.546000000000000263e+00 1.927699999999999969e+00 4.315000000000000085e-02 2.964999999999999927e-02
4.709600000000000009e+00 1.927699999999999969e+00 3.990000000000000491e-02 3.654999999999999916e-02
4.873300000000000409e+00 1.927699999999999969e+00 4.004999999999999533e-02 4.374999999999999722e-02
5.036900000000000155e+00 1.927699999999999969e+00 4.234999999999999876e-02 4.330000000000000515e-02
5.200599999999999667e+00 1.927699999999999969e+00 4.529999999999999999e-02 3.694999999999999674e-02
5.364200000000000301e+00 1.927699999999999969e+00 4.870000000000000023e-02 3.435000000000000553e-02
5.527800000000000047e+00 1.927699999999999969e+00 4.980000000000000399e-02 3.515000000000000069e-02
5.691499999999999559e+00 1.927699999999999969e+00 5.219999999999999640e-02 4.649999999999999967e-02
5.855100000000000193e+00 1.927699999999999969e+00 5.895000000000000240e-02 3.490000000000000047e-02
6.018799999999999706e+00 1.927699999999999969e+00 6.919999999999999762e-02 2.179999999999999993e-02
6.182400000000000340e+00 1.927699999999999969e+00 6.905000000000000027e-02 1.825000000000000233e-02
6.346099999999999852e+00 1.927699999999999969e+00 7.030000000000000138e-02 2.160000000000000114e-02
6.509699999999999598e+00 1.927699999999999969e+00 7.405000000000000471e-02 1.634999999999999995e-02
6.673300000000000232e+00 1.927699999999999969e+00 7.870000000000000606e-02 1.019999999999999900e-02
6.836999999999999744e+00 1.927699999999999969e+00 7.739999999999999658e-02 4.699999999999999317e-03
7.000600000000000378e+00 1.927699999999999969e+00 8.125000000000000278e-02 -3.899999999999999821e-03
7.164299999999999891e+00 1.927699999999999969e+00 7.860000000000000320e-02 -5.899999999999999863e-03
7.327899999999999636e+00 1.927699999999999969e+00 7.259999999999999787e-02 -1.460000000000000013e-02
1.275999999999999912e-01 1.764100000000000001e+00 2.560000000000000123e-02 1.459999999999999840e-02
2.913000000000000034e-01 1.764100000000000001e+00 1.734999999999999737e-02 1.849999999999999908e-02
4.549000000000000266e-01 1.764100000000000001e+00 6.799999999999999621e-03 1.820000000000000090e-02
6.186000000000000387e-01 1.764100000000000001e+00 1.974999999999999672e-02 1.444999999999999930e-02
7.822000000000000064e-01 1.764100000000000001e+00 1.959999999999999937e-02 1.545000000000000193e-02
9.458999999999999631e-01 1.764100000000000001e+00 9.649999999999998856e-03 2.409999999999999989e-02
1.109499999999999931e+00 1.764100000000000001e+00 3.549999999999999770e-03 2.695000000000000173e-02
1.273099999999999898e+00 1.764100000000000001e+00 -6.450000000000000004e-03 3.160000000000000309e-02
1.436800000000000077e+00 1.764100000000000001e+00 -6.749999999999999924e-03 3.150000000000000022e-02
1.600400000000000045e+00 1.764100000000000001e+00 -4.750000000000000749e-03 3.090000000000000038e-02
1.764100000000000001e+00 1.764100000000000001e+00 -2.999999999999999195e-04 3.155000000000000165e-02
1.927699999999999969e+00 1.764100000000000001e+00 5.499999999999998813e-03 3.214999999999999802e-02
2.091400000000000148e+00 1.764100000000000001e+00 1.369999999999999864e-02 2.529999999999999957e-02
2.254999999999999893e+00 1.764100000000000001e+00 1.365000000000000241e-02 2.604999999999999677e-02
2.418600000000000083e+00 1.764100000000000001e+00 5.599999999999999943e-03 3.289999999999999869e-02
2.582300000000000040e+00 1.764100000000000001e+00 1.399999999999999856e-02 2.999999999999999889e-02
2.745899999999999785e+00 1.764100000000000001e+00 1.625000000000000056e-02 3.239999999999999825e-02
2.909600000000000186e+00 1.764100000000000001e+00 1.310000000000000053e-02 3.540000000000000091e-02
3.073199999999999932e+00 1.764100000000000001e+00 1.459999999999999840e-02 3.604999999999999871e-02
3.236800000000000122e+00 1.764100000000000001e+00 1.890000000000000013e-02 3.404999999999999694e-02
3.400500000000000078e+00 1.764100000000000001e+00 1.780000000000000332e-02 3.694999999999999674e-02
3.564099999999999824e+00 1.764100000000000001e+00 2.165000000000000258e-02 3.625000000000000444e-02
3.727799999999999780e+00 1.764100000000000001e+00 2.009999999999999981e-02 4.124999999999999500e-02
3.891399999999999970e+00 1.764100000000000001e+00 1.975000000000000019e-02 3.950000000000000039e-02
4.055100000000000371e+00 1.764100000000000001e+00 2.460000000000000034e-02 4.145000000000000073e-02
4.218700000000000117e+00 1.764100000000000001e+00 2.715000000000000052e-02 4.589999999999999636e-02
4.382299999999999862e+00 1.764100000000000001e+00 3.234999999999999681e-02 4.585000000000000187e-02
4.546000000000000263e+00 1.764100000000000001e+00 3.445000000000000145e-02 4.635000000000000231e-02
4.709600000000000009e+00 1.764100000000000001e+00 3.650000000000000466e-02 4.789999999999999813e-02
4.873300000000000409e+00 1.764100000000000001e+00 4.145000000000000073e-02 4.415000000000000174e-02
5.036900000000000155e+00 1.764100000000000001e+00 4.610000000000000209e-02 3.890000000000000402e-02
5.200599999999999667e+00 1.764100000000000001e+00 5.124999999999999695e-02 4.159999999999999809e-02
5.364200000000000301e+00 1.764100000000000001e+00 4.994999999999999440e-02 4.354999999999999843e-02
5.527800000000000047e+00 1.764100000000000001e+00 5.195000000000000312e-02 4.589999999999999636e-02
5.691499999999999559e+00 1.764100000000000001e+00 6.084999999999999437e-02 4.149999999999999523e-02
5.855100000000000193e+00 1.764100000000000001e+00 6.565000000000000002e-02 3.375000000000000222e-02
6.018799999999999706e+00 1.764100000000000001e+00 7.119999999999999940e-02 3.035000000000000198e-02
6.182400000000000340e+00 1.764100000000000001e+00 7.880000000000000893e-02 2.489999999999999852e-02
6.346099999999999852e+00 1.764100000000000001e+00 7.674999999999999878e-02 2.190000000000000280e-02
6.509699999999999598e+00 1.764100000000000001e+00 7.910000000000000364e-02 1.785000000000000128e-02
6.673300000000000232e+00 1.764100000000000001e+00 8.549999999999999267e-02 7.450000000000000892e-03
6.836999999999999744e+00 1.764100000000000001e+00 8.765000000000000568e-02 3.549999999999999770e-03
7.000600000000000378e+00 1.764100000000000001e+00 8.715000000000000524e-02 5.000000000000000104e-04
7.164299999999999891e+00 1.764100000000000001e+00 8.440000000000000280e-02 -7.849999999999999339e-03
7.327899999999999636e+00 1.764100000000000001e+00 8.409999999999999420e-02 -2.835000000000000020e-02
1.275999999999999912e-01 1.600400000000000045e+00 2.060000000000000026e-02 2.150000000000000175e-02
2.913000000000000034e-01 1.600400000000000045e+00 1.364999999999999894e-02 2.400000000000000050e-02
4.549000000000000266e-01 1.600400000000000045e+00 8.349999999999999784e-03 2.310000000000000248e-02
6.186000000000000387e-01 1.600400000000000045e+00 1.025000000000000043e-02 2.150000000000000175e-02
7.822000000000000064e-01 1.600400000000000045e+00 2.404999999999999846e-02 1.340000000000000045e-02
9.458999999999999631e-01 1.600400000000000045e+00 6.599999999999999964e-03 2.709999999999999909e-02
1.109499999999999931e+00 1.600400000000000045e+00 3.000000000000000062e-03 2.724999999999999645e-02
1.273099999999999898e+00 1.600400000000000045e+00 -2.950000000000000365e-03 3.049999999999999933e-02
1.436800000000000077e+00 1.600400000000000045e+00 1.249999999999999375e-03 2.929999999999999966e-02
1.600400000000000045e+00 1.600400000000000045e+00 -4.649999999999999620e-03 3.289999999999999869e-02
1.764100000000000001e+00 1.600400000000000045e+00 2.599999999999999881e-03 3.304999999999999605e-02
1.927699999999999969e+00 1.600400000000000045e+00 4.100000000000000346e-03 3.534999999999999948e-02
2.091400000000000148e+00 1.600400000000000045e+00 9.499999999999999764e-03 2.849999999999999756e-02
2.254999999999999893e+00 1.600400000000000045e+00 5.549999999999999378e-03 3.179999999999999494e-02
2.418600000000000083e+00 1.600400000000000045e+00 1.389999999999999916e-02 2.860000000000000042e-02
2.582300000000000040e+00 1.600400000000000045e+00 1.750000000000000167e-02 2.749999999999999667e-02
2.745899999999999785e+00 1.600400000000000045e+00 8.799999999999998795e-03 3.654999999999999916e-02
2.909600000000000186e+00 1.600400000000000045e+00 1.590000000000000094e-02 3.490000000000000047e-02
3.073199999999999932e+00 1.600400000000000045e+00 1.675000000000000100e-02 3.485000000000000597e-02
3.236800000000000122e+00 1.600400000000000045e+00 2.574999999999999858e-02 3.060000000000000220e-02
3.400500000000000078e+00 1.600400000000000045e+00 1.454999999999999870e-02 3.975000000000000061e-02
3.564099999999999824e+00 1.600400000000000045e+00 1.990000000000000102e-02 3.674999999999999795e-02
3.727799999999999780e+00 1.600400000000000045e+00 2.269999999999999796e-02 3.844999999999999807e-02
3.891399999999999970e+00 1.600400000000000045e+00 1.715000000000000205e-02 4.564999999999999614e-02
4.055100000000000371e+00 1.600400000000000045e+00 2.219999999999999751e-02 4.875000000000000167e-02
4.218700000000000117e+00 1.600400000000000045e+00 2.675000000000000294e-02 4.845000000000000001e-02
4.382299999999999862e+00 1.600400000000000045e+00 3.005000000000000032e-02 4.875000000000000167e-02
4.546000000000000263e+00 1.600400000000000045e+00 3.260000000000000397e-02 4.379999999999999866e-02
4.709600000000000009e+00 1.600400000000000045e+00 4.270000000000000184e-02 4.109999999999999765e-02
4.873300000000000409e+00 1.600400000000000045e+00 4.524999999999999856e-02 4.290000000000000063e-02
5.036900000000000155e+00 1.600400000000000045e+00 4.979999999999999705e-02 4.569999999999999757e-02
5.200599999999999667e+00 1.600400000000000045e+00 5.125000000000000389e-02 5.104999999999999816e-02
5.364200000000000301e+00 1.600400000000000045e+00 5.420000000000000512e-02 5.300000000000000544e-02
5.527800000000000047e+00 1.600400000000000045e+00 5.980000000000000593e-02 4.499999999999999833e-02
5.691499999999999559e+00 1.600400000000000045e+00 6.554999999999999716e-02 3.975000000000000061e-02
5.855100000000000193e+00 1.600400000000000045e+00 7.180000000000000271e-02 3.755000000000000004e-02
6.018799999999999706e+00 1.600400000000000045e+00 7.664999999999999591e-02 3.774999999999999883e-02
6.182400000000000340e+00 1.600400000000000045e+00 7.930000000000000937e-02 3.285000000000000420e-02
6.346099999999999852e+00 1.600400000000000045e+00 8.484999999999999487e-02 2.015000000000000124e-02
6.509699999999999598e+00 1.600400000000000045e+00 8.684999999999999665e-02 2.104999999999999927e-02
6.673300000000000232e+00 1.600400000000000045e+00 9.024999999999999689e-02 8.850000000000000228e-03
6.836999999999999744e+00 1.600400000000000045e+00 9.095000000000000306e-02 1.000000000000000454e-03
7.000600000000000378e+00 1.600400000000000045e+00 9.239999999999999603e-02 -4.399999999999999398e-03
7.164299999999999891e+00 1.600400000000000045e+00 9.634999999999999121e-02 -1.694999999999999979e-02
7.327899999999999636e+00 1.600400000000000045e+00 9.174999999999999822e-02 -2.650000000000000272e-02
1.275999999999999912e-01 1.436800000000000077e+00 2.549999999999999750e-03 2.844999999999999959e-02
2.913000000000000034e-01 1.436800000000000077e+00 2.699999999999999709e-03 2.740000000000000074e-02
4.549000000000000266e-01 1.436800000000000077e+00 8.750000000000000833e-03 2.589999999999999941e-02
6.186000000000000387e-01 1.436800000000000077e+00 8.099999999999999561e-03 2.494999999999999996e-02
7.822000000000000064e-01 1.436800000000000077e+00 4.899999999999999842e-03 2.384999999999999967e-02
9.458999999999999631e-01 1.436800000000000077e+00 4.800000000000000447e-03 2.390000000000000110e-02
1.109499999999999931e+00 1.436800000000000077e+00 1.060000000000000005e-02 2.694999999999999826e-02
1.273099999999999898e+00 1.436800000000000077e+00 -1.499999999999999598e-04 3.139999999999999736e-02
1.436800000000000077e+00 1.436800000000000077e+00 8.999999999999997585e-04 3.144999999999999879e-02
1.600400000000000045e+00 1.436800000000000077e+00 2.499999999999999618e-03 3.350000000000000200e-02
1.764100000000000001e+00 1.436800000000000077e+00 4.299999999999999135e-03 3.375000000000000222e-02
1.927699999999999969e+00 1.436800000000000077e+00 3.199999999999999720e-03 3.594999999999999585e-02
2.091400000000000148e+00 1.436800000000000077e+00 7.050000000000000711e-03 3.649999999999999772e-02
2.254999999999999893e+00 1.436800000000000077e+00 5.650000000000000508e-03 3.909999999999999587e-02
2.418600000000000083e+00 1.436800000000000077e+00 8.049999999999998129e-03 3.794999999999999762e-02
2.582300000000000040e+00 1.436800000000000077e+00 8.550000000000000308e-03 3.604999999999999871e-02
2.745899999999999785e+00 1.436800000000000077e+00 7.099999999999998673e-03 4.070000000000000007e-02
2.909600000000000186e+00 1.436800000000000077e+00 5.299999999999999156e-03 3.975000000000000061e-02
3.073199999999999932e+00 1.436800000000000077e+00 7.849999999999999339e-03 4.334999999999999964e-02
3.236800000000000122e+00 1.436800000000000077e+00 1.639999999999999791e-02 4.365000000000000130e-02
3.400500000000000078e+00 1.436800000000000077e+00 2.375000000000000028e-02 4.075000000000000150e-02
3.564099999999999824e+00 1.436800000000000077e+00 2.469999999999999973e-02 4.250000000000000305e-02
3.727799999999999780e+00 1.436800000000000077e+00 2.364999999999999741e-02 4.209999999999999853e-02
3.891399999999999970e+00 1.436800000000000077e+00 1.994999999999999898e-02 5.129999999999999838e-02
4.055100000000000371e+00 1.436800000000000077e+00 2.110000000000000070e-02 5.639999999999999875e-02
4.218700000000000117e+00 1.436800000000000077e+00 2.460000000000000034e-02 5.580000000000000238e-02
4.382299999999999862e+00 1.436800000000000077e+00 2.985000000000000153e-02 5.924999999999999711e-02
4.546000000000000263e+00 1.436800000000000077e+00 3.239999999999999825e-02 5.290000000000000258e-02
4.709600000000000009e+00 1.436800000000000077e+00 4.744999999999999912e-02 4.314999999999999392e-02
4.873300000000000409e+00 1.436800000000000077e+00 4.669999999999999846e-02 4.829999999999999571e-02
5.036900000000000155e+00 1.436800000000000077e+00 5.154999999999999860e-02 5.050000000000000322e-02
5.200599999999999667e+00 1.436800000000000077e+00 5.310000000000000137e-02 6.550000000000000266e-02
5.364200000000000301e+00 1.436800000000000077e+00 5.349999999999999895e-02 6.975000000000000644e-02
5.527800000000000047e+00 1.436800000000000077e+00 6.510000000000000508e-02 4.825000000000000122e-02
5.691499999999999559e+00 1.436800000000000077e+00 7.455000000000000515e-02 3.874999999999999972e-02
5.855100000000000193e+00 1.436800000000000077e+00 7.845000000000000584e-02 4.284999999999999920e-02
6.018799999999999706e+00 1.436800000000000077e+00 8.240000000000000102e-02 4.405000000000000582e-02
6.182400000000000340e+00 1.436800000000000077e+00 8.990000000000000768e-02 2.355000000000000149e-02
6.346099999999999852e+00 1.436800000000000077e+00 9.870000000000000995e-02 1.239999999999999956e-02
6.509699999999999598e+00 1.436800000000000077e+00 9.854999999999999871e-02 1.799999999999999864e-02
6.673300000000000232e+00 1.436800000000000077e+00 1.023499999999999965e-01 1.164999999999999890e-02
6.836999999999999744e+00 1.436800000000000077e+00 1.000000000000000056e-01 -2.150000000000000869e-03
7.000600000000000378e+00 1.436800000000000077e+00 1.012500000000000067e-01 -9.400000000000000369e-03
7.164299999999999891e+00 1.436800000000000077e+00 1.032000000000000001e-01 -1.605000000000000177e-02
7.327899999999999636e+00 1.436800000000000077e+00 1.023000000000000020e-01 -1.605000000000000177e-02
1.275999999999999912e-01 1.273099999999999898e+00 3.499999999999999639e-03 3.080000000000000099e-02
2.913000000000000034e-01 1.273099999999999898e+00 2.049999999999999739e-03 3.044999999999999790e-02
4.549000000000000266e-01 1.273099999999999898e+00 1.035000000000000156e-02 2.850000000000000103e-02
6.186000000000000387e-01 1.273099999999999898e+00 2.949999999999999498e-03 2.954999999999999988e-02
7.822000000000000064e-01 1.273099999999999898e+00 -2.549999999999999750e-03 3.105000000000000121e-02
9.458999999999999631e-01 1.273099999999999898e+00 -3.399999999999999811e-03 3.090000000000000038e-02
1.109499999999999931e+00 1.273099999999999898e+00 1.025000000000000043e-02 2.709999999999999909e-02
1.273099999999999898e+00 1.273099999999999898e+00 8.799999999999998795e-03 3.070000000000000159e-02
1.436800000000000077e+00 1.273099999999999898e+00 -2.299999999999999961e-03 3.749999999999999861e-02
1.600400000000000045e+00 1.273099999999999898e+00 -5.000000000000056483e-05 3.685000000000000081e-02
1.764100000000000001e+00 1.273099999999999898e+00 2.500000000000002220e-04 3.794999999999999762e-02
1.927699999999999969e+00 1.273099999999999898e+00 5.549999999999999378e-03 3.905000000000000138e-02
2.091400000000000148e+00 1.273099999999999898e+00 8.150000000000000994e-03 4.170000000000000095e-02
2.254999999999999893e+00 1.273099999999999898e+00 3.350000000000000547e-03 4.180000000000000382e-02
2.418600000000000083e+00 1.273099999999999898e+00 3.799999999999999559e-03 4.074999999999999456e-02
2.582300000000000040e+00 1.273099999999999898e+00 8.550000000000000308e-03 4.150000000000000216e-02
2.745899999999999785e+00 1.273099999999999898e+00 2.054999999999999882e-02 3.704999999999999960e-02
2.909600000000000186e+00 1.273099999999999898e+00 9.749999999999999986e-03 4.220000000000000140e-02
3.073199999999999932e+00 1.273099999999999898e+00 1.375000000000000007e-02 4.529999999999999999e-02
3.236800000000000122e+00 1.273099999999999898e+00 1.944999999999999854e-02 4.845000000000000001e-02
3.400500000000000078e+00 1.273099999999999898e+00 2.699999999999999969e-02 4.464999999999999525e-02
3.564099999999999824e+00 1.273099999999999898e+00 2.960000000000000131e-02 4.364999999999999436e-02
3.727799999999999780e+00 1.273099999999999898e+00 1.965000000000000080e-02 4.864999999999999880e-02
3.891399999999999970e+00 1.273099999999999898e+00 1.509999999999999884e-02 6.264999999999999736e-02
4.055100000000000371e+00 1.273099999999999898e+00 2.429999999999999868e-02 5.999999999999999778e-02
4.218700000000000117e+00 1.273099999999999898e+00 2.989999999999999949e-02 5.710000000000000492e-02
4.382299999999999862e+00 1.273099999999999898e+00 2.860000000000000042e-02 6.445000000000000728e-02
4.546000000000000263e+00 1.273099999999999898e+00 3.880000000000000115e-02 5.659999999999999754e-02
4.709600000000000009e+00 1.273099999999999898e+00 4.234999999999999876e-02 6.410000000000000420e-02
4.873300000000000409e+00 1.273099999999999898e+00 3.880000000000000115e-02 7.794999999999999152e-02
5.036900000000000155e+00 1.273099999999999898e+00 4.159999999999999809e-02 8.340000000000000191e-02
5.200599999999999667e+00 1.273099999999999898e+00 4.780000000000000221e-02 7.904999999999999527e-02
5.364200000000000301e+00 1.273099999999999898e+00 6.539999999999999980e-02 5.995000000000000329e-02
5.527800000000000047e+00 1.273099999999999898e+00 7.789999999999999702e-02 4.150000000000000216e-02
5.691499999999999559e+00 1.273099999999999898e+00 8.669999999999999929e-02 4.030000000000000249e-02
5.855100000000000193e+00 1.273099999999999898e+00 8.734999999999999709e-02 3.445000000000000145e-02
6.018799999999999706e+00 1.273099999999999898e+00 9.445000000000000617e-02 3.144999999999999879e-02
6.182400000000000340e+00 1.273099999999999898e+00 1.010500000000000009e-01 2.189999999999999933e-02
6.346099999999999852e+00 1.273099999999999898e+00 1.068999999999999950e-01 1.184999999999999942e-02
6.509699999999999598e+00 1.273099999999999898e+00 1.048499999999999988e-01 4.499999999999999833e-02
6.673300000000000232e+00 1.273099999999999898e+00 1.122999999999999970e-01 2.599999999999999881e-03
6.836999999999999744e+00 1.273099999999999898e+00 1.185999999999999971e-01 -1.370000000000000037e-02
7.000600000000000378e+00 1.273099999999999898e+00 1.171000000000000096e-01 -2.510000000000000078e-02
7.164299999999999891e+00 1.273099999999999898e+00 1.134499999999999953e-01 -3.209999999999999659e-02
7.327899999999999636e+00 1.273099999999999898e+00 1.040500000000000036e-01 -2.599999999999999881e-02
1.275999999999999912e-01 1.109499999999999931e+00 1.949999999999999910e-03 3.350000000000000200e-02
2.913000000000000034e-01 1.109499999999999931e+00 2.449999999999999921e-03 3.175000000000000044e-02
4.549000000000000266e-01 1.109499999999999931e+00 1.049999999999999892e-02 3.039999999999999994e-02
6.186000000000000387e-01 1.109499999999999931e+00 8.500000000000000611e-03 3.125000000000000000e-02
7.822000000000000064e-01 1.109499999999999931e+00 4.349999999999999700e-03 3.345000000000000057e-02
9.458999999999999631e-01 1.109499999999999931e+00 -1.749999999999999820e-03 3.465000000000000024e-02
1.109499999999999931e+00 1.109499999999999931e+00 3.700000000000000164e-03 3.359999999999999792e-02
1.273099999999999898e+00 1.109499999999999931e+00 5.350000000000000588e-03 3.500000000000000333e-02
1.436800000000000077e+00 1.109499999999999931e+00 -9.100000000000000450e-03 4.114999999999999908e-02
1.600400000000000045e+00 1.109499999999999931e+00 -1.080000000000000057e-02 4.474999999999999811e-02
1.764100000000000001e+00 1.109499999999999931e+00 -4.349999999999999700e-03 4.390000000000000152e-02
1.927699999999999969e+00 1.109499999999999931e+00 -5.000000000000004441e-04 4.429999999999999910e-02
2.091400000000000148e+00 1.109499999999999931e+00 -5.100000000000000366e-03 4.680000000000000132e-02
2.254999999999999893e+00 1.109499999999999931e+00 -1.299999999999999940e-03 4.680000000000000132e-02
2.418600000000000083e+00 1.109499999999999931e+00 1.039999999999999952e-02 4.479999999999999954e-02
2.582300000000000040e+00 1.109499999999999931e+00 6.699999999999999359e-03 4.920000000000000068e-02
2.745899999999999785e+00 1.109499999999999931e+00 5.349999999999998854e-03 4.489999999999999547e-02
2.909600000000000186e+00 1.109499999999999931e+00 9.999999999999998473e-03 5.270000000000000379e-02
3.073199999999999932e+00 1.109499999999999931e+00 1.195000000000000055e-02 5.234999999999999376e-02
3.236800000000000122e+00 1.109499999999999931e+00 1.600000000000000033e-02 5.480000000000000149e-02
3.400500000000000078e+00 1.109499999999999931e+00 2.035000000000000003e-02 5.414999999999999675e-02
3.564099999999999824e+00 1.109499999999999931e+00 2.514999999999999875e-02 5.569999999999999951e-02
3.727799999999999780e+00 1.109499999999999931e+00 1.459999999999999840e-02 6.525000000000000244e-02
3.891399999999999970e+00 1.109499999999999931e+00 1.934999999999999915e-02 6.650000000000000355e-02
4.055100000000000371e+00 1.109499999999999931e+00 2.954999999999999988e-02 6.779999999999999916e-02
4.218700000000000117e+00 1.109499999999999931e+00 1.664999999999999813e-02 7.995000000000000717e-02
4.382299999999999862e+00 1.109499999999999931e+00 2.065000000000000169e-02 8.484999999999999487e-02
4.546000000000000263e+00 1.109499999999999931e+00 3.449999999999999595e-02 7.425000000000001044e-02
4.709600000000000009e+00 1.109499999999999931e+00 3.910000000000000281e-02 9.174999999999999822e-02
4.873300000000000409e+00 1.109499999999999931e+00 4.075000000000000150e-02 8.194999999999999507e-02
5.036900000000000155e+00 1.109499999999999931e+00 4.460000000000000075e-02 9.929999999999999938e-02
5.200599999999999667e+00 1.109499999999999931e+00 4.884999999999999759e-02 1.088999999999999968e-01
5.364200000000000301e+00 1.109499999999999931e+00 6.894999999999999740e-02 8.185000000000000608e-02
5.527800000000000047e+00 1.109499999999999931e+00 7.290000000000000646e-02 8.294999999999999596e-02
5.691499999999999559e+00 1.109499999999999931e+00 9.559999999999999054e-02 4.209999999999999853e-02
5.855100000000000193e+00 1.109499999999999931e+00 1.013000000000000012e-01 4.134999999999999787e-02
6.018799999999999706e+00 1.109499999999999931e+00 9.979999999999999982e-02 3.815000000000000335e-02
6.182400000000000340e+00 1.109499999999999931e+00 1.113500000000000045e-01 2.430000000000000215e-02
6.346099999999999852e+00 1.109499999999999931e+00 1.175000000000000072e-01 1.094999999999999966e-02
6.509699999999999598e+00 1.109499999999999931e+00 1.111000000000000043e-01 3.675000000000000488e-02
6.673300000000000232e+00 1.109499999999999931e+00 1.184000000000000052e-01 -8.000000000000003636e-04
6.836999999999999744e+00 1.109499999999999931e+00 1.193499999999999978e-01 -1.299999999999999940e-02
7.000600000000000378e+00 1.109499999999999931e+00 1.249500000000000055e-01 -2.724999999999999992e-02
7.164299999999999891e+00 1.109499999999999931e+00 1.255999999999999894e-01 -3.189999999999999780e-02
7.327899999999999636e+00 1.109499999999999931e+00 1.205999999999999989e-01 -3.160000000000000309e-02
1.275999999999999912e-01 9.458999999999999631e-01 1.899999999999999996e-03 4.099999999999999478e-02
2.913000000000000034e-01 9.458999999999999631e-01 2.249999999999999830e-03 3.615000000000000158e-02
4.549000000000000266e-01 9.458999999999999631e-01 8.449999999999999178e-03 3.665000000000000202e-02
6.186000000000000387e-01 9.458999999999999631e-01 8.449999999999999178e-03 3.595000000000000279e-02
7.822000000000000064e-01 9.458999999999999631e-01 -3.200000000000000153e-03 4.064999999999999863e-02
9.458999999999999631e-01 9.458999999999999631e-01 -1.799999999999999517e-03 4.230000000000000426e-02
1.109499999999999931e+00 9.458999999999999631e-01 -3.150000000000000456e-03 4.170000000000000095e-02
1.273099999999999898e+00 9.458999999999999631e-01 -1.475000000000000096e-02 4.449999999999999789e-02
1.436800000000000077e+00 9.458999999999999631e-01 -1.349999999999999985e-02 4.479999999999999954e-02
1.600400000000000045e+00 9.458999999999999631e-01 -7.099999999999999541e-03 4.614999999999999658e-02
1.764100000000000001e+00 9.458999999999999631e-01 -2.199999999999999699e-03 4.864999999999999880e-02
1.927699999999999969e+00 9.458999999999999631e-01 -3.799999999999999559e-03 5.094999999999999529e-02
2.091400000000000148e+00 9.458999999999999631e-01 2.599999999999999881e-03 4.925000000000000211e-02
2.254999999999999893e+00 9.458999999999999631e-01 6.999999999999998845e-04 4.920000000000000068e-02
2.418600000000000083e+00 9.458999999999999631e-01 -8.900000000000001660e-03 6.214999999999999691e-02
2.582300000000000040e+00 9.458999999999999631e-01 -3.400000000000000244e-03 6.539999999999999980e-02
2.745899999999999785e+00 9.458999999999999631e-01 -6.799999999999998754e-03 6.829999999999999960e-02
2.909600000000000186e+00 9.458999999999999631e-01 1.400000000000000203e-03 6.690000000000000113e-02
3.073199999999999932e+00 9.458999999999999631e-01 7.499999999999999722e-03 6.475000000000000200e-02
3.236800000000000122e+00 9.458999999999999631e-01 7.950000000000000469e-03 6.719999999999999585e-02
3.400500000000000078e+00 9.458999999999999631e-01 8.999999999999999320e-03 6.514999999999999958e-02
3.564099999999999824e+00 9.458999999999999631e-01 3.449999999999999942e-03 8.640000000000000457e-02
3.727799999999999780e+00 9.458999999999999631e-01 1.860000000000000195e-02 7.105000000000000204e-02
3.891399999999999970e+00 9.458999999999999631e-01 4.304999999999999799e-02 4.410000000000000031e-02
4.055100000000000371e+00 9.458999999999999631e-01 2.674999999999999947e-02 7.789999999999999702e-02
4.218700000000000117e+00 9.458999999999999631e-01 1.949999999999999997e-02 9.309999999999998832e-02
4.382299999999999862e+00 9.458999999999999631e-01 1.484999999999999862e-02 1.126999999999999946e-01
4.546000000000000263e+00 9.458999999999999631e-01 2.099999999999999784e-02 1.098999999999999977e-01
4.709600000000000009e+00 9.458999999999999631e-01 2.984999999999999806e-02 1.057000000000000162e-01
4.873300000000000409e+00 9.458999999999999631e-01 3.045000000000000137e-02 1.199500000000000011e-01
5.036900000000000155e+00 9.458999999999999631e-01 5.059999999999999915e-02 1.055999999999999994e-01
5.200599999999999667e+00 9.458999999999999631e-01 5.840000000000000052e-02 9.600000000000000200e-02
5.364200000000000301e+00 9.458999999999999631e-01 7.195000000000000007e-02 8.974999999999999645e-02
5.527800000000000047e+00 9.458999999999999631e-01 7.420000000000000207e-02 9.845000000000000973e-02
5.691499999999999559e+00 9.458999999999999631e-01 1.058499999999999996e-01 6.439999999999999891e-02
5.855100000000000193e+00 9.458999999999999631e-01 1.106999999999999929e-01 4.474999999999999811e-02
6.018799999999999706e+00 9.458999999999999631e-01 1.228499999999999870e-01 1.229999999999999843e-02
6.182400000000000340e+00 9.458999999999999631e-01 1.271499999999999853e-01 4.899999999999999842e-03
6.346099999999999852e+00 9.458999999999999631e-01 1.209999999999999964e-01 -1.219999999999999904e-02
6.509699999999999598e+00 9.458999999999999631e-01 1.144499999999999962e-01 -5.000000000000000104e-03
6.673300000000000232e+00 9.458999999999999631e-01 1.226499999999999951e-01 2.599999999999999881e-03
6.836999999999999744e+00 9.458999999999999631e-01 1.249000000000000110e-01 -2.400000000000000050e-02
7.000600000000000378e+00 9.458999999999999631e-01 1.272999999999999965e-01 -2.524999999999999814e-02
7.164299999999999891e+00 9.458999999999999631e-01 1.227000000000000035e-01 -3.249999999999999851e-03
7.327899999999999636e+00 9.458999999999999631e-01 1.194000000000000061e-01 9.849999999999999381e-03
1.275999999999999912e-01 7.822000000000000064e-01 -7.150000000000000105e-03 5.069999999999999507e-02
2.913000000000000034e-01 7.822000000000000064e-01 -2.020000000000000268e-02 4.985000000000000542e-02
4.549000000000000266e-01 7.822000000000000064e-01 -1.845000000000000112e-02 5.049999999999999628e-02
6.186000000000000387e-01 7.822000000000000064e-01 5.000000000000013115e-05 4.674999999999999989e-02
7.822000000000000064e-01 7.822000000000000064e-01 -2.850000000000000103e-03 5.034999999999999892e-02
9.458999999999999631e-01 7.822000000000000064e-01 -9.749999999999999986e-03 5.104999999999999816e-02
1.109499999999999931e+00 7.822000000000000064e-01 -9.799999999999999684e-03 4.539999999999999591e-02
1.273099999999999898e+00 7.822000000000000064e-01 -1.619999999999999912e-02 4.989999999999999991e-02
1.436800000000000077e+00 7.822000000000000064e-01 -1.359999999999999924e-02 4.870000000000000023e-02
1.600400000000000045e+00 7.822000000000000064e-01 -1.064999999999999974e-02 4.944999999999999396e-02
1.764100000000000001e+00 7.822000000000000064e-01 -1.774999999999999842e-02 6.049999999999999822e-02
1.927699999999999969e+00 7.822000000000000064e-01 -1.640000000000000138e-02 6.519999999999999407e-02
2.091400000000000148e+00 7.822000000000000064e-01 1.999999999999996572e-04 5.864999999999999380e-02
2.254999999999999893e+00 7.822000000000000064e-01 -1.000000000000000021e-03 6.135000000000000175e-02
2.418600000000000083e+00 7.822000000000000064e-01 -1.514999999999999854e-02 7.309999999999999831e-02
2.582300000000000040e+00 7.822000000000000064e-01 -4.649999999999999620e-03 7.755000000000000782e-02
2.745899999999999785e+00 7.822000000000000064e-01 -3.849999999999999256e-03 7.749999999999999944e-02
2.909600000000000186e+00 7.822000000000000064e-01 6.200000000000000649e-03 6.715000000000000135e-02
3.073199999999999932e+00 7.822000000000000064e-01 6.100000000000001255e-03 7.900000000000000078e-02
3.236800000000000122e+00 7.822000000000000064e-01 8.249999999999998654e-03 7.895000000000000628e-02
3.400500000000000078e+00 7.822000000000000064e-01 1.279999999999999888e-02 8.000000000000000167e-02
3.564099999999999824e+00 7.822000000000000064e-01 2.089999999999999844e-02 8.935000000000001275e-02
3.727799999999999780e+00 7.822000000000000064e-01 1.789999999999999925e-02 9.704999999999999738e-02
3.891399999999999970e+00 7.822000000000000064e-01 3.764999999999999597e-02 8.945000000000000173e-02
4.055100000000000371e+00 7.822000000000000064e-01 1.979999999999999816e-02 1.100500000000000089e-01
4.218700000000000117e+00 7.822000000000000064e-01 4.730000000000000177e-02 3.429999999999999716e-02
4.382299999999999862e+00 7.822000000000000064e-01 1.454999999999999870e-02 1.146999999999999964e-01
4.546000000000000263e+00 7.822000000000000064e-01 2.789999999999999772e-02 1.227499999999999980e-01
4.709600000000000009e+00 7.822000000000000064e-01 4.220000000000000140e-02 1.118999999999999995e-01
4.873300000000000409e+00 7.822000000000000064e-01 4.630000000000000088e-02 1.097500000000000003e-01
5.036900000000000155e+00 7.822000000000000064e-01 5.565000000000000502e-02 8.779999999999998916e-02
5.200599999999999667e+00 7.822000000000000064e-01 6.015000000000000208e-02 1.068000000000000060e-01
5.364200000000000301e+00 7.822000000000000064e-01 6.114999999999999603e-02 1.155000000000000054e-01
5.527800000000000047e+00 7.822000000000000064e-01 7.724999999999999922e-02 5.584999999999999687e-02
5.691499999999999559e+00 7.822000000000000064e-01 1.067999999999999922e-01 2.949999999999999845e-02
5.855100000000000193e+00 7.822000000000000064e-01 1.169499999999999984e-01 4.290000000000000063e-02
6.018799999999999706e+00 7.822000000000000064e-01 1.272999999999999965e-01 -2.599999999999999881e-03
6.182400000000000340e+00 7.822000000000000064e-01 1.301499999999999879e-01 -1.354999999999999954e-02
6.346099999999999852e+00 7.822000000000000064e-01 1.108999999999999986e-01 -1.920000000000000179e-02
6.509699999999999598e+00 7.822000000000000064e-01 1.057000000000000023e-01 -1.785000000000000128e-02
6.673300000000000232e+00 7.822000000000000064e-01 1.140499999999999986e-01 2.600000000000000748e-03
6.836999999999999744e+00 7.822000000000000064e-01 1.092999999999999944e-01 -2.685000000000000234e-02
7.000600000000000378e+00 7.822000000000000064e-01 1.047000000000000014e-01 -3.320000000000000034e-02
7.164299999999999891e+00 7.822000000000000064e-01 1.044999999999999957e-01 -8.600000000000000006e-03
7.327899999999999636e+00 7.822000000000000064e-01 1.102500000000000008e-01 -4.194999999999999424e-02
1.275999999999999912e-01 6.186000000000000387e-01 -8.250000000000000389e-03 5.550000000000000072e-02
2.913000000000000034e-01 6.186000000000000387e-01 -1.505000000000000088e-02 5.614999999999999852e-02
4.549000000000000266e-01 6.186000000000000387e-01 -1.949999999999999910e-03 4.939999999999999947e-02
6.186000000000000387e-01 6.186000000000000387e-01 4.650000000000000487e-03 4.295000000000000207e-02
7.822000000000000064e-01 6.186000000000000387e-01 2.550000000000000183e-03 4.640000000000000374e-02
9.458999999999999631e-01 6.186000000000000387e-01 -9.299999999999999239e-03 5.115000000000000102e-02
1.109499999999999931e+00 6.186000000000000387e-01 -1.729999999999999941e-02 4.240000000000000019e-02
1.273099999999999898e+00 6.186000000000000387e-01 -2.439999999999999808e-02 5.349999999999999895e-02
1.436800000000000077e+00 6.186000000000000387e-01 -2.230000000000000038e-02 5.784999999999999865e-02
1.600400000000000045e+00 6.186000000000000387e-01 -2.040000000000000147e-02 6.219999999999999835e-02
1.764100000000000001e+00 6.186000000000000387e-01 -1.384999999999999946e-02 6.619999999999999496e-02
1.927699999999999969e+00 6.186000000000000387e-01 -1.994999999999999898e-02 6.690000000000000113e-02
2.091400000000000148e+00 6.186000000000000387e-01 -1.814999999999999947e-02 6.444999999999999341e-02
2.254999999999999893e+00 6.186000000000000387e-01 -1.569999999999999868e-02 7.730000000000000759e-02
2.418600000000000083e+00 6.186000000000000387e-01 -8.649999999999999703e-03 7.535000000000000031e-02
2.582300000000000040e+00 6.186000000000000387e-01 -7.049999999999998976e-03 8.610000000000000986e-02
2.745899999999999785e+00 6.186000000000000387e-01 -1.049999999999999892e-02 9.114999999999999492e-02
2.909600000000000186e+00 6.186000000000000387e-01 3.449999999999998207e-03 9.689999999999998614e-02
3.073199999999999932e+00 6.186000000000000387e-01 5.399999999999998551e-03 1.014000000000000040e-01
3.236800000000000122e+00 6.186000000000000387e-01 -6.300000000000001779e-03 1.103500000000000036e-01
3.400500000000000078e+00 6.186000000000000387e-01 3.350000000000000547e-03 1.237000000000000044e-01
3.564099999999999824e+00 6.186000000000000387e-01 8.250000000000000389e-03 1.326499999999999901e-01
3.727799999999999780e+00 6.186000000000000387e-01 1.569999999999999868e-02 1.247499999999999998e-01
3.891399999999999970e+00 6.186000000000000387e-01 4.110000000000000459e-02 8.949999999999999623e-02
4.055100000000000371e+00 6.186000000000000387e-01 1.984999999999999959e-02 1.261999999999999789e-01
4.218700000000000117e+00 6.186000000000000387e-01 2.139999999999999888e-02 1.129000000000000004e-01
4.382299999999999862e+00 6.186000000000000387e-01 2.530000000000000304e-02 1.352500000000000091e-01
4.546000000000000263e+00 6.186000000000000387e-01 2.989999999999999603e-02 1.478499999999999814e-01
4.709600000000000009e+00 6.186000000000000387e-01 3.090000000000000385e-02 1.481500000000000039e-01
4.873300000000000409e+00 6.186000000000000387e-01 3.815000000000000335e-02 1.051499999999999935e-01
5.036900000000000155e+00 6.186000000000000387e-01 4.324999999999999678e-02 1.109499999999999931e-01
5.200599999999999667e+00 6.186000000000000387e-01 5.924999999999999711e-02 3.225000000000000089e-02
5.364200000000000301e+00 6.186000000000000387e-01 6.870000000000001106e-02 7.355000000000000426e-02
5.527800000000000047e+00 6.186000000000000387e-01 5.515000000000000457e-02 5.650000000000000161e-02
5.691499999999999559e+00 6.186000000000000387e-01 9.520000000000000684e-02 -1.600000000000000294e-03
5.855100000000000193e+00 6.186000000000000387e-01 1.105000000000000010e-01 -1.145000000000000011e-02
6.018799999999999706e+00 6.186000000000000387e-01 1.158499999999999946e-01 -3.015000000000000319e-02
6.182400000000000340e+00 6.186000000000000387e-01 1.290499999999999980e-01 -3.790000000000000313e-02
6.346099999999999852e+00 6.186000000000000387e-01 1.319000000000000172e-01 -4.170000000000000095e-02
6.509699999999999598e+00 6.186000000000000387e-01 1.137999999999999845e-01 -4.685000000000000275e-02
6.673300000000000232e+00 6.186000000000000387e-01 8.375000000000000500e-02 -7.549999999999999420e-03
6.836999999999999744e+00 6.186000000000000387e-01 7.900000000000000078e-02 -1.124999999999999958e-02
7.000600000000000378e+00 6.186000000000000387e-01 7.380000000000000449e-02 -2.844999999999999959e-02
7.164299999999999891e+00 6.186000000000000387e-01 7.169999999999999984e-02 -3.235000000000000375e-02
7.327899999999999636e+00 6.186000000000000387e-01 6.729999999999999871e-02 -4.515000000000000263e-02
1.275999999999999912e-01 4.549000000000000266e-01 -8.550000000000000308e-03 5.349999999999999895e-02
2.913000000000000034e-01 4.549000000000000266e-01 -1.194999999999999882e-02 5.434999999999999554e-02
4.549000000000000266e-01 4.549000000000000266e-01 -1.105000000000000079e-02 5.179999999999999882e-02
6.186000000000000387e-01 4.549000000000000266e-01 1.080000000000000057e-02 3.484999999999999903e-02
7.822000000000000064e-01 4.549000000000000266e-01 2.230000000000000038e-02 3.244999999999999968e-02
9.458999999999999631e-01 4.549000000000000266e-01 -8.349999999999999784e-03 5.119999999999999551e-02
1.109499999999999931e+00 4.549000000000000266e-01 -1.805000000000000007e-02 4.999999999999999584e-02
1.273099999999999898e+00 4.549000000000000266e-01 -1.145000000000000011e-02 5.279999999999999971e-02
1.436800000000000077e+00 4.549000000000000266e-01 -1.439999999999999961e-02 5.054999999999999771e-02
1.600400000000000045e+00 4.549000000000000266e-01 -1.825000000000000233e-02 6.024999999999999800e-02
1.764100000000000001e+00 4.549000000000000266e-01 -1.445000000000000104e-02 6.844999999999999696e-02
1.927699999999999969e+00 4.549000000000000266e-01 -2.004999999999999838e-02 7.065000000000000446e-02
2.091400000000000148e+00 4.549000000000000266e-01 -1.319999999999999993e-02 7.015000000000000402e-02
2.254999999999999893e+00 4.549000000000000266e-01 -1.439999999999999961e-02 7.619999999999998996e-02
2.418600000000000083e+00 4.549000000000000266e-01 -1.679999999999999896e-02 8.280000000000001248e-02
2.582300000000000040e+00 4.549000000000000266e-01 -8.149999999999999259e-03 8.970000000000000195e-02
2.745899999999999785e+00 4.549000000000000266e-01 -8.049999999999999864e-03 1.005500000000000005e-01
2.909600000000000186e+00 4.549000000000000266e-01 -4.150000000000000910e-03 1.108000000000000096e-01
3.073199999999999932e+00 4.549000000000000266e-01 -1.135000000000000071e-02 1.152499999999999913e-01
3.236800000000000122e+00 4.549000000000000266e-01 -1.795000000000000068e-02 1.363000000000000045e-01
3.400500000000000078e+00 4.549000000000000266e-01 -9.950000000000000511e-03 1.457499999999999907e-01
3.564099999999999824e+00 4.549000000000000266e-01 -2.549999999999998448e-03 1.534500000000000031e-01
3.727799999999999780e+00 4.549000000000000266e-01 1.669999999999999957e-02 1.431000000000000050e-01
3.891399999999999970e+00 4.549000000000000266e-01 2.690000000000000030e-02 1.339500000000000135e-01
4.055100000000000371e+00 4.549000000000000266e-01 2.620000000000000107e-02 1.274500000000000077e-01
4.218700000000000117e+00 4.549000000000000266e-01 2.199999999999999872e-02 1.630000000000000060e-01
4.382299999999999862e+00 4.549000000000000266e-01 1.645000000000000281e-02 1.824000000000000066e-01
4.546000000000000263e+00 4.549000000000000266e-01 2.464999999999999830e-02 1.682500000000000107e-01
4.709600000000000009e+00 4.549000000000000266e-01 5.049999999999998934e-03 2.065000000000000169e-01
4.873300000000000409e+00 4.549000000000000266e-01 2.394999999999999907e-02 1.284500000000000086e-01
5.036900000000000155e+00 4.549000000000000266e-01 3.615000000000000158e-02 8.265000000000000124e-02
5.200599999999999667e+00 4.549000000000000266e-01 6.310000000000000331e-02 2.939999999999999905e-02
5.364200000000000301e+00 4.549000000000000266e-01 6.959999999999999520e-02 2.000000000000000909e-04
5.527800000000000047e+00 4.549000000000000266e-01 5.165000000000000147e-02 5.415000000000000369e-02
5.691499999999999559e+00 4.549000000000000266e-01 6.554999999999999716e-02 -8.400000000000001216e-03
5.855100000000000193e+00 4.549000000000000266e-01 9.154999999999999249e-02 -1.814999999999999947e-02
6.018799999999999706e+00 4.549000000000000266e-01 1.028499999999999970e-01 -4.150000000000000216e-02
6.182400000000000340e+00 4.549000000000000266e-01 9.589999999999999913e-02 -1.310000000000000227e-02
6.346099999999999852e+00 4.549000000000000266e-01 7.214999999999999192e-02 1.250000000000000416e-02
6.509699999999999598e+00 4.549000000000000266e-01 7.684999999999998777e-02 -1.169000000000000039e-01
6.673300000000000232e+00 4.549000000000000266e-01 4.764999999999999791e-02 -9.170000000000000373e-02
6.836999999999999744e+00 4.549000000000000266e-01 4.414999999999999480e-02 -1.879999999999999727e-02
7.000600000000000378e+00 4.549000000000000266e-01 3.490000000000000047e-02 -1.414999999999999938e-02
7.164299999999999891e+00 4.549000000000000266e-01 2.790000000000000119e-02 -1.565000000000000072e-02
7.327899999999999636e+00 4.549000000000000266e-01 3.674999999999999795e-02 -2.925000000000000516e-02
1.275999999999999912e-01 2.913000000000000034e-01 -5.650000000000000508e-03 4.889999999999999902e-02
2.913000000000000034e-01 2.913000000000000034e-01 -9.499999999999999764e-03 3.200000000000000067e-02
4.549000000000000266e-01 2.913000000000000034e-01 -1.644999999999999934e-02 4.040000000000000535e-02
6.186000000000000387e-01 2.913000000000000034e-01 -4.400000000000000265e-03 2.825000000000000080e-02
7.822000000000000064e-01 2.913000000000000034e-01 1.365000000000000067e-02 2.729999999999999788e-02
9.458999999999999631e-01 2.913000000000000034e-01 9.999999999999995871e-04 3.859999999999999543e-02
1.109499999999999931e+00 2.913000000000000034e-01 -2.235000000000000181e-02 4.525000000000000550e-02
1.273099999999999898e+00 2.913000000000000034e-01 -4.999999999999995767e-04 3.090000000000000385e-02
1.436800000000000077e+00 2.913000000000000034e-01 -1.765000000000000249e-02 5.700000000000000205e-02
1.600400000000000045e+00 2.913000000000000034e-01 -2.110000000000000070e-02 5.785000000000000558e-02
1.764100000000000001e+00 2.913000000000000034e-01 -2.480000000000000260e-02 6.930000000000000049e-02
1.927699999999999969e+00 2.913000000000000034e-01 -3.130000000000000143e-02 7.470000000000000251e-02
2.091400000000000148e+00 2.913000000000000034e-01 -3.150000000000000022e-02 6.949999999999999234e-02
2.254999999999999893e+00 2.913000000000000034e-01 -2.294999999999999818e-02 7.555000000000000604e-02
2.418600000000000083e+00 2.913000000000000034e-01 -2.854999999999999899e-02 9.274999999999999911e-02
2.582300000000000040e+00 2.913000000000000034e-01 -2.065000000000000169e-02 9.984999999999999432e-02
2.745899999999999785e+00 2.913000000000000034e-01 -1.089999999999999997e-02 1.076999999999999902e-01
2.909600000000000186e+00 2.913000000000000034e-01 -1.824999999999999886e-02 1.212999999999999912e-01
3.073199999999999932e+00 2.913000000000000034e-01 -1.619999999999999912e-02 1.295499999999999985e-01
3.236800000000000122e+00 2.913000000000000034e-01 -1.355000000000000128e-02 1.402999999999999803e-01
3.400500000000000078e+00 2.913000000000000034e-01 -9.949999999999998776e-03 1.476500000000000035e-01
3.564099999999999824e+00 2.913000000000000034e-01 -1.845000000000000112e-02 1.662500000000000089e-01
3.727799999999999780e+00 2.913000000000000034e-01 -2.479999999999999913e-02 1.821999999999999731e-01
3.891399999999999970e+00 2.913000000000000034e-01 -2.139999999999999541e-02 1.973499999999999976e-01
4.055100000000000371e+00 2.913000000000000034e-01 -1.575000000000000011e-02 1.929500000000000104e-01
4.218700000000000117e+00 2.913000000000000034e-01 -9.000000000000014932e-04 1.878499999999999892e-01
4.382299999999999862e+00 2.913000000000000034e-01 -1.350000000000000505e-03 1.641500000000000181e-01
4.546000000000000263e+00 2.913000000000000034e-01 1.915000000000000036e-02 1.380000000000000115e-01
4.709600000000000009e+00 2.913000000000000034e-01 -1.850000000000000949e-03 1.982499999999999818e-01
4.873300000000000409e+00 2.913000000000000034e-01 1.725000000000000144e-02 1.007500000000000062e-01
5.036900000000000155e+00 2.913000000000000034e-01 3.849999999999999256e-03 -1.294999999999999971e-02
5.200599999999999667e+00 2.913000000000000034e-01 2.710000000000000256e-02 4.950000000000000233e-02
5.364200000000000301e+00 2.913000000000000034e-01 1.650000000000000425e-02 1.239499999999999907e-01
5.527800000000000047e+00 2.913000000000000034e-01 4.504999999999999977e-02 5.035000000000000586e-02
5.691499999999999559e+00 2.913000000000000034e-01 3.205000000000000210e-02 3.454999999999999738e-02
5.855100000000000193e+00 2.913000000000000034e-01 5.344999999999999751e-02 9.249999999999997807e-03
6.018799999999999706e+00 2.913000000000000034e-01 5.865000000000000074e-02 5.285000000000000114e-02
6.182400000000000340e+00 2.913000000000000034e-01 5.194999999999999618e-02 5.159999999999999309e-02
6.346099999999999852e+00 2.913000000000000034e-01 4.975000000000000255e-02 -4.550000000000000225e-03
6.509699999999999598e+00 2.913000000000000034e-01 2.580000000000000002e-02 -1.209999999999999964e-02
6.673300000000000232e+00 2.913000000000000034e-01 3.999999999999998349e-03 -1.449999999999999900e-03
6.836999999999999744e+00 2.913000000000000034e-01 -6.105000000000000010e-02 4.700000000000000011e-02
7.000600000000000378e+00 2.913000000000000034e-01 -1.370000000000000384e-02 5.600000000000000810e-02
7.164299999999999891e+00 2.913000000000000034e-01 -1.010000000000000134e-02 1.105000000000000079e-02
7.327899999999999636e+00 2.913000000000000034e-01 -5.759999999999999842e-02 3.909999999999999587e-02
1.275999999999999912e-01 1.275999999999999912e-01 -2.699999999999999709e-03 3.775000000000000577e-02
2.913000000000000034e-01 1.275999999999999912e-01 -9.400000000000000369e-03 3.490000000000000047e-02
4.549000000000000266e-01 1.275999999999999912e-01 -1.340000000000000045e-02 3.679999999999999938e-02
6.186000000000000387e-01 1.275999999999999912e-01 1.334999999999999902e-02 -2.120000000000000356e-02
7.822000000000000064e-01 1.275999999999999912e-01 -8.999999999999999754e-04 2.449999999999999747e-02
9.458999999999999631e-01 1.275999999999999912e-01 -1.510000000000000057e-02 4.449999999999999789e-02
1.109499999999999931e+00 1.275999999999999912e-01 -5.249999999999999459e-03 1.555000000000000132e-02
1.273099999999999898e+00 1.275999999999999912e-01 -7.250000000000001235e-03 2.285000000000000225e-02
1.436800000000000077e+00 1.275999999999999912e-01 -2.479999999999999913e-02 5.175000000000000433e-02
1.600400000000000045e+00 1.275999999999999912e-01 -3.134999999999999593e-02 5.295000000000000401e-02
1.764100000000000001e+00 1.275999999999999912e-01 -2.630000000000000046e-02 5.865000000000000074e-02
1.927699999999999969e+00 1.275999999999999912e-01 -3.404999999999999694e-02 7.484999999999999987e-02
2.091400000000000148e+00 1.275999999999999912e-01 -3.674999999999999795e-02 7.875000000000000056e-02
2.254999999999999893e+00 1.275999999999999912e-01 -3.915000000000000424e-02 7.399999999999999634e-02
2.418600000000000083e+00 1.275999999999999912e-01 -3.950000000000000039e-02 9.519999999999999296e-02
2.582300000000000040e+00 1.275999999999999912e-01 -3.345000000000000057e-02 1.046500000000000069e-01
2.745899999999999785e+00 1.275999999999999912e-01 -3.010000000000000175e-02 1.077999999999999931e-01
2.909600000000000186e+00 1.275999999999999912e-01 -2.919999999999999679e-02 1.179000000000000048e-01
3.073199999999999932e+00 1.275999999999999912e-01 -2.675000000000000294e-02 1.097999999999999948e-01
3.236800000000000122e+00 1.275999999999999912e-01 -1.480000000000000066e-02 1.173000000000000015e-01
3.400500000000000078e+00 1.275999999999999912e-01 -1.789999999999999925e-02 1.494000000000000050e-01
3.564099999999999824e+00 1.275999999999999912e-01 -3.465000000000000024e-02 1.728000000000000091e-01
3.727799999999999780e+00 1.275999999999999912e-01 -3.204999999999999516e-02 1.833500000000000130e-01
3.891399999999999970e+00 1.275999999999999912e-01 -3.075000000000000303e-02 1.976499999999999924e-01
4.055100000000000371e+00 1.275999999999999912e-01 -5.400000000000002021e-03 1.797500000000000209e-01
4.218700000000000117e+00 1.275999999999999912e-01 -4.099999999999999478e-03 1.815499999999999892e-01
4.382299999999999862e+00 1.275999999999999912e-01 -1.285000000000000378e-02 1.804000000000000048e-01
4.546000000000000263e+00 1.275999999999999912e-01 1.950000000000000344e-03 1.328000000000000014e-01
4.709600000000000009e+00 1.275999999999999912e-01 5.469999999999999862e-02 2.375000000000000028e-02
4.873300000000000409e+00 1.275999999999999912e-01 -7.600000000000002587e-03 1.167500000000000066e-01
5.036900000000000155e+00 1.275999999999999912e-01 -6.029999999999999943e-02 1.107500000000000012e-01
5.200599999999999667e+00 1.275999999999999912e-01 -4.785000000000000364e-02 8.800000000000000877e-02
5.364200000000000301e+00 1.275999999999999912e-01 -5.539999999999999786e-02 9.445000000000000617e-02
5.527800000000000047e+00 1.275999999999999912e-01 -4.669999999999999846e-02 1.192999999999999894e-01
5.691499999999999559e+00 1.275999999999999912e-01 -2.494999999999999996e-02 7.910000000000000364e-02
5.855100000000000193e+00 1.275999999999999912e-01 -2.479999999999999913e-02 1.045500000000000040e-01
6.018799999999999706e+00 1.275999999999999912e-01 -3.475000000000000311e-02 9.539999999999999869e-02
6.182400000000000340e+00 1.275999999999999912e-01 1.395000000000000406e-02 7.334999999999999853e-02
6.346099999999999852e+00 1.275999999999999912e-01 4.830000000000000265e-02 3.700000000000000164e-03
6.509699999999999598e+00 1.275999999999999912e-01 3.654999999999999916e-02 4.000000000000010492e-04
6.673300000000000232e+00 1.275999999999999912e-01 -5.235000000000000070e-02 5.824999999999999623e-02
6.836999999999999744e+00 1.275999999999999912e-01 -1.110499999999999959e-01 9.984999999999999432e-02
7.000600000000000378e+00 1.275999999999999912e-01 -1.227999999999999925e-01 1.005999999999999950e-01
7.164299999999999891e+00 1.275999999999999912e-01 -1.294500000000000095e-01 1.068500000000000005e-01
7.327899999999999636e+00 1.275999999999999912e-01 -1.151999999999999968e-01 9.795000000000000928e-02
