1.275999999999999912e-01 1.927699999999999969e+00 5.815000000000000724e-02 -4.084999999999999742e-02
2.913000000000000034e-01 1.927699999999999969e+00 5.754999999999999699e-02 -4.240000000000000019e-02
4.549000000000000266e-01 1.927699999999999969e+00 4.934999999999999803e-02 -4.549999999999999878e-02
6.186000000000000387e-01 1.927699999999999969e+00 4.664999999999999702e-02 -5.185000000000000026e-02
7.822000000000000064e-01 1.927699999999999969e+00 3.685000000000000081e-02 -5.455000000000000127e-02
9.458999999999999631e-01 1.927699999999999969e+00 3.065000000000000363e-02 -5.750000000000000250e-02
1.109499999999999931e+00 1.927699999999999969e+00 2.575000000000000205e-02 -6.289999999999999758e-02
1.273099999999999898e+00 1.927699999999999969e+00 2.315000000000000044e-02 -6.224999999999999978e-02
1.436800000000000077e+00 1.927699999999999969e+00 2.444999999999999951e-02 -6.179999999999999383e-02
1.600400000000000045e+00 1.927699999999999969e+00 1.390000000000000090e-02 -6.790000000000000202e-02
1.764100000000000001e+00 1.927699999999999969e+00 4.800000000000000447e-03 -7.284999999999999809e-02
1.927699999999999969e+00 1.927699999999999969e+00 1.200000000000000025e-02 -6.654999999999999805e-02
2.091400000000000148e+00 1.927699999999999969e+00 7.900000000000000772e-03 -6.784999999999999365e-02
2.254999999999999893e+00 1.927699999999999969e+00 6.000000000000000125e-03 -6.845000000000001084e-02
2.418600000000000083e+00 1.927699999999999969e+00 -1.449999999999999900e-03 -6.870000000000001106e-02
2.582300000000000040e+00 1.927699999999999969e+00 -5.799999999999999600e-03 -6.790000000000000202e-02
2.745899999999999785e+00 1.927699999999999969e+00 -1.294999999999999971e-02 -6.650000000000000355e-02
2.909600000000000186e+00 1.927699999999999969e+00 -1.890000000000000013e-02 -6.625000000000000333e-02
3.073199999999999932e+00 1.927699999999999969e+00 -2.404999999999999846e-02 -6.750000000000000444e-02
3.236800000000000122e+00 1.927699999999999969e+00 -3.035000000000000198e-02 -7.084999999999999631e-02
3.400500000000000078e+00 1.927699999999999969e+00 -3.350000000000000200e-02 -6.590000000000000024e-02
3.564099999999999824e+00 1.927699999999999969e+00 -3.724999999999999839e-02 -6.195000000000000506e-02
3.727799999999999780e+00 1.927699999999999969e+00 -4.349999999999999700e-02 -6.070000000000000395e-02
3.891399999999999970e+00 1.927699999999999969e+00 -4.610000000000000209e-02 -5.204999999999999905e-02
4.055100000000000371e+00 1.927699999999999969e+00 -5.394999999999999796e-02 -5.419999999999999818e-02
4.218700000000000117e+00 1.927699999999999969e+00 -5.995000000000000329e-02 -6.534999999999999143e-02
4.382299999999999862e+00 1.927699999999999969e+00 -6.199999999999999956e-02 -5.580000000000000238e-02
4.546000000000000263e+00 1.927699999999999969e+00 -6.239999999999999714e-02 -4.105000000000000315e-02
4.709600000000000009e+00 1.927699999999999969e+00 -6.880000000000000004e-02 -4.240000000000000019e-02
4.873300000000000409e+00 1.927699999999999969e+00 -7.380000000000000449e-02 -5.640000000000000568e-02
5.036900000000000155e+00 1.927699999999999969e+00 -7.714999999999999636e-02 -4.779999999999999527e-02
5.200599999999999667e+00 1.927699999999999969e+00 -7.875000000000000056e-02 -4.230000000000000426e-02
5.364200000000000301e+00 1.927699999999999969e+00 -8.194999999999999507e-02 -4.564999999999999614e-02
5.527800000000000047e+00 1.927699999999999969e+00 -9.170000000000000373e-02 -4.479999999999999954e-02
5.691499999999999559e+00 1.927699999999999969e+00 -9.775000000000000355e-02 -5.534999999999999643e-02
5.855100000000000193e+00 1.927699999999999969e+00 -9.210000000000000131e-02 -3.669999999999999651e-02
6.018799999999999706e+00 1.927699999999999969e+00 -8.524999999999999245e-02 -1.909999999999999892e-02
6.182400000000000340e+00 1.927699999999999969e+00 -8.770000000000000018e-02 -1.575000000000000011e-02
6.346099999999999852e+00 1.927699999999999969e+00 -9.229999999999999316e-02 -1.915000000000000036e-02
6.509699999999999598e+00 1.927699999999999969e+00 -9.079999999999999183e-02 -1.099999999999999936e-02
6.673300000000000232e+00 1.927699999999999969e+00 -9.015000000000000790e-02 -4.449999999999999963e-03
6.836999999999999744e+00 1.927699999999999969e+00 -9.254999999999999338e-02 2.299999999999999961e-03
7.000600000000000378e+00 1.927699999999999969e+00 -8.974999999999999645e-02 8.500000000000000611e-03
7.164299999999999891e+00 1.927699999999999969e+00 -9.124999999999999778e-02 9.700000000000000289e-03
7.327899999999999636e+00 1.927699999999999969e+00 -8.780000000000000304e-02 1.774999999999999842e-02
1.275999999999999912e-01 1.764100000000000001e+00 5.745000000000000107e-02 -4.649999999999999967e-02
2.913000000000000034e-01 1.764100000000000001e+00 6.289999999999999758e-02 -4.539999999999999591e-02
4.549000000000000266e-01 1.764100000000000001e+00 5.234999999999999376e-02 -5.435000000000000248e-02
6.186000000000000387e-01 1.764100000000000001e+00 4.975000000000000255e-02 -5.764999999999999986e-02
7.822000000000000064e-01 1.764100000000000001e+00 5.380000000000000060e-02 -5.415000000000000369e-02
9.458999999999999631e-01 1.764100000000000001e+00 4.670000000000000540e-02 -5.774999999999999578e-02
1.109499999999999931e+00 1.764100000000000001e+00 3.039999999999999647e-02 -6.829999999999999960e-02
1.273099999999999898e+00 1.764100000000000001e+00 1.045000000000000095e-02 -7.744999999999999107e-02
1.436800000000000077e+00 1.764100000000000001e+00 1.735000000000000084e-02 -7.270000000000000073e-02
1.600400000000000045e+00 1.764100000000000001e+00 1.119999999999999989e-02 -7.900000000000000078e-02
1.764100000000000001e+00 1.764100000000000001e+00 6.100000000000000387e-03 -8.344999999999999640e-02
1.927699999999999969e+00 1.764100000000000001e+00 6.949999999999999581e-03 -8.140000000000000013e-02
2.091400000000000148e+00 1.764100000000000001e+00 7.800000000000000509e-03 -7.560000000000000053e-02
2.254999999999999893e+00 1.764100000000000001e+00 5.000000000000000104e-03 -7.495000000000000273e-02
2.418600000000000083e+00 1.764100000000000001e+00 -1.250000000000000069e-02 -7.979999999999999594e-02
2.582300000000000040e+00 1.764100000000000001e+00 -1.345000000000000015e-02 -7.685000000000000164e-02
2.745899999999999785e+00 1.764100000000000001e+00 -1.929999999999999771e-02 -8.005000000000001004e-02
2.909600000000000186e+00 1.764100000000000001e+00 -2.719999999999999848e-02 -7.869999999999999218e-02
3.073199999999999932e+00 1.764100000000000001e+00 -3.180000000000000188e-02 -7.774999999999999967e-02
3.236800000000000122e+00 1.764100000000000001e+00 -2.874999999999999778e-02 -7.009999999999999565e-02
3.400500000000000078e+00 1.764100000000000001e+00 -3.295000000000000012e-02 -6.594999999999999474e-02
3.564099999999999824e+00 1.764100000000000001e+00 -3.869999999999999829e-02 -6.765000000000000180e-02
3.727799999999999780e+00 1.764100000000000001e+00 -4.280000000000000471e-02 -6.700000000000000400e-02
3.891399999999999970e+00 1.764100000000000001e+00 -4.664999999999999702e-02 -5.965000000000000163e-02
4.055100000000000371e+00 1.764100000000000001e+00 -5.380000000000000060e-02 -6.085000000000000131e-02
4.218700000000000117e+00 1.764100000000000001e+00 -5.759999999999999842e-02 -6.450000000000000178e-02
4.382299999999999862e+00 1.764100000000000001e+00 -6.239999999999999714e-02 -5.714999999999999247e-02
4.546000000000000263e+00 1.764100000000000001e+00 -6.650000000000000355e-02 -5.905000000000000526e-02
4.709600000000000009e+00 1.764100000000000001e+00 -7.140000000000000513e-02 -6.164999999999999647e-02
4.873300000000000409e+00 1.764100000000000001e+00 -7.619999999999998996e-02 -6.055000000000000659e-02
5.036900000000000155e+00 1.764100000000000001e+00 -7.714999999999999636e-02 -5.405000000000000082e-02
5.200599999999999667e+00 1.764100000000000001e+00 -8.119999999999999440e-02 -4.435000000000000053e-02
5.364200000000000301e+00 1.764100000000000001e+00 -8.519999999999999796e-02 -5.299999999999999850e-02
5.527800000000000047e+00 1.764100000000000001e+00 -9.570000000000000728e-02 -6.049999999999999822e-02
5.691499999999999559e+00 1.764100000000000001e+00 -9.675000000000000266e-02 -4.580000000000000043e-02
5.855100000000000193e+00 1.764100000000000001e+00 -9.525000000000000133e-02 -2.965000000000000274e-02
6.018799999999999706e+00 1.764100000000000001e+00 -9.500000000000000111e-02 -2.485000000000000056e-02
6.182400000000000340e+00 1.764100000000000001e+00 -8.890000000000000679e-02 -1.660000000000000017e-02
6.346099999999999852e+00 1.764100000000000001e+00 -9.235000000000000153e-02 -1.575000000000000011e-02
6.509699999999999598e+00 1.764100000000000001e+00 -9.614999999999999936e-02 -1.394999999999999886e-02
6.673300000000000232e+00 1.764100000000000001e+00 -9.454999999999999516e-02 1.100000000000000066e-03
6.836999999999999744e+00 1.764100000000000001e+00 -9.520000000000000684e-02 5.700000000000000205e-03
7.000600000000000378e+00 1.764100000000000001e+00 -9.539999999999999869e-02 9.899999999999999079e-03
7.164299999999999891e+00 1.764100000000000001e+00 -9.264999999999999625e-02 1.414999999999999938e-02
7.327899999999999636e+00 1.764100000000000001e+00 -8.624999999999999334e-02 2.570000000000000062e-02
1.275999999999999912e-01 1.600400000000000045e+00 6.185000000000000220e-02 -4.945000000000000090e-02
2.913000000000000034e-01 1.600400000000000045e+00 6.089999999999999580e-02 -5.315000000000000280e-02
4.549000000000000266e-01 1.600400000000000045e+00 5.309999999999999443e-02 -6.250000000000000000e-02
6.186000000000000387e-01 1.600400000000000045e+00 5.260000000000000092e-02 -6.519999999999999407e-02
7.822000000000000064e-01 1.600400000000000045e+00 5.730000000000000371e-02 -5.934999999999999998e-02
9.458999999999999631e-01 1.600400000000000045e+00 4.939999999999999947e-02 -6.289999999999999758e-02
1.109499999999999931e+00 1.600400000000000045e+00 2.724999999999999992e-02 -7.524999999999999745e-02
1.273099999999999898e+00 1.600400000000000045e+00 2.000000000000000042e-02 -8.415000000000000258e-02
1.436800000000000077e+00 1.600400000000000045e+00 2.214999999999999955e-02 -8.349999999999999090e-02
1.600400000000000045e+00 1.600400000000000045e+00 1.814999999999999947e-02 -8.469999999999999751e-02
1.764100000000000001e+00 1.600400000000000045e+00 1.230000000000000017e-02 -9.020000000000000240e-02
1.927699999999999969e+00 1.600400000000000045e+00 5.850000000000000165e-03 -9.074999999999999734e-02
2.091400000000000148e+00 1.600400000000000045e+00 6.450000000000000004e-03 -8.544999999999999818e-02
2.254999999999999893e+00 1.600400000000000045e+00 1.399999999999999335e-03 -8.180000000000001159e-02
2.418600000000000083e+00 1.600400000000000045e+00 -7.650000000000000550e-03 -8.360000000000000764e-02
2.582300000000000040e+00 1.600400000000000045e+00 -9.849999999999999381e-03 -8.210000000000000631e-02
2.745899999999999785e+00 1.600400000000000045e+00 -2.280000000000000082e-02 -9.110000000000000042e-02
2.909600000000000186e+00 1.600400000000000045e+00 -2.575000000000000205e-02 -8.854999999999998983e-02
3.073199999999999932e+00 1.600400000000000045e+00 -3.115000000000000061e-02 -8.515000000000000346e-02
3.236800000000000122e+00 1.600400000000000045e+00 -3.384999999999999815e-02 -8.524999999999999245e-02
3.400500000000000078e+00 1.600400000000000045e+00 -4.019999999999999962e-02 -8.310000000000000719e-02
3.564099999999999824e+00 1.600400000000000045e+00 -4.305000000000000493e-02 -7.979999999999999594e-02
3.727799999999999780e+00 1.600400000000000045e+00 -4.445000000000000340e-02 -7.305000000000000382e-02
3.891399999999999970e+00 1.600400000000000045e+00 -4.850000000000000144e-02 -7.255000000000000338e-02
4.055100000000000371e+00 1.600400000000000045e+00 -5.625000000000000139e-02 -7.484999999999999987e-02
4.218700000000000117e+00 1.600400000000000045e+00 -5.890000000000000097e-02 -7.089999999999999081e-02
4.382299999999999862e+00 1.600400000000000045e+00 -6.135000000000000175e-02 -6.314999999999999780e-02
4.546000000000000263e+00 1.600400000000000045e+00 -6.964999999999998970e-02 -6.520000000000000795e-02
4.709600000000000009e+00 1.600400000000000045e+00 -7.409999999999999920e-02 -6.254999999999999449e-02
4.873300000000000409e+00 1.600400000000000045e+00 -7.689999999999999614e-02 -5.645000000000000018e-02
5.036900000000000155e+00 1.600400000000000045e+00 -7.789999999999999702e-02 -4.934999999999999803e-02
5.200599999999999667e+00 1.600400000000000045e+00 -8.605000000000000149e-02 -5.569999999999999951e-02
5.364200000000000301e+00 1.600400000000000045e+00 -8.865000000000000657e-02 -5.755000000000000393e-02
5.527800000000000047e+00 1.600400000000000045e+00 -9.289999999999999647e-02 -5.310000000000000137e-02
5.691499999999999559e+00 1.600400000000000045e+00 -9.779999999999999805e-02 -3.990000000000000491e-02
5.855100000000000193e+00 1.600400000000000045e+00 -1.008499999999999952e-01 -3.379999999999999671e-02
6.018799999999999706e+00 1.600400000000000045e+00 -1.048499999999999988e-01 -3.624999999999999750e-02
6.182400000000000340e+00 1.600400000000000045e+00 -1.000500000000000000e-01 -2.384999999999999967e-02
6.346099999999999852e+00 1.600400000000000045e+00 -9.290000000000001035e-02 -8.349999999999999784e-03
6.509699999999999598e+00 1.600400000000000045e+00 -1.029499999999999998e-01 -1.340000000000000045e-02
6.673300000000000232e+00 1.600400000000000045e+00 -9.809999999999999276e-02 2.499999999999998968e-04
6.836999999999999744e+00 1.600400000000000045e+00 -9.769999999999999518e-02 8.000000000000000167e-03
7.000600000000000378e+00 1.600400000000000045e+00 -1.005500000000000005e-01 9.450000000000000067e-03
7.164299999999999891e+00 1.600400000000000045e+00 -9.770000000000000906e-02 2.000000000000000042e-02
7.327899999999999636e+00 1.600400000000000045e+00 -8.890000000000000679e-02 2.790000000000000119e-02
1.275999999999999912e-01 1.436800000000000077e+00 5.709999999999999798e-02 -6.275000000000000022e-02
2.913000000000000034e-01 1.436800000000000077e+00 5.425000000000000655e-02 -6.734999999999999321e-02
4.549000000000000266e-01 1.436800000000000077e+00 5.920000000000000262e-02 -7.330000000000000404e-02
6.186000000000000387e-01 1.436800000000000077e+00 4.925000000000000211e-02 -7.624999999999999833e-02
7.822000000000000064e-01 1.436800000000000077e+00 3.869999999999999829e-02 -8.025000000000000189e-02
9.458999999999999631e-01 1.436800000000000077e+00 4.130000000000000338e-02 -7.930000000000000937e-02
1.109499999999999931e+00 1.436800000000000077e+00 3.414999999999999980e-02 -8.515000000000000346e-02
1.273099999999999898e+00 1.436800000000000077e+00 2.805000000000000202e-02 -9.145000000000000351e-02
1.436800000000000077e+00 1.436800000000000077e+00 2.419999999999999929e-02 -9.020000000000000240e-02
1.600400000000000045e+00 1.436800000000000077e+00 2.334999999999999923e-02 -9.390000000000001124e-02
1.764100000000000001e+00 1.436800000000000077e+00 1.735000000000000084e-02 -9.694999999999999452e-02
1.927699999999999969e+00 1.436800000000000077e+00 9.849999999999999381e-03 -1.008499999999999952e-01
2.091400000000000148e+00 1.436800000000000077e+00 4.500000000000000527e-03 -9.790000000000000091e-02
2.254999999999999893e+00 1.436800000000000077e+00 -2.199999999999999699e-03 -1.001500000000000029e-01
2.418600000000000083e+00 1.436800000000000077e+00 -7.450000000000000025e-03 -1.002500000000000058e-01
2.582300000000000040e+00 1.436800000000000077e+00 -1.145000000000000011e-02 -9.575000000000000178e-02
2.745899999999999785e+00 1.436800000000000077e+00 -2.004999999999999838e-02 -1.023000000000000020e-01
2.909600000000000186e+00 1.436800000000000077e+00 -2.514999999999999875e-02 -9.685000000000000553e-02
3.073199999999999932e+00 1.436800000000000077e+00 -3.024999999999999911e-02 -9.554999999999999605e-02
3.236800000000000122e+00 1.436800000000000077e+00 -3.420000000000000123e-02 -9.815000000000000113e-02
3.400500000000000078e+00 1.436800000000000077e+00 -3.975000000000000061e-02 -8.530000000000000082e-02
3.564099999999999824e+00 1.436800000000000077e+00 -4.365000000000000130e-02 -8.640000000000000457e-02
3.727799999999999780e+00 1.436800000000000077e+00 -4.689999999999999725e-02 -8.014999999999999902e-02
3.891399999999999970e+00 1.436800000000000077e+00 -5.054999999999999771e-02 -8.119999999999999440e-02
4.055100000000000371e+00 1.436800000000000077e+00 -5.815000000000000030e-02 -8.780000000000000304e-02
4.218700000000000117e+00 1.436800000000000077e+00 -6.174999999999999933e-02 -8.784999999999999754e-02
4.382299999999999862e+00 1.436800000000000077e+00 -6.859999999999999432e-02 -9.199999999999999845e-02
4.546000000000000263e+00 1.436800000000000077e+00 -7.355000000000000426e-02 -7.669999999999999041e-02
4.709600000000000009e+00 1.436800000000000077e+00 -7.680000000000000715e-02 -5.930000000000000548e-02
4.873300000000000409e+00 1.436800000000000077e+00 -8.144999999999999463e-02 -6.144999999999999768e-02
5.036900000000000155e+00 1.436800000000000077e+00 -8.180000000000001159e-02 -6.375000000000000111e-02
5.200599999999999667e+00 1.436800000000000077e+00 -9.564999999999999891e-02 -7.550000000000001155e-02
5.364200000000000301e+00 1.436800000000000077e+00 -9.514999999999999847e-02 -6.205000000000000099e-02
5.527800000000000047e+00 1.436800000000000077e+00 -9.639999999999999958e-02 -4.445000000000000340e-02
5.691499999999999559e+00 1.436800000000000077e+00 -9.965000000000000246e-02 -3.515000000000000069e-02
5.855100000000000193e+00 1.436800000000000077e+00 -1.040999999999999981e-01 -3.719999999999999696e-02
6.018799999999999706e+00 1.436800000000000077e+00 -1.040999999999999981e-01 -3.465000000000000024e-02
6.182400000000000340e+00 1.436800000000000077e+00 -1.002000000000000113e-01 -1.000000000000000021e-03
6.346099999999999852e+00 1.436800000000000077e+00 -9.845000000000000973e-02 2.199999999999999699e-03
6.509699999999999598e+00 1.436800000000000077e+00 -1.087499999999999994e-01 -1.119999999999999989e-02
6.673300000000000232e+00 1.436800000000000077e+00 -1.120500000000000107e-01 -1.400000000000000203e-03
6.836999999999999744e+00 1.436800000000000077e+00 -1.051499999999999935e-01 2.639999999999999986e-02
7.000600000000000378e+00 1.436800000000000077e+00 -1.054999999999999966e-01 2.120000000000000009e-02
7.164299999999999891e+00 1.436800000000000077e+00 -1.055500000000000049e-01 2.715000000000000052e-02
7.327899999999999636e+00 1.436800000000000077e+00 -1.015999999999999959e-01 2.754999999999999810e-02
1.275999999999999912e-01 1.273099999999999898e+00 5.605000000000000260e-02 -7.539999999999999480e-02
2.913000000000000034e-01 1.273099999999999898e+00 5.715000000000000635e-02 -7.589999999999999525e-02
4.549000000000000266e-01 1.273099999999999898e+00 5.979999999999999899e-02 -8.119999999999999440e-02
6.186000000000000387e-01 1.273099999999999898e+00 5.319999999999999729e-02 -8.324999999999999067e-02
7.822000000000000064e-01 1.273099999999999898e+00 4.895000000000000046e-02 -9.285000000000000198e-02
9.458999999999999631e-01 1.273099999999999898e+00 4.700000000000000011e-02 -9.285000000000000198e-02
1.109499999999999931e+00 1.273099999999999898e+00 4.934999999999999803e-02 -9.095000000000000306e-02
1.273099999999999898e+00 1.273099999999999898e+00 3.799999999999999906e-02 -1.020500000000000018e-01
1.436800000000000077e+00 1.273099999999999898e+00 2.894999999999999657e-02 -1.116499999999999992e-01
1.600400000000000045e+00 1.273099999999999898e+00 2.274999999999999939e-02 -1.133500000000000063e-01
1.764100000000000001e+00 1.273099999999999898e+00 1.805000000000000007e-02 -1.122500000000000026e-01
1.927699999999999969e+00 1.273099999999999898e+00 1.450000000000000074e-02 -1.131500000000000006e-01
2.091400000000000148e+00 1.273099999999999898e+00 7.649999999999999682e-03 -1.144999999999999907e-01
2.254999999999999893e+00 1.273099999999999898e+00 3.099999999999999457e-03 -1.082499999999999990e-01
2.418600000000000083e+00 1.273099999999999898e+00 -6.349999999999999742e-03 -1.108999999999999986e-01
2.582300000000000040e+00 1.273099999999999898e+00 -8.850000000000000228e-03 -1.078999999999999959e-01
2.745899999999999785e+00 1.273099999999999898e+00 -1.584999999999999951e-02 -1.012500000000000067e-01
2.909600000000000186e+00 1.273099999999999898e+00 -2.514999999999999875e-02 -1.084499999999999909e-01
3.073199999999999932e+00 1.273099999999999898e+00 -3.169999999999999901e-02 -1.006500000000000034e-01
3.236800000000000122e+00 1.273099999999999898e+00 -3.239999999999999825e-02 -9.639999999999999958e-02
3.400500000000000078e+00 1.273099999999999898e+00 -3.955000000000000182e-02 -9.324999999999999956e-02
3.564099999999999824e+00 1.273099999999999898e+00 -4.789999999999999813e-02 -8.679999999999998828e-02
3.727799999999999780e+00 1.273099999999999898e+00 -5.405000000000000082e-02 -9.770000000000000906e-02
3.891399999999999970e+00 1.273099999999999898e+00 -5.645000000000000018e-02 -9.389999999999999736e-02
4.055100000000000371e+00 1.273099999999999898e+00 -5.950000000000000427e-02 -8.469999999999999751e-02
4.218700000000000117e+00 1.273099999999999898e+00 -6.604999999999999760e-02 -8.879999999999999005e-02
4.382299999999999862e+00 1.273099999999999898e+00 -6.909999999999999476e-02 -9.224999999999999867e-02
4.546000000000000263e+00 1.273099999999999898e+00 -7.794999999999999152e-02 -7.964999999999999858e-02
4.709600000000000009e+00 1.273099999999999898e+00 -8.235000000000000653e-02 -8.154999999999999749e-02
4.873300000000000409e+00 1.273099999999999898e+00 -8.665000000000000480e-02 -9.729999999999999760e-02
5.036900000000000155e+00 1.273099999999999898e+00 -9.545000000000000706e-02 -1.099499999999999922e-01
5.200599999999999667e+00 1.273099999999999898e+00 -9.754999999999999782e-02 -8.089999999999999969e-02
5.364200000000000301e+00 1.273099999999999898e+00 -1.033999999999999919e-01 -6.539999999999999980e-02
5.527800000000000047e+00 1.273099999999999898e+00 -1.041499999999999926e-01 -3.749999999999999861e-02
5.691499999999999559e+00 1.273099999999999898e+00 -1.065500000000000058e-01 -3.819999999999999785e-02
5.855100000000000193e+00 1.273099999999999898e+00 -1.064999999999999974e-01 -3.059999999999999873e-02
6.018799999999999706e+00 1.273099999999999898e+00 -1.043999999999999928e-01 -6.000000000000000125e-03
6.182400000000000340e+00 1.273099999999999898e+00 -1.058499999999999996e-01 -1.365000000000000067e-02
6.346099999999999852e+00 1.273099999999999898e+00 -1.077499999999999986e-01 -2.000000000000000042e-03
6.509699999999999598e+00 1.273099999999999898e+00 -1.346999999999999864e-01 -4.950000000000000233e-02
6.673300000000000232e+00 1.273099999999999898e+00 -1.194999999999999951e-01 8.750000000000000833e-03
6.836999999999999744e+00 1.273099999999999898e+00 -1.140499999999999986e-01 2.389999999999999764e-02
7.000600000000000378e+00 1.273099999999999898e+00 -1.076499999999999957e-01 3.759999999999999454e-02
7.164299999999999891e+00 1.273099999999999898e+00 -1.098500000000000032e-01 4.284999999999999920e-02
7.327899999999999636e+00 1.273099999999999898e+00 -1.013499999999999956e-01 3.774999999999999883e-02
1.275999999999999912e-01 1.109499999999999931e+00 5.770000000000000129e-02 -8.449999999999999178e-02
2.913000000000000034e-01 1.109499999999999931e+00 5.530000000000000193e-02 -8.540000000000000369e-02
4.549000000000000266e-01 1.109499999999999931e+00 5.215000000000000191e-02 -9.809999999999999276e-02
6.186000000000000387e-01 1.109499999999999931e+00 5.430000000000000104e-02 -1.053999999999999937e-01
7.822000000000000064e-01 1.109499999999999931e+00 5.229999999999999927e-02 -1.063500000000000001e-01
9.458999999999999631e-01 1.109499999999999931e+00 4.785000000000000364e-02 -1.088999999999999968e-01
1.109499999999999931e+00 1.109499999999999931e+00 4.184999999999999831e-02 -1.172499999999999931e-01
1.273099999999999898e+00 1.109499999999999931e+00 4.329999999999999821e-02 -1.154000000000000026e-01
1.436800000000000077e+00 1.109499999999999931e+00 2.869999999999999982e-02 -1.224500000000000033e-01
1.600400000000000045e+00 1.109499999999999931e+00 2.049999999999999739e-02 -1.290499999999999980e-01
1.764100000000000001e+00 1.109499999999999931e+00 1.554999999999999959e-02 -1.306499999999999884e-01
1.927699999999999969e+00 1.109499999999999931e+00 1.089999999999999997e-02 -1.280000000000000027e-01
2.091400000000000148e+00 1.109499999999999931e+00 2.800000000000000405e-03 -1.256500000000000117e-01
2.254999999999999893e+00 1.109499999999999931e+00 2.199999999999999699e-03 -1.250000000000000000e-01
2.418600000000000083e+00 1.109499999999999931e+00 -1.009999999999999960e-02 -1.237000000000000044e-01
2.582300000000000040e+00 1.109499999999999931e+00 -1.789999999999999925e-02 -1.281499999999999861e-01
2.745899999999999785e+00 1.109499999999999931e+00 -2.019999999999999921e-02 -1.212499999999999967e-01
2.909600000000000186e+00 1.109499999999999931e+00 -2.904999999999999943e-02 -1.250999999999999890e-01
3.073199999999999932e+00 1.109499999999999931e+00 -3.710000000000000103e-02 -1.329500000000000126e-01
3.236800000000000122e+00 1.109499999999999931e+00 -3.790000000000000313e-02 -1.109499999999999931e-01
3.400500000000000078e+00 1.109499999999999931e+00 -4.155000000000000360e-02 -1.043000000000000038e-01
3.564099999999999824e+00 1.109499999999999931e+00 -4.789999999999999813e-02 -9.639999999999999958e-02
3.727799999999999780e+00 1.109499999999999931e+00 -5.415000000000000369e-02 -1.048000000000000043e-01
3.891399999999999970e+00 1.109499999999999931e+00 -5.630000000000000282e-02 -9.589999999999999913e-02
4.055100000000000371e+00 1.109499999999999931e+00 -5.929999999999999855e-02 -8.995000000000000218e-02
4.218700000000000117e+00 1.109499999999999931e+00 -6.669999999999999540e-02 -1.201000000000000123e-01
4.382299999999999862e+00 1.109499999999999931e+00 -7.309999999999999831e-02 -1.537000000000000033e-01
4.546000000000000263e+00 1.109499999999999931e+00 -8.044999999999999374e-02 -1.041500000000000065e-01
4.709600000000000009e+00 1.109499999999999931e+00 -8.415000000000000258e-02 -1.013000000000000012e-01
4.873300000000000409e+00 1.109499999999999931e+00 -9.059999999999999998e-02 -1.027499999999999941e-01
5.036900000000000155e+00 1.109499999999999931e+00 -1.006500000000000034e-01 -1.276999999999999802e-01
5.200599999999999667e+00 1.109499999999999931e+00 -1.075000000000000122e-01 -1.087499999999999994e-01
5.364200000000000301e+00 1.109499999999999931e+00 -1.060000000000000109e-01 -8.774999999999999467e-02
5.527800000000000047e+00 1.109499999999999931e+00 -1.135499999999999982e-01 -7.514999999999999458e-02
5.691499999999999559e+00 1.109499999999999931e+00 -1.121499999999999997e-01 -4.254999999999999755e-02
5.855100000000000193e+00 1.109499999999999931e+00 -1.182499999999999940e-01 -3.534999999999999948e-02
6.018799999999999706e+00 1.109499999999999931e+00 -1.234500000000000042e-01 -5.655000000000000304e-02
6.182400000000000340e+00 1.109499999999999931e+00 -1.290000000000000036e-01 -4.395000000000000295e-02
6.346099999999999852e+00 1.109499999999999931e+00 -1.275999999999999912e-01 -1.625000000000000056e-02
6.509699999999999598e+00 1.109499999999999931e+00 -1.424500000000000210e-01 -5.179999999999999882e-02
6.673300000000000232e+00 1.109499999999999931e+00 -1.277500000000000024e-01 4.800000000000000447e-03
6.836999999999999744e+00 1.109499999999999931e+00 -1.328000000000000014e-01 5.100000000000000366e-03
7.000600000000000378e+00 1.109499999999999931e+00 -1.167499999999999927e-01 4.009999999999999676e-02
7.164299999999999891e+00 1.109499999999999931e+00 -1.238500000000000156e-01 3.414999999999999980e-02
7.327899999999999636e+00 1.109499999999999931e+00 -1.198000000000000037e-01 4.220000000000000140e-02
1.275999999999999912e-01 9.458999999999999631e-01 5.534999999999999643e-02 -1.038999999999999924e-01
2.913000000000000034e-01 9.458999999999999631e-01 5.535000000000000336e-02 -1.029000000000000054e-01
4.549000000000000266e-01 9.458999999999999631e-01 5.075000000000000344e-02 -1.114499999999999935e-01
6.186000000000000387e-01 9.458999999999999631e-01 5.519999999999999907e-02 -1.184499999999999997e-01
7.822000000000000064e-01 9.458999999999999631e-01 4.630000000000000088e-02 -1.194999999999999951e-01
9.458999999999999631e-01 9.458999999999999631e-01 5.104999999999999816e-02 -1.274000000000000132e-01
1.109499999999999931e+00 9.458999999999999631e-01 4.560000000000000164e-02 -1.320000000000000062e-01
1.273099999999999898e+00 9.458999999999999631e-01 3.289999999999999869e-02 -1.318499999999999950e-01
1.436800000000000077e+00 9.458999999999999631e-01 2.264999999999999999e-02 -1.381999999999999895e-01
1.600400000000000045e+00 9.458999999999999631e-01 2.119999999999999662e-02 -1.449500000000000233e-01
1.764100000000000001e+00 9.458999999999999631e-01 1.675000000000000100e-02 -1.470000000000000195e-01
1.927699999999999969e+00 9.458999999999999631e-01 7.649999999999999682e-03 -1.476000000000000090e-01
2.091400000000000148e+00 9.458999999999999631e-01 5.949999999999999560e-03 -1.331999999999999851e-01
2.254999999999999893e+00 9.458999999999999631e-01 -2.449999999999999921e-03 -1.346999999999999864e-01
2.418600000000000083e+00 9.458999999999999631e-01 -1.165000000000000063e-02 -1.470500000000000140e-01
2.582300000000000040e+00 9.458999999999999631e-01 -1.859999999999999848e-02 -1.447499999999999898e-01
2.745899999999999785e+00 9.458999999999999631e-01 -2.369999999999999885e-02 -1.368499999999999994e-01
2.909600000000000186e+00 9.458999999999999631e-01 -3.335000000000000464e-02 -1.402499999999999858e-01
3.073199999999999932e+00 9.458999999999999631e-01 -4.019999999999999962e-02 -1.451500000000000012e-01
3.236800000000000122e+00 9.458999999999999631e-01 -4.470000000000000362e-02 -1.398999999999999966e-01
3.400500000000000078e+00 9.458999999999999631e-01 -4.735000000000000320e-02 -1.426499999999999990e-01
3.564099999999999824e+00 9.458999999999999631e-01 -5.124999999999999695e-02 -1.451999999999999957e-01
3.727799999999999780e+00 9.458999999999999631e-01 -5.960000000000000020e-02 -1.058499999999999996e-01
3.891399999999999970e+00 9.458999999999999631e-01 -6.590000000000000024e-02 -1.000999999999999945e-01
4.055100000000000371e+00 9.458999999999999631e-01 -6.634999999999999232e-02 -1.370000000000000107e-01
4.218700000000000117e+00 9.458999999999999631e-01 -7.305000000000000382e-02 -1.363499999999999990e-01
4.382299999999999862e+00 9.458999999999999631e-01 -7.564999999999999503e-02 -1.737500000000000155e-01
4.546000000000000263e+00 9.458999999999999631e-01 -8.229999999999999816e-02 -1.502999999999999892e-01
4.709600000000000009e+00 9.458999999999999631e-01 -8.684999999999999665e-02 -1.234999999999999987e-01
4.873300000000000409e+00 9.458999999999999631e-01 -9.309999999999998832e-02 -1.130999999999999922e-01
5.036900000000000155e+00 9.458999999999999631e-01 -1.039500000000000007e-01 -1.267500000000000016e-01
5.200599999999999667e+00 9.458999999999999631e-01 -1.033499999999999974e-01 -7.370000000000000162e-02
5.364200000000000301e+00 9.458999999999999631e-01 -1.206499999999999934e-01 -9.589999999999999913e-02
5.527800000000000047e+00 9.458999999999999631e-01 -1.252000000000000057e-01 -9.690000000000000002e-02
5.691499999999999559e+00 9.458999999999999631e-01 -1.260999999999999899e-01 -5.309999999999999443e-02
5.855100000000000193e+00 9.458999999999999631e-01 -1.322499999999999787e-01 -5.294999999999999707e-02
6.018799999999999706e+00 9.458999999999999631e-01 -1.259000000000000119e-01 -2.660000000000000211e-02
6.182400000000000340e+00 9.458999999999999631e-01 -1.233000000000000068e-01 -1.214999999999999934e-02
6.346099999999999852e+00 9.458999999999999631e-01 -1.286999999999999811e-01 -1.360000000000000098e-02
6.509699999999999598e+00 9.458999999999999631e-01 -1.529500000000000026e-01 -4.125000000000000194e-02
6.673300000000000232e+00 9.458999999999999631e-01 -1.468499999999999805e-01 -1.154999999999999950e-02
6.836999999999999744e+00 9.458999999999999631e-01 -1.459999999999999909e-01 7.500000000000000590e-03
7.000600000000000378e+00 9.458999999999999631e-01 -1.311999999999999833e-01 3.160000000000000309e-02
7.164299999999999891e+00 9.458999999999999631e-01 -1.511000000000000121e-01 1.845000000000000112e-02
7.327899999999999636e+00 9.458999999999999631e-01 -1.285000000000000031e-01 3.250000000000000111e-02
1.275999999999999912e-01 7.822000000000000064e-01 5.150000000000000411e-02 -1.121000000000000052e-01
2.913000000000000034e-01 7.822000000000000064e-01 5.240000000000000213e-02 -1.167499999999999927e-01
4.549000000000000266e-01 7.822000000000000064e-01 5.494999999999999885e-02 -1.203000000000000042e-01
6.186000000000000387e-01 7.822000000000000064e-01 5.594999999999999973e-02 -1.308499999999999941e-01
7.822000000000000064e-01 7.822000000000000064e-01 4.549999999999999878e-02 -1.455000000000000182e-01
9.458999999999999631e-01 7.822000000000000064e-01 4.495000000000000384e-02 -1.522499999999999964e-01
1.109499999999999931e+00 7.822000000000000064e-01 3.915000000000000424e-02 -1.521500000000000075e-01
1.273099999999999898e+00 7.822000000000000064e-01 3.175000000000000044e-02 -1.607999999999999985e-01
1.436800000000000077e+00 7.822000000000000064e-01 2.800000000000000058e-02 -1.604500000000000093e-01
1.600400000000000045e+00 7.822000000000000064e-01 2.240000000000000324e-02 -1.601500000000000146e-01
1.764100000000000001e+00 7.822000000000000064e-01 1.420000000000000082e-02 -1.594500000000000084e-01
1.927699999999999969e+00 7.822000000000000064e-01 5.899999999999999863e-03 -1.647500000000000075e-01
2.091400000000000148e+00 7.822000000000000064e-01 1.449999999999999900e-03 -1.588499999999999912e-01
2.254999999999999893e+00 7.822000000000000064e-01 -6.250000000000000347e-03 -1.565499999999999947e-01
2.418600000000000083e+00 7.822000000000000064e-01 -1.890000000000000013e-02 -1.683499999999999996e-01
2.582300000000000040e+00 7.822000000000000064e-01 -2.205000000000000016e-02 -1.602000000000000091e-01
2.745899999999999785e+00 7.822000000000000064e-01 -2.629999999999999699e-02 -1.555499999999999938e-01
2.909600000000000186e+00 7.822000000000000064e-01 -3.849999999999999950e-02 -1.562500000000000000e-01
3.073199999999999932e+00 7.822000000000000064e-01 -4.404999999999999888e-02 -1.688500000000000001e-01
3.236800000000000122e+00 7.822000000000000064e-01 -4.910000000000000475e-02 -1.660500000000000032e-01
3.400500000000000078e+00 7.822000000000000064e-01 -4.995000000000000134e-02 -1.598999999999999866e-01
3.564099999999999824e+00 7.822000000000000064e-01 -6.074999999999999845e-02 -1.513499999999999845e-01
3.727799999999999780e+00 7.822000000000000064e-01 -6.364999999999999825e-02 -1.404000000000000248e-01
3.891399999999999970e+00 7.822000000000000064e-01 -7.180000000000000271e-02 -1.486500000000000044e-01
4.055100000000000371e+00 7.822000000000000064e-01 -6.784999999999999365e-02 -1.746000000000000052e-01
4.218700000000000117e+00 7.822000000000000064e-01 -8.580000000000000127e-02 -7.574999999999999789e-02
4.382299999999999862e+00 7.822000000000000064e-01 -7.309999999999999831e-02 -1.900499999999999967e-01
4.546000000000000263e+00 7.822000000000000064e-01 -8.699999999999999400e-02 -1.693500000000000005e-01
4.709600000000000009e+00 7.822000000000000064e-01 -9.609999999999999098e-02 -1.491999999999999993e-01
4.873300000000000409e+00 7.822000000000000064e-01 -1.012500000000000067e-01 -1.376000000000000001e-01
5.036900000000000155e+00 7.822000000000000064e-01 -1.078999999999999959e-01 -1.181000000000000105e-01
5.200599999999999667e+00 7.822000000000000064e-01 -1.164999999999999925e-01 -1.030000000000000082e-01
5.364200000000000301e+00 7.822000000000000064e-01 -1.265999999999999903e-01 -1.044500000000000012e-01
5.527800000000000047e+00 7.822000000000000064e-01 -1.145500000000000129e-01 -6.980000000000000093e-02
5.691499999999999559e+00 7.822000000000000064e-01 -1.118500000000000050e-01 -1.319999999999999993e-02
5.855100000000000193e+00 7.822000000000000064e-01 -1.401499999999999968e-01 -4.589999999999999636e-02
6.018799999999999706e+00 7.822000000000000064e-01 -1.227499999999999980e-01 -1.849999999999999215e-03
6.182400000000000340e+00 7.822000000000000064e-01 -1.250000000000000000e-01 -3.599999999999999901e-03
6.346099999999999852e+00 7.822000000000000064e-01 -1.275999999999999912e-01 8.649999999999999703e-03
6.509699999999999598e+00 7.822000000000000064e-01 -1.509999999999999953e-01 -1.709999999999999715e-02
6.673300000000000232e+00 7.822000000000000064e-01 -1.506500000000000061e-01 -2.449999999999999921e-03
6.836999999999999744e+00 7.822000000000000064e-01 -1.485500000000000154e-01 1.609999999999999973e-02
7.000600000000000378e+00 7.822000000000000064e-01 -1.466000000000000081e-01 2.255000000000000060e-02
7.164299999999999891e+00 7.822000000000000064e-01 -1.450500000000000123e-01 2.085000000000000048e-02
7.327899999999999636e+00 7.822000000000000064e-01 -1.303499999999999936e-01 5.895000000000000240e-02
1.275999999999999912e-01 6.186000000000000387e-01 5.989999999999999492e-02 -1.447499999999999898e-01
2.913000000000000034e-01 6.186000000000000387e-01 5.625000000000000139e-02 -1.445500000000000118e-01
4.549000000000000266e-01 6.186000000000000387e-01 5.109999999999999959e-02 -1.444000000000000006e-01
6.186000000000000387e-01 6.186000000000000387e-01 5.315000000000000280e-02 -1.557000000000000051e-01
7.822000000000000064e-01 6.186000000000000387e-01 5.190000000000000169e-02 -1.724499999999999922e-01
9.458999999999999631e-01 6.186000000000000387e-01 4.380000000000000560e-02 -1.749999999999999889e-01
1.109499999999999931e+00 6.186000000000000387e-01 3.695000000000000367e-02 -1.637000000000000122e-01
1.273099999999999898e+00 6.186000000000000387e-01 3.129999999999999449e-02 -1.692500000000000115e-01
1.436800000000000077e+00 6.186000000000000387e-01 2.299999999999999961e-02 -1.822499999999999953e-01
1.600400000000000045e+00 6.186000000000000387e-01 1.800000000000000211e-02 -1.818500000000000116e-01
1.764100000000000001e+00 6.186000000000000387e-01 9.149999999999998412e-03 -1.793500000000000094e-01
1.927699999999999969e+00 6.186000000000000387e-01 3.600000000000000335e-03 -1.873499999999999888e-01
2.091400000000000148e+00 6.186000000000000387e-01 -7.999999999999994962e-04 -1.708999999999999964e-01
2.254999999999999893e+00 6.186000000000000387e-01 -1.160000000000000094e-02 -1.879500000000000060e-01
2.418600000000000083e+00 6.186000000000000387e-01 -2.230000000000000038e-02 -1.845999999999999863e-01
2.582300000000000040e+00 6.186000000000000387e-01 -2.879999999999999921e-02 -1.830999999999999850e-01
2.745899999999999785e+00 6.186000000000000387e-01 -3.440000000000000002e-02 -1.891499999999999848e-01
2.909600000000000186e+00 6.186000000000000387e-01 -3.940000000000000446e-02 -1.930499999999999994e-01
3.073199999999999932e+00 6.186000000000000387e-01 -4.989999999999999991e-02 -1.951499999999999901e-01
3.236800000000000122e+00 6.186000000000000387e-01 -5.465000000000000413e-02 -1.910999999999999921e-01
3.400500000000000078e+00 6.186000000000000387e-01 -5.789999999999999314e-02 -2.018499999999999739e-01
3.564099999999999824e+00 6.186000000000000387e-01 -6.345000000000000639e-02 -1.980500000000000038e-01
3.727799999999999780e+00 6.186000000000000387e-01 -7.234999999999999765e-02 -1.795499999999999874e-01
3.891399999999999970e+00 6.186000000000000387e-01 -8.855000000000000371e-02 -1.380000000000000115e-01
4.055100000000000371e+00 6.186000000000000387e-01 -7.359999999999999876e-02 -1.828000000000000180e-01
4.218700000000000117e+00 6.186000000000000387e-01 -7.744999999999999107e-02 -1.791999999999999982e-01
4.382299999999999862e+00 6.186000000000000387e-01 -8.315000000000000169e-02 -1.970500000000000029e-01
4.546000000000000263e+00 6.186000000000000387e-01 -9.229999999999999316e-02 -2.036000000000000032e-01
4.709600000000000009e+00 6.186000000000000387e-01 -9.539999999999999869e-02 -1.708999999999999964e-01
4.873300000000000409e+00 6.186000000000000387e-01 -1.033499999999999974e-01 -7.409999999999999920e-02
5.036900000000000155e+00 6.186000000000000387e-01 -1.001500000000000029e-01 -1.079499999999999904e-01
5.200599999999999667e+00 6.186000000000000387e-01 -1.216500000000000081e-01 -1.052000000000000018e-01
5.364200000000000301e+00 6.186000000000000387e-01 -1.272500000000000020e-01 -9.235000000000000153e-02
5.527800000000000047e+00 6.186000000000000387e-01 -9.610000000000000486e-02 1.955000000000000140e-02
5.691499999999999559e+00 6.186000000000000387e-01 -1.047000000000000014e-01 3.685000000000000081e-02
5.855100000000000193e+00 6.186000000000000387e-01 -1.292500000000000038e-01 1.859999999999999848e-02
6.018799999999999706e+00 6.186000000000000387e-01 -1.306499999999999884e-01 1.915000000000000036e-02
6.182400000000000340e+00 6.186000000000000387e-01 -1.365000000000000102e-01 1.034999999999999983e-02
6.346099999999999852e+00 6.186000000000000387e-01 -1.489000000000000046e-01 8.800000000000000530e-03
6.509699999999999598e+00 6.186000000000000387e-01 -1.424500000000000210e-01 2.154999999999999971e-02
6.673300000000000232e+00 6.186000000000000387e-01 -1.147999999999999993e-01 1.334999999999999902e-02
6.836999999999999744e+00 6.186000000000000387e-01 -1.444000000000000006e-01 1.760000000000000106e-02
7.000600000000000378e+00 6.186000000000000387e-01 -1.217999999999999916e-01 3.359999999999999792e-02
7.164299999999999891e+00 6.186000000000000387e-01 -1.131500000000000006e-01 4.655000000000000110e-02
7.327899999999999636e+00 6.186000000000000387e-01 -1.013999999999999901e-01 7.169999999999999984e-02
1.275999999999999912e-01 4.549000000000000266e-01 5.929999999999999855e-02 -1.548999999999999821e-01
2.913000000000000034e-01 4.549000000000000266e-01 5.555000000000000215e-02 -1.520500000000000185e-01
4.549000000000000266e-01 4.549000000000000266e-01 4.875000000000000167e-02 -1.628999999999999893e-01
6.186000000000000387e-01 4.549000000000000266e-01 4.959999999999999826e-02 -1.691499999999999948e-01
7.822000000000000064e-01 4.549000000000000266e-01 4.925000000000000211e-02 -1.803000000000000158e-01
9.458999999999999631e-01 4.549000000000000266e-01 4.504999999999999977e-02 -1.929000000000000159e-01
1.109499999999999931e+00 4.549000000000000266e-01 3.939999999999999752e-02 -1.894500000000000073e-01
1.273099999999999898e+00 4.549000000000000266e-01 3.119999999999999857e-02 -1.922999999999999987e-01
1.436800000000000077e+00 4.549000000000000266e-01 2.239999999999999977e-02 -2.021000000000000019e-01
1.600400000000000045e+00 4.549000000000000266e-01 1.415000000000000112e-02 -2.134000000000000064e-01
1.764100000000000001e+00 4.549000000000000266e-01 6.200000000000000649e-03 -2.121000000000000107e-01
1.927699999999999969e+00 4.549000000000000266e-01 1.000000000000000021e-03 -2.074499999999999955e-01
2.091400000000000148e+00 4.549000000000000266e-01 -6.399999999999999439e-03 -2.031000000000000028e-01
2.254999999999999893e+00 4.549000000000000266e-01 -1.949999999999999997e-02 -2.209500000000000075e-01
2.418600000000000083e+00 4.549000000000000266e-01 -2.574999999999999858e-02 -2.179500000000000048e-01
2.582300000000000040e+00 4.549000000000000266e-01 -3.579999999999999849e-02 -2.051999999999999935e-01
2.745899999999999785e+00 4.549000000000000266e-01 -3.830000000000000071e-02 -2.232500000000000040e-01
2.909600000000000186e+00 4.549000000000000266e-01 -4.234999999999999876e-02 -2.294999999999999818e-01
3.073199999999999932e+00 4.549000000000000266e-01 -4.549999999999999878e-02 -2.238999999999999879e-01
3.236800000000000122e+00 4.549000000000000266e-01 -5.480000000000000149e-02 -2.343999999999999972e-01
3.400500000000000078e+00 4.549000000000000266e-01 -6.145000000000000462e-02 -2.350500000000000089e-01
3.564099999999999824e+00 4.549000000000000266e-01 -6.085000000000000131e-02 -2.379000000000000004e-01
3.727799999999999780e+00 4.549000000000000266e-01 -8.795000000000000040e-02 -2.102999999999999869e-01
3.891399999999999970e+00 4.549000000000000266e-01 -1.100000000000000006e-01 -1.234999999999999987e-01
4.055100000000000371e+00 4.549000000000000266e-01 -1.068500000000000005e-01 -1.943999999999999895e-01
4.218700000000000117e+00 4.549000000000000266e-01 -1.020500000000000018e-01 -2.216500000000000137e-01
4.382299999999999862e+00 4.549000000000000266e-01 -9.299999999999999933e-02 -2.399000000000000021e-01
4.546000000000000263e+00 4.549000000000000266e-01 -8.790000000000000591e-02 -2.464500000000000024e-01
4.709600000000000009e+00 4.549000000000000266e-01 -8.555000000000000104e-02 -2.860500000000000265e-01
4.873300000000000409e+00 4.549000000000000266e-01 -9.085000000000000020e-02 -2.489999999999999991e-01
5.036900000000000155e+00 4.549000000000000266e-01 -8.824999999999999512e-02 -9.289999999999999647e-02
5.200599999999999667e+00 4.549000000000000266e-01 -9.694999999999999452e-02 -6.620000000000000884e-02
5.364200000000000301e+00 4.549000000000000266e-01 -1.058000000000000052e-01 5.400000000000002021e-03
5.527800000000000047e+00 4.549000000000000266e-01 -7.935000000000000386e-02 1.410000000000000142e-02
5.691499999999999559e+00 4.549000000000000266e-01 -7.814999999999999725e-02 4.504999999999999977e-02
5.855100000000000193e+00 4.549000000000000266e-01 -9.389999999999999736e-02 3.635000000000000037e-02
6.018799999999999706e+00 4.549000000000000266e-01 -1.334500000000000131e-01 2.135000000000000092e-02
6.182400000000000340e+00 4.549000000000000266e-01 -1.225499999999999923e-01 1.845000000000000112e-02
6.346099999999999852e+00 4.549000000000000266e-01 -1.405000000000000138e-01 3.080000000000000099e-02
6.509699999999999598e+00 4.549000000000000266e-01 -1.255499999999999949e-01 5.269999999999999685e-02
6.673300000000000232e+00 4.549000000000000266e-01 -8.199999999999998956e-02 3.445000000000000145e-02
6.836999999999999744e+00 4.549000000000000266e-01 -7.505000000000000560e-02 4.230000000000000426e-02
7.000600000000000378e+00 4.549000000000000266e-01 -7.630000000000000671e-02 3.889999999999999708e-02
7.164299999999999891e+00 4.549000000000000266e-01 -8.419999999999999707e-02 4.359999999999999987e-02
7.327899999999999636e+00 4.549000000000000266e-01 -7.449999999999999678e-02 6.894999999999999740e-02
1.275999999999999912e-01 2.913000000000000034e-01 5.824999999999999623e-02 -1.594499999999999806e-01
2.913000000000000034e-01 2.913000000000000034e-01 4.170000000000000095e-02 -1.582500000000000018e-01
4.549000000000000266e-01 2.913000000000000034e-01 4.395000000000000295e-02 -1.692500000000000115e-01
6.186000000000000387e-01 2.913000000000000034e-01 4.019999999999999962e-02 -1.814999999999999947e-01
7.822000000000000064e-01 2.913000000000000034e-01 4.549999999999999878e-02 -2.091500000000000026e-01
9.458999999999999631e-01 2.913000000000000034e-01 3.685000000000000081e-02 -2.000000000000000111e-01
1.109499999999999931e+00 2.913000000000000034e-01 3.600000000000000422e-02 -2.025000000000000133e-01
1.273099999999999898e+00 2.913000000000000034e-01 2.860000000000000042e-02 -2.185499999999999943e-01
1.436800000000000077e+00 2.913000000000000034e-01 2.230000000000000038e-02 -2.392500000000000182e-01
1.600400000000000045e+00 2.913000000000000034e-01 1.640000000000000138e-02 -2.412500000000000200e-01
1.764100000000000001e+00 2.913000000000000034e-01 9.100000000000000450e-03 -2.356000000000000039e-01
1.927699999999999969e+00 2.913000000000000034e-01 -8.000000000000003636e-04 -2.373000000000000109e-01
2.091400000000000148e+00 2.913000000000000034e-01 -1.045000000000000095e-02 -2.421000000000000096e-01
2.254999999999999893e+00 2.913000000000000034e-01 -2.530000000000000304e-02 -2.333999999999999964e-01
2.418600000000000083e+00 2.913000000000000034e-01 -2.960000000000000131e-02 -2.446999999999999731e-01
2.582300000000000040e+00 2.913000000000000034e-01 -3.635000000000000037e-02 -2.548000000000000265e-01
2.745899999999999785e+00 2.913000000000000034e-01 -3.940000000000000446e-02 -2.487500000000000266e-01
2.909600000000000186e+00 2.913000000000000034e-01 -3.279999999999999583e-02 -2.518000000000000238e-01
3.073199999999999932e+00 2.913000000000000034e-01 -4.199999999999999567e-02 -2.629000000000000226e-01
3.236800000000000122e+00 2.913000000000000034e-01 -5.514999999999999764e-02 -2.682499999999999885e-01
3.400500000000000078e+00 2.913000000000000034e-01 -6.844999999999999696e-02 -2.524500000000000077e-01
3.564099999999999824e+00 2.913000000000000034e-01 -6.529999999999999694e-02 -2.495999999999999885e-01
3.727799999999999780e+00 2.913000000000000034e-01 -6.445000000000000728e-02 -2.694499999999999673e-01
3.891399999999999970e+00 2.913000000000000034e-01 -6.275000000000000022e-02 -2.463999999999999801e-01
4.055100000000000371e+00 2.913000000000000034e-01 -7.699999999999999900e-02 -2.070000000000000173e-01
4.218700000000000117e+00 2.913000000000000034e-01 -8.130000000000001115e-02 -2.682999999999999829e-01
4.382299999999999862e+00 2.913000000000000034e-01 -8.959999999999999909e-02 -2.160500000000000198e-01
4.546000000000000263e+00 2.913000000000000034e-01 -8.719999999999999973e-02 -2.200999999999999901e-01
4.709600000000000009e+00 2.913000000000000034e-01 -8.410000000000000808e-02 -3.071000000000000396e-01
4.873300000000000409e+00 2.913000000000000034e-01 -8.179999999999999771e-02 -2.419999999999999929e-02
5.036900000000000155e+00 2.913000000000000034e-01 -7.985000000000000431e-02 -2.270000000000000143e-02
5.200599999999999667e+00 2.913000000000000034e-01 -5.149999999999999717e-02 5.279999999999999971e-02
5.364200000000000301e+00 2.913000000000000034e-01 -8.304999999999999882e-02 -2.929999999999999966e-02
5.527800000000000047e+00 2.913000000000000034e-01 -6.020000000000000351e-02 3.955000000000000182e-02
5.691499999999999559e+00 2.913000000000000034e-01 -3.950000000000000039e-02 5.040000000000000036e-02
5.855100000000000193e+00 2.913000000000000034e-01 -3.280000000000000276e-02 4.149999999999999523e-02
6.018799999999999706e+00 2.913000000000000034e-01 -6.704999999999999849e-02 5.480000000000000149e-02
6.182400000000000340e+00 2.913000000000000034e-01 -1.015999999999999959e-01 3.769999999999999740e-02
6.346099999999999852e+00 2.913000000000000034e-01 -9.049999999999999711e-02 6.370000000000000662e-02
6.509699999999999598e+00 2.913000000000000034e-01 -4.415000000000000174e-02 3.150000000000000022e-02
6.673300000000000232e+00 2.913000000000000034e-01 -4.820000000000000673e-02 3.660000000000000059e-02
6.836999999999999744e+00 2.913000000000000034e-01 -4.044999999999999984e-02 3.360000000000000486e-02
7.000600000000000378e+00 2.913000000000000034e-01 -7.700000000000000247e-03 1.640000000000000138e-02
7.164299999999999891e+00 2.913000000000000034e-01 1.764999999999999902e-02 1.534999999999999906e-02
7.327899999999999636e+00 2.913000000000000034e-01 -8.449999999999999178e-03 3.239999999999999825e-02
1.275999999999999912e-01 1.275999999999999912e-01 5.995000000000000329e-02 -1.684999999999999831e-01
2.913000000000000034e-01 1.275999999999999912e-01 4.370000000000000273e-02 -1.660499999999999754e-01
4.549000000000000266e-01 1.275999999999999912e-01 4.964999999999999969e-02 -1.867000000000000048e-01
6.186000000000000387e-01 1.275999999999999912e-01 3.520000000000000212e-02 -1.929000000000000159e-01
7.822000000000000064e-01 1.275999999999999912e-01 3.629999999999999893e-02 -2.208499999999999908e-01
9.458999999999999631e-01 1.275999999999999912e-01 3.565000000000000113e-02 -2.164500000000000035e-01
1.109499999999999931e+00 1.275999999999999912e-01 3.279999999999999583e-02 -2.143999999999999795e-01
1.273099999999999898e+00 1.275999999999999912e-01 2.585000000000000145e-02 -2.555499999999999994e-01
1.436800000000000077e+00 1.275999999999999912e-01 2.005000000000000185e-02 -2.549500000000000099e-01
1.600400000000000045e+00 1.275999999999999912e-01 1.515000000000000027e-02 -2.505999999999999894e-01
1.764100000000000001e+00 1.275999999999999912e-01 5.550000000000001113e-03 -2.580500000000000016e-01
1.927699999999999969e+00 1.275999999999999912e-01 -2.550000000000001051e-03 -2.429499999999999993e-01
2.091400000000000148e+00 1.275999999999999912e-01 -7.650000000000000550e-03 -2.434499999999999997e-01
2.254999999999999893e+00 1.275999999999999912e-01 -1.745000000000000023e-02 -2.434999999999999942e-01
2.418600000000000083e+00 1.275999999999999912e-01 -2.920000000000000026e-02 -2.555499999999999994e-01
2.582300000000000040e+00 1.275999999999999912e-01 -3.905000000000000138e-02 -2.608000000000000318e-01
2.745899999999999785e+00 1.275999999999999912e-01 -4.039999999999999841e-02 -2.792499999999999982e-01
2.909600000000000186e+00 1.275999999999999912e-01 -2.960000000000000131e-02 -2.902000000000000135e-01
3.073199999999999932e+00 1.275999999999999912e-01 -4.089999999999999886e-02 -2.836500000000000132e-01
3.236800000000000122e+00 1.275999999999999912e-01 -5.670000000000000040e-02 -2.644500000000000184e-01
3.400500000000000078e+00 1.275999999999999912e-01 -6.185000000000000220e-02 -2.727999999999999869e-01
3.564099999999999824e+00 1.275999999999999912e-01 -5.605000000000000260e-02 -2.923999999999999932e-01
3.727799999999999780e+00 1.275999999999999912e-01 -5.244999999999999662e-02 -3.030500000000000416e-01
3.891399999999999970e+00 1.275999999999999912e-01 -6.105000000000000704e-02 -2.868999999999999884e-01
4.055100000000000371e+00 1.275999999999999912e-01 -7.434999999999999942e-02 -2.702999999999999847e-01
4.218700000000000117e+00 1.275999999999999912e-01 -6.210000000000000242e-02 -3.352500000000000480e-01
4.382299999999999862e+00 1.275999999999999912e-01 -8.310000000000000719e-02 -1.961499999999999910e-01
4.546000000000000263e+00 1.275999999999999912e-01 -6.829999999999999960e-02 -8.135000000000000564e-02
4.709600000000000009e+00 1.275999999999999912e-01 -6.110000000000000153e-02 -5.494999999999999885e-02
4.873300000000000409e+00 1.275999999999999912e-01 -6.335000000000000353e-02 -7.155000000000000249e-02
5.036900000000000155e+00 1.275999999999999912e-01 -5.455000000000000127e-02 2.740000000000000074e-02
5.200599999999999667e+00 1.275999999999999912e-01 -1.590000000000000094e-02 4.470000000000000362e-02
5.364200000000000301e+00 1.275999999999999912e-01 -3.749999999999999861e-02 1.615000000000000116e-02
5.527800000000000047e+00 1.275999999999999912e-01 -4.064999999999999863e-02 1.734999999999999737e-02
5.691499999999999559e+00 1.275999999999999912e-01 -2.560000000000000123e-02 1.600000000000000033e-02
5.855100000000000193e+00 1.275999999999999912e-01 -5.800000000000000468e-03 1.970000000000000223e-02
6.018799999999999706e+00 1.275999999999999912e-01 -4.864999999999999880e-02 3.105000000000000121e-02
6.182400000000000340e+00 1.275999999999999912e-01 -4.354999999999999843e-02 3.395000000000000101e-02
6.346099999999999852e+00 1.275999999999999912e-01 -6.550000000000000266e-02 5.310000000000000137e-02
6.509699999999999598e+00 1.275999999999999912e-01 1.499999999999999598e-04 2.620000000000000107e-02
6.673300000000000232e+00 1.275999999999999912e-01 1.094999999999999966e-02 8.799999999999998795e-03
6.836999999999999744e+00 1.275999999999999912e-01 1.200000000000000025e-02 1.499999999999999944e-02
7.000600000000000378e+00 1.275999999999999912e-01 3.414999999999999980e-02 -2.999999999999999195e-04
7.164299999999999891e+00 1.275999999999999912e-01 2.745000000000000218e-02 1.599999999999999860e-03
7.327899999999999636e+00 1.275999999999999912e-01 2.315000000000000044e-02 1.724999999999999797e-02
