1.275999999999999912e-01 1.927699999999999969e+00 3.249999999999999851e-03 6.199999999999999782e-03
2.913000000000000034e-01 1.927699999999999969e+00 3.849999999999999690e-03 6.899999999999999883e-03
4.549000000000000266e-01 1.927699999999999969e+00 7.499999999999999072e-04 7.799999999999999642e-03
6.186000000000000387e-01 1.927699999999999969e+00 -5.749999999999999903e-03 1.190000000000000085e-02
7.822000000000000064e-01 1.927699999999999969e+00 -8.099999999999999561e-03 1.434999999999999817e-02
9.458999999999999631e-01 1.927699999999999969e+00 -7.800000000000000509e-03 1.110000000000000049e-02
1.109499999999999931e+00 1.927699999999999969e+00 -1.225000000000000047e-02 1.179999999999999973e-02
1.273099999999999898e+00 1.927699999999999969e+00 -9.799999999999999684e-03 1.074999999999999914e-02
1.436800000000000077e+00 1.927699999999999969e+00 -5.949999999999999560e-03 5.050000000000000669e-03
1.600400000000000045e+00 1.927699999999999969e+00 -1.455000000000000043e-02 8.550000000000000308e-03
1.764100000000000001e+00 1.927699999999999969e+00 -1.940000000000000058e-02 1.105000000000000079e-02
1.927699999999999969e+00 1.927699999999999969e+00 -9.650000000000000591e-03 5.449999999999999983e-03
2.091400000000000148e+00 1.927699999999999969e+00 -9.650000000000000591e-03 5.100000000000000366e-03
2.254999999999999893e+00 1.927699999999999969e+00 -5.100000000000000366e-03 4.250000000000000305e-03
2.418600000000000083e+00 1.927699999999999969e+00 -6.650000000000000529e-03 5.199999999999999761e-03
2.582300000000000040e+00 1.927699999999999969e+00 -6.499999999999999702e-03 4.349999999999999700e-03
2.745899999999999785e+00 1.927699999999999969e+00 -7.250000000000000368e-03 2.050000000000000173e-03
2.909600000000000186e+00 1.927699999999999969e+00 -8.300000000000000086e-03 3.199999999999999720e-03
3.073199999999999932e+00 1.927699999999999969e+00 -1.225000000000000047e-02 7.299999999999999198e-03
3.236800000000000122e+00 1.927699999999999969e+00 -1.194999999999999882e-02 6.649999999999999661e-03
3.400500000000000078e+00 1.927699999999999969e+00 -7.849999999999999339e-03 7.150000000000000105e-03
3.564099999999999824e+00 1.927699999999999969e+00 -6.099999999999999520e-03 7.400000000000000328e-03
3.727799999999999780e+00 1.927699999999999969e+00 -6.899999999999999883e-03 6.899999999999999883e-03
3.891399999999999970e+00 1.927699999999999969e+00 -1.000000000000000021e-03 5.600000000000000810e-03
4.055100000000000371e+00 1.927699999999999969e+00 -3.400000000000000244e-03 4.400000000000000265e-03
4.218700000000000117e+00 1.927699999999999969e+00 -6.000000000000000125e-03 5.350000000000000588e-03
4.382299999999999862e+00 1.927699999999999969e+00 -2.400000000000000223e-03 5.150000000000000064e-03
4.546000000000000263e+00 1.927699999999999969e+00 3.500000000000000073e-03 3.650000000000000033e-03
4.709600000000000009e+00 1.927699999999999969e+00 2.399999999999999790e-03 1.399999999999999986e-03
4.873300000000000409e+00 1.927699999999999969e+00 3.399999999999999811e-03 -1.799999999999999951e-03
5.036900000000000155e+00 1.927699999999999969e+00 5.800000000000001335e-03 -2.299999999999999961e-03
5.200599999999999667e+00 1.927699999999999969e+00 3.549999999999999337e-03 -3.050000000000000194e-03
5.364200000000000301e+00 1.927699999999999969e+00 4.399999999999999398e-03 -5.100000000000000366e-03
5.527800000000000047e+00 1.927699999999999969e+00 2.150000000000000001e-03 -6.700000000000000226e-03
5.691499999999999559e+00 1.927699999999999969e+00 7.500000000000006661e-04 -7.150000000000000105e-03
5.855100000000000193e+00 1.927699999999999969e+00 2.450000000000000788e-03 -8.550000000000000308e-03
6.018799999999999706e+00 1.927699999999999969e+00 4.499999999999999660e-03 -6.700000000000000226e-03
6.182400000000000340e+00 1.927699999999999969e+00 3.600000000000000769e-03 -8.399999999999999481e-03
6.346099999999999852e+00 1.927699999999999969e+00 1.950000000000000344e-03 -1.089999999999999997e-02
6.509699999999999598e+00 1.927699999999999969e+00 5.899999999999998995e-03 -1.004999999999999991e-02
6.673300000000000232e+00 1.927699999999999969e+00 3.250000000000000284e-03 -1.080000000000000057e-02
6.836999999999999744e+00 1.927699999999999969e+00 5.549999999999999378e-03 -1.055000000000000035e-02
7.000600000000000378e+00 1.927699999999999969e+00 7.599999999999999117e-03 -1.155000000000000124e-02
7.164299999999999891e+00 1.927699999999999969e+00 6.799999999999999621e-03 -1.219999999999999904e-02
7.327899999999999636e+00 1.927699999999999969e+00 6.549999999999999399e-03 -1.179999999999999973e-02
1.275999999999999912e-01 1.764100000000000001e+00 -1.950000000000000127e-03 1.215000000000000108e-02
2.913000000000000034e-01 1.764100000000000001e+00 6.949999999999999581e-03 8.899999999999999925e-03
4.549000000000000266e-01 1.764100000000000001e+00 4.199999999999999740e-03 6.349999999999999742e-03
6.186000000000000387e-01 1.764100000000000001e+00 -3.850000000000000124e-03 1.264999999999999979e-02
7.822000000000000064e-01 1.764100000000000001e+00 1.549999999999999946e-03 1.294999999999999971e-02
9.458999999999999631e-01 1.764100000000000001e+00 3.999999999999997481e-04 9.950000000000000511e-03
1.109499999999999931e+00 1.764100000000000001e+00 -1.034999999999999983e-02 1.099999999999999936e-02
1.273099999999999898e+00 1.764100000000000001e+00 -1.675000000000000100e-02 1.425000000000000051e-02
1.436800000000000077e+00 1.764100000000000001e+00 -1.050000000000000065e-02 8.949999999999999623e-03
1.600400000000000045e+00 1.764100000000000001e+00 -1.609999999999999973e-02 9.899999999999999079e-03
1.764100000000000001e+00 1.764100000000000001e+00 -1.739999999999999880e-02 1.049999999999999892e-02
1.927699999999999969e+00 1.764100000000000001e+00 -9.700000000000000289e-03 6.400000000000000307e-03
2.091400000000000148e+00 1.764100000000000001e+00 -2.749999999999999840e-03 3.499999999999999639e-03
2.254999999999999893e+00 1.764100000000000001e+00 -4.300000000000000003e-03 5.249999999999999459e-03
2.418600000000000083e+00 1.764100000000000001e+00 -1.165000000000000063e-02 8.049999999999999864e-03
2.582300000000000040e+00 1.764100000000000001e+00 -6.000000000000000125e-03 5.549999999999999378e-03
2.745899999999999785e+00 1.764100000000000001e+00 -7.450000000000000025e-03 4.599999999999999922e-03
2.909600000000000186e+00 1.764100000000000001e+00 -9.950000000000000511e-03 5.199999999999999761e-03
3.073199999999999932e+00 1.764100000000000001e+00 -1.089999999999999997e-02 6.300000000000000044e-03
3.236800000000000122e+00 1.764100000000000001e+00 -4.399999999999999398e-03 5.899999999999999863e-03
3.400500000000000078e+00 1.764100000000000001e+00 -4.800000000000000447e-03 6.099999999999999520e-03
3.564099999999999824e+00 1.764100000000000001e+00 -6.749999999999999924e-03 7.199999999999999803e-03
3.727799999999999780e+00 1.764100000000000001e+00 -7.450000000000000025e-03 7.150000000000000105e-03
3.891399999999999970e+00 1.764100000000000001e+00 -2.700000000000000143e-03 6.049999999999999822e-03
4.055100000000000371e+00 1.764100000000000001e+00 -2.700000000000000143e-03 5.150000000000000064e-03
4.218700000000000117e+00 1.764100000000000001e+00 -3.250000000000000284e-03 6.899999999999999883e-03
4.382299999999999862e+00 1.764100000000000001e+00 -4.000000000000001818e-04 5.799999999999999600e-03
4.546000000000000263e+00 1.764100000000000001e+00 3.049999999999999760e-03 4.850000000000000144e-03
4.709600000000000009e+00 1.764100000000000001e+00 2.599999999999999881e-03 2.150000000000000001e-03
4.873300000000000409e+00 1.764100000000000001e+00 3.350000000000000547e-03 9.999999999999982861e-05
5.036900000000000155e+00 1.764100000000000001e+00 8.050000000000001599e-03 -3.999999999999999650e-04
5.200599999999999667e+00 1.764100000000000001e+00 4.899999999999999842e-03 -2.150000000000000001e-03
5.364200000000000301e+00 1.764100000000000001e+00 4.399999999999999398e-03 -5.700000000000000205e-03
5.527800000000000047e+00 1.764100000000000001e+00 4.399999999999999398e-03 -6.249999999999999480e-03
5.691499999999999559e+00 1.764100000000000001e+00 5.400000000000000286e-03 -5.049999999999999802e-03
5.855100000000000193e+00 1.764100000000000001e+00 7.049999999999999843e-03 -8.550000000000000308e-03
6.018799999999999706e+00 1.764100000000000001e+00 5.149999999999999196e-03 -7.900000000000000772e-03
6.182400000000000340e+00 1.764100000000000001e+00 5.999999999999999258e-03 -8.699999999999999400e-03
6.346099999999999852e+00 1.764100000000000001e+00 4.049999999999999781e-03 -1.064999999999999974e-02
6.509699999999999598e+00 1.764100000000000001e+00 5.049999999999998934e-03 -1.055000000000000035e-02
6.673300000000000232e+00 1.764100000000000001e+00 6.349999999999999742e-03 -1.055000000000000035e-02
6.836999999999999744e+00 1.764100000000000001e+00 6.749999999999999056e-03 -1.099999999999999936e-02
7.000600000000000378e+00 1.764100000000000001e+00 7.049999999999999843e-03 -1.195000000000000055e-02
7.164299999999999891e+00 1.764100000000000001e+00 8.750000000000000833e-03 -1.325000000000000136e-02
7.327899999999999636e+00 1.764100000000000001e+00 9.399999999999998634e-03 -1.545000000000000019e-02
1.275999999999999912e-01 1.600400000000000045e+00 -4.399999999999999398e-03 1.694999999999999979e-02
2.913000000000000034e-01 1.600400000000000045e+00 1.100000000000000066e-03 1.430000000000000021e-02
4.549000000000000266e-01 1.600400000000000045e+00 -3.449999999999999508e-03 1.779999999999999985e-02
6.186000000000000387e-01 1.600400000000000045e+00 -8.600000000000000006e-03 1.984999999999999959e-02
7.822000000000000064e-01 1.600400000000000045e+00 2.250000000000000264e-03 1.354999999999999954e-02
9.458999999999999631e-01 1.600400000000000045e+00 2.749999999999999840e-03 1.134999999999999898e-02
1.109499999999999931e+00 1.600400000000000045e+00 -3.849999999999999690e-03 1.055000000000000035e-02
1.273099999999999898e+00 1.600400000000000045e+00 -1.549999999999999989e-02 1.524999999999999967e-02
1.436800000000000077e+00 1.600400000000000045e+00 -1.080000000000000057e-02 1.404999999999999999e-02
1.600400000000000045e+00 1.600400000000000045e+00 -8.600000000000000006e-03 1.149999999999999981e-02
1.764100000000000001e+00 1.600400000000000045e+00 -1.089999999999999997e-02 1.310000000000000053e-02
1.927699999999999969e+00 1.600400000000000045e+00 -9.100000000000000450e-03 1.084999999999999853e-02
2.091400000000000148e+00 1.600400000000000045e+00 -3.350000000000000113e-03 6.500000000000000569e-03
2.254999999999999893e+00 1.600400000000000045e+00 -5.649999999999999641e-03 7.050000000000000711e-03
2.418600000000000083e+00 1.600400000000000045e+00 -5.949999999999999560e-03 3.699999999999999730e-03
2.582300000000000040e+00 1.600400000000000045e+00 -5.599999999999999943e-03 2.150000000000000001e-03
2.745899999999999785e+00 1.600400000000000045e+00 -9.050000000000000752e-03 6.700000000000000226e-03
2.909600000000000186e+00 1.600400000000000045e+00 -8.550000000000000308e-03 5.899999999999999863e-03
3.073199999999999932e+00 1.600400000000000045e+00 -8.850000000000000228e-03 5.599999999999999943e-03
3.236800000000000122e+00 1.600400000000000045e+00 -4.300000000000000003e-03 5.850000000000000165e-03
3.400500000000000078e+00 1.600400000000000045e+00 -8.600000000000000006e-03 7.150000000000000105e-03
3.564099999999999824e+00 1.600400000000000045e+00 -5.700000000000000205e-03 6.500000000000000569e-03
3.727799999999999780e+00 1.600400000000000045e+00 -6.650000000000000529e-03 8.449999999999999178e-03
3.891399999999999970e+00 1.600400000000000045e+00 -5.050000000000000669e-03 6.749999999999999924e-03
4.055100000000000371e+00 1.600400000000000045e+00 -2.299999999999999961e-03 8.449999999999999178e-03
4.218700000000000117e+00 1.600400000000000045e+00 -3.349999999999999679e-03 6.850000000000000186e-03
4.382299999999999862e+00 1.600400000000000045e+00 -8.500000000000000611e-04 5.100000000000000366e-03
4.546000000000000263e+00 1.600400000000000045e+00 3.699999999999999730e-03 4.699999999999999317e-03
4.709600000000000009e+00 1.600400000000000045e+00 3.700000000000000164e-03 2.949999999999999931e-03
4.873300000000000409e+00 1.600400000000000045e+00 5.449999999999999983e-03 2.150000000000000001e-03
5.036900000000000155e+00 1.600400000000000045e+00 6.250000000000000347e-03 6.999999999999998845e-04
5.200599999999999667e+00 1.600400000000000045e+00 4.550000000000000225e-03 -2.199999999999999699e-03
5.364200000000000301e+00 1.600400000000000045e+00 4.149999999999999176e-03 -5.100000000000000366e-03
5.527800000000000047e+00 1.600400000000000045e+00 6.250000000000000347e-03 -6.949999999999999581e-03
5.691499999999999559e+00 1.600400000000000045e+00 1.020000000000000073e-02 -6.000000000000000125e-03
5.855100000000000193e+00 1.600400000000000045e+00 7.699999999999999380e-03 -7.249999999999999500e-03
6.018799999999999706e+00 1.600400000000000045e+00 4.349999999999999700e-03 -8.500000000000000611e-03
6.182400000000000340e+00 1.600400000000000045e+00 6.450000000000000004e-03 -8.600000000000000006e-03
6.346099999999999852e+00 1.600400000000000045e+00 6.300000000000000044e-03 -7.849999999999999339e-03
6.509699999999999598e+00 1.600400000000000045e+00 5.600000000000000810e-03 -7.549999999999999420e-03
6.673300000000000232e+00 1.600400000000000045e+00 8.649999999999999703e-03 -9.649999999999998856e-03
6.836999999999999744e+00 1.600400000000000045e+00 8.600000000000000006e-03 -1.109999999999999876e-02
7.000600000000000378e+00 1.600400000000000045e+00 7.900000000000000772e-03 -1.225000000000000047e-02
7.164299999999999891e+00 1.600400000000000045e+00 1.030000000000000013e-02 -1.435000000000000164e-02
7.327899999999999636e+00 1.600400000000000045e+00 8.750000000000000833e-03 -1.294999999999999971e-02
1.275999999999999912e-01 1.436800000000000077e+00 -1.400000000000000029e-02 2.330000000000000127e-02
2.913000000000000034e-01 1.436800000000000077e+00 -6.200000000000000649e-03 2.210000000000000159e-02
4.549000000000000266e-01 1.436800000000000077e+00 -1.089999999999999997e-02 2.559999999999999776e-02
6.186000000000000387e-01 1.436800000000000077e+00 -1.600000000000000033e-02 2.890000000000000208e-02
7.822000000000000064e-01 1.436800000000000077e+00 -4.899999999999999842e-03 1.970000000000000223e-02
9.458999999999999631e-01 1.436800000000000077e+00 2.499999999999997884e-04 1.745000000000000023e-02
1.109499999999999931e+00 1.436800000000000077e+00 -4.500000000000000527e-03 1.580000000000000154e-02
1.273099999999999898e+00 1.436800000000000077e+00 -8.550000000000000308e-03 1.694999999999999979e-02
1.436800000000000077e+00 1.436800000000000077e+00 -6.449999999999999137e-03 1.494999999999999975e-02
1.600400000000000045e+00 1.436800000000000077e+00 -2.749999999999999840e-03 1.140000000000000041e-02
1.764100000000000001e+00 1.436800000000000077e+00 -7.749999999999999944e-03 1.505000000000000088e-02
1.927699999999999969e+00 1.436800000000000077e+00 -7.700000000000000247e-03 1.474999999999999922e-02
2.091400000000000148e+00 1.436800000000000077e+00 -5.000000000000000104e-03 8.600000000000000006e-03
2.254999999999999893e+00 1.436800000000000077e+00 -6.049999999999999822e-03 7.249999999999999500e-03
2.418600000000000083e+00 1.436800000000000077e+00 -5.499999999999999681e-03 6.850000000000000186e-03
2.582300000000000040e+00 1.436800000000000077e+00 -9.400000000000000369e-03 6.949999999999999581e-03
2.745899999999999785e+00 1.436800000000000077e+00 -1.129999999999999928e-02 9.700000000000000289e-03
2.909600000000000186e+00 1.436800000000000077e+00 -9.700000000000000289e-03 7.599999999999999117e-03
3.073199999999999932e+00 1.436800000000000077e+00 -9.249999999999999542e-03 6.850000000000000186e-03
3.236800000000000122e+00 1.436800000000000077e+00 -7.649999999999999682e-03 6.599999999999999964e-03
3.400500000000000078e+00 1.436800000000000077e+00 -6.450000000000000004e-03 6.250000000000000347e-03
3.564099999999999824e+00 1.436800000000000077e+00 -4.599999999999999922e-03 5.749999999999999903e-03
3.727799999999999780e+00 1.436800000000000077e+00 -4.100000000000000346e-03 8.449999999999999178e-03
3.891399999999999970e+00 1.436800000000000077e+00 -2.350000000000000526e-03 9.100000000000000450e-03
4.055100000000000371e+00 1.436800000000000077e+00 -2.749999999999999840e-03 9.000000000000001055e-03
4.218700000000000117e+00 1.436800000000000077e+00 -2.299999999999999961e-03 7.250000000000000368e-03
4.382299999999999862e+00 1.436800000000000077e+00 -1.399999999999999769e-03 6.800000000000000488e-03
4.546000000000000263e+00 1.436800000000000077e+00 3.299999999999999982e-03 5.700000000000000205e-03
4.709600000000000009e+00 1.436800000000000077e+00 6.450000000000000004e-03 4.449999999999999963e-03
4.873300000000000409e+00 1.436800000000000077e+00 7.600000000000000852e-03 2.850000000000000103e-03
5.036900000000000155e+00 1.436800000000000077e+00 6.899999999999999883e-03 2.999999999999999195e-04
5.200599999999999667e+00 1.436800000000000077e+00 6.349999999999999742e-03 -2.599999999999999881e-03
5.364200000000000301e+00 1.436800000000000077e+00 6.350000000000000609e-03 -5.599999999999999943e-03
5.527800000000000047e+00 1.436800000000000077e+00 7.400000000000000328e-03 -6.800000000000000488e-03
5.691499999999999559e+00 1.436800000000000077e+00 1.110000000000000049e-02 -5.950000000000000427e-03
5.855100000000000193e+00 1.436800000000000077e+00 9.149999999999998412e-03 -6.150000000000000085e-03
6.018799999999999706e+00 1.436800000000000077e+00 6.650000000000000529e-03 -9.299999999999999239e-03
6.182400000000000340e+00 1.436800000000000077e+00 1.325000000000000136e-02 -7.600000000000000852e-03
6.346099999999999852e+00 1.436800000000000077e+00 1.354999999999999954e-02 -6.500000000000000569e-03
6.509699999999999598e+00 1.436800000000000077e+00 8.700000000000001135e-03 -6.800000000000000488e-03
6.673300000000000232e+00 1.436800000000000077e+00 1.200000000000000025e-02 -8.600000000000000006e-03
6.836999999999999744e+00 1.436800000000000077e+00 1.585000000000000298e-02 -7.600000000000000852e-03
7.000600000000000378e+00 1.436800000000000077e+00 1.759999999999999759e-02 -1.300000000000000114e-02
7.164299999999999891e+00 1.436800000000000077e+00 1.420000000000000082e-02 -1.669999999999999957e-02
7.327899999999999636e+00 1.436800000000000077e+00 9.499999999999999764e-03 -1.795000000000000068e-02
1.275999999999999912e-01 1.273099999999999898e+00 -1.784999999999999781e-02 3.065000000000000016e-02
2.913000000000000034e-01 1.273099999999999898e+00 -2.029999999999999860e-02 3.144999999999999879e-02
4.549000000000000266e-01 1.273099999999999898e+00 -1.154999999999999950e-02 2.734999999999999931e-02
6.186000000000000387e-01 1.273099999999999898e+00 -1.225000000000000047e-02 2.684999999999999887e-02
7.822000000000000064e-01 1.273099999999999898e+00 -2.020000000000000268e-02 3.099999999999999978e-02
9.458999999999999631e-01 1.273099999999999898e+00 -1.725000000000000144e-02 2.634999999999999842e-02
1.109499999999999931e+00 1.273099999999999898e+00 -6.499999999999999702e-04 2.004999999999999838e-02
1.273099999999999898e+00 1.273099999999999898e+00 -4.700000000000000185e-03 2.249999999999999917e-02
1.436800000000000077e+00 1.273099999999999898e+00 -1.025000000000000043e-02 2.344999999999999862e-02
1.600400000000000045e+00 1.273099999999999898e+00 -5.549999999999999378e-03 2.110000000000000070e-02
1.764100000000000001e+00 1.273099999999999898e+00 -8.000000000000000167e-03 1.995000000000000245e-02
1.927699999999999969e+00 1.273099999999999898e+00 -4.649999999999999620e-03 1.609999999999999973e-02
2.091400000000000148e+00 1.273099999999999898e+00 -3.099999999999999891e-03 1.339999999999999872e-02
2.254999999999999893e+00 1.273099999999999898e+00 -3.899999999999999821e-03 1.034999999999999983e-02
2.418600000000000083e+00 1.273099999999999898e+00 -7.100000000000000408e-03 1.030000000000000013e-02
2.582300000000000040e+00 1.273099999999999898e+00 -8.500000000000000611e-03 7.949999999999998734e-03
2.745899999999999785e+00 1.273099999999999898e+00 -9.400000000000000369e-03 8.049999999999999864e-03
2.909600000000000186e+00 1.273099999999999898e+00 -1.109999999999999876e-02 7.949999999999998734e-03
3.073199999999999932e+00 1.273099999999999898e+00 -7.450000000000000025e-03 7.100000000000000408e-03
3.236800000000000122e+00 1.273099999999999898e+00 -7.300000000000000065e-03 6.699999999999999359e-03
3.400500000000000078e+00 1.273099999999999898e+00 -5.550000000000000246e-03 5.199999999999999761e-03
3.564099999999999824e+00 1.273099999999999898e+00 -4.950000000000000407e-03 6.099999999999999520e-03
3.727799999999999780e+00 1.273099999999999898e+00 -4.949999999999999539e-03 8.049999999999999864e-03
3.891399999999999970e+00 1.273099999999999898e+00 -4.850000000000000144e-03 8.550000000000000308e-03
4.055100000000000371e+00 1.273099999999999898e+00 -1.000000000000000021e-03 1.119999999999999989e-02
4.218700000000000117e+00 1.273099999999999898e+00 -3.500000000000000507e-04 8.500000000000000611e-03
4.382299999999999862e+00 1.273099999999999898e+00 1.550000000000000162e-03 8.699999999999999400e-03
4.546000000000000263e+00 1.273099999999999898e+00 4.150000000000000043e-03 5.700000000000000205e-03
4.709600000000000009e+00 1.273099999999999898e+00 7.749999999999999944e-03 4.850000000000000144e-03
4.873300000000000409e+00 1.273099999999999898e+00 7.150000000000000105e-03 2.000000000000000042e-03
5.036900000000000155e+00 1.273099999999999898e+00 6.550000000000000266e-03 -1.099999999999999849e-03
5.200599999999999667e+00 1.273099999999999898e+00 1.149999999999999981e-02 -2.949999999999999931e-03
5.364200000000000301e+00 1.273099999999999898e+00 1.434999999999999991e-02 -4.400000000000000265e-03
5.527800000000000047e+00 1.273099999999999898e+00 1.450000000000000074e-02 -5.699999999999999338e-03
5.691499999999999559e+00 1.273099999999999898e+00 1.210000000000000138e-02 -5.550000000000000246e-03
5.855100000000000193e+00 1.273099999999999898e+00 1.179999999999999973e-02 -5.749999999999999903e-03
6.018799999999999706e+00 1.273099999999999898e+00 1.544999999999999846e-02 -7.300000000000000065e-03
6.182400000000000340e+00 1.273099999999999898e+00 1.685000000000000039e-02 -6.049999999999999822e-03
6.346099999999999852e+00 1.273099999999999898e+00 1.385000000000000120e-02 -9.150000000000000147e-03
6.509699999999999598e+00 1.273099999999999898e+00 1.275000000000000092e-02 -1.069999999999999944e-02
6.673300000000000232e+00 1.273099999999999898e+00 1.864999999999999991e-02 -8.000000000000000167e-03
6.836999999999999744e+00 1.273099999999999898e+00 2.245000000000000120e-02 -8.649999999999999703e-03
7.000600000000000378e+00 1.273099999999999898e+00 2.550000000000000183e-02 -1.115000000000000019e-02
7.164299999999999891e+00 1.273099999999999898e+00 2.239999999999999977e-02 -1.540000000000000049e-02
7.327899999999999636e+00 1.273099999999999898e+00 1.600000000000000033e-02 -1.859999999999999848e-02
1.275999999999999912e-01 1.109499999999999931e+00 -1.949999999999999997e-02 4.039999999999999841e-02
2.913000000000000034e-01 1.109499999999999931e+00 -2.129999999999999949e-02 3.625000000000000444e-02
4.549000000000000266e-01 1.109499999999999931e+00 -2.094999999999999987e-02 3.890000000000000402e-02
6.186000000000000387e-01 1.109499999999999931e+00 -1.615000000000000116e-02 4.019999999999999962e-02
7.822000000000000064e-01 1.109499999999999931e+00 -1.490000000000000005e-02 4.034999999999999698e-02
9.458999999999999631e-01 1.109499999999999931e+00 -1.924999999999999975e-02 3.704999999999999960e-02
1.109499999999999931e+00 1.109499999999999931e+00 -1.464999999999999983e-02 3.275000000000000133e-02
1.273099999999999898e+00 1.109499999999999931e+00 -7.749999999999999944e-03 3.099999999999999978e-02
1.436800000000000077e+00 1.109499999999999931e+00 -1.329999999999999932e-02 3.065000000000000016e-02
1.600400000000000045e+00 1.109499999999999931e+00 -1.360000000000000098e-02 3.024999999999999911e-02
1.764100000000000001e+00 1.109499999999999931e+00 -1.314999999999999850e-02 2.674999999999999947e-02
1.927699999999999969e+00 1.109499999999999931e+00 -3.599999999999999901e-03 2.029999999999999860e-02
2.091400000000000148e+00 1.109499999999999931e+00 -6.199999999999999782e-03 1.700000000000000122e-02
2.254999999999999893e+00 1.109499999999999931e+00 -4.850000000000000144e-03 1.080000000000000057e-02
2.418600000000000083e+00 1.109499999999999931e+00 -5.150000000000000064e-03 8.949999999999999623e-03
2.582300000000000040e+00 1.109499999999999931e+00 -5.899999999999999863e-03 1.024999999999999870e-02
2.745899999999999785e+00 1.109499999999999931e+00 -5.200000000000000629e-03 7.499999999999999722e-03
2.909600000000000186e+00 1.109499999999999931e+00 -6.949999999999999581e-03 6.599999999999999964e-03
3.073199999999999932e+00 1.109499999999999931e+00 -6.649999999999999661e-03 7.249999999999999500e-03
3.236800000000000122e+00 1.109499999999999931e+00 -5.749999999999999903e-03 7.150000000000000105e-03
3.400500000000000078e+00 1.109499999999999931e+00 -7.600000000000000852e-03 7.450000000000000025e-03
3.564099999999999824e+00 1.109499999999999931e+00 -6.450000000000000872e-03 7.549999999999999420e-03
3.727799999999999780e+00 1.109499999999999931e+00 -7.249999999999999500e-03 9.649999999999998856e-03
3.891399999999999970e+00 1.109499999999999931e+00 -2.299999999999999961e-03 1.515000000000000027e-02
4.055100000000000371e+00 1.109499999999999931e+00 -1.000000000000000454e-04 1.354999999999999954e-02
4.218700000000000117e+00 1.109499999999999931e+00 2.000000000000000909e-04 1.375000000000000007e-02
4.382299999999999862e+00 1.109499999999999931e+00 4.049999999999999781e-03 1.615000000000000116e-02
4.546000000000000263e+00 1.109499999999999931e+00 7.549999999999999420e-03 1.099999999999999936e-02
4.709600000000000009e+00 1.109499999999999931e+00 9.750000000000001721e-03 6.550000000000000266e-03
4.873300000000000409e+00 1.109499999999999931e+00 1.069999999999999944e-02 2.850000000000000103e-03
5.036900000000000155e+00 1.109499999999999931e+00 1.094999999999999966e-02 -9.999999999999995871e-04
5.200599999999999667e+00 1.109499999999999931e+00 1.565000000000000072e-02 -3.500000000000000507e-04
5.364200000000000301e+00 1.109499999999999931e+00 1.609999999999999973e-02 -3.799999999999999559e-03
5.527800000000000047e+00 1.109499999999999931e+00 1.630000000000000199e-02 -5.799999999999999600e-03
5.691499999999999559e+00 1.109499999999999931e+00 1.714999999999999858e-02 -6.100000000000000387e-03
5.855100000000000193e+00 1.109499999999999931e+00 1.490000000000000005e-02 -6.550000000000000266e-03
6.018799999999999706e+00 1.109499999999999931e+00 1.650000000000000078e-02 -6.850000000000000186e-03
6.182400000000000340e+00 1.109499999999999931e+00 1.825000000000000233e-02 -4.300000000000000003e-03
6.346099999999999852e+00 1.109499999999999931e+00 1.479999999999999892e-02 -5.199999999999999761e-03
6.509699999999999598e+00 1.109499999999999931e+00 1.965000000000000080e-02 -8.349999999999999784e-03
6.673300000000000232e+00 1.109499999999999931e+00 2.629999999999999699e-02 -6.899999999999999883e-03
6.836999999999999744e+00 1.109499999999999931e+00 2.910000000000000087e-02 -9.899999999999999079e-03
7.000600000000000378e+00 1.109499999999999931e+00 3.200000000000000067e-02 -1.165000000000000063e-02
7.164299999999999891e+00 1.109499999999999931e+00 2.794999999999999915e-02 -1.464999999999999983e-02
7.327899999999999636e+00 1.109499999999999931e+00 2.259999999999999856e-02 -2.000000000000000042e-02
1.275999999999999912e-01 9.458999999999999631e-01 -2.259999999999999856e-02 5.600000000000000117e-02
2.913000000000000034e-01 9.458999999999999631e-01 -2.340000000000000066e-02 5.215000000000000191e-02
4.549000000000000266e-01 9.458999999999999631e-01 -2.609999999999999820e-02 5.070000000000000201e-02
6.186000000000000387e-01 9.458999999999999631e-01 -1.490000000000000005e-02 4.744999999999999912e-02
7.822000000000000064e-01 9.458999999999999631e-01 -1.789999999999999925e-02 4.574999999999999900e-02
9.458999999999999631e-01 9.458999999999999631e-01 -1.874999999999999931e-02 4.744999999999999912e-02
1.109499999999999931e+00 9.458999999999999631e-01 -1.515000000000000027e-02 4.529999999999999999e-02
1.273099999999999898e+00 9.458999999999999631e-01 -1.934999999999999915e-02 4.619999999999999801e-02
1.436800000000000077e+00 9.458999999999999631e-01 -2.149999999999999828e-02 4.324999999999999678e-02
1.600400000000000045e+00 9.458999999999999631e-01 -1.685000000000000039e-02 4.109999999999999765e-02
1.764100000000000001e+00 9.458999999999999631e-01 -1.055000000000000035e-02 3.694999999999999674e-02
1.927699999999999969e+00 9.458999999999999631e-01 -8.949999999999999623e-03 3.300000000000000155e-02
2.091400000000000148e+00 9.458999999999999631e-01 -2.500000000000000052e-03 2.100000000000000130e-02
2.254999999999999893e+00 9.458999999999999631e-01 -2.799999999999999538e-03 1.725000000000000144e-02
2.418600000000000083e+00 9.458999999999999631e-01 -3.150000000000000022e-03 1.754999999999999963e-02
2.582300000000000040e+00 9.458999999999999631e-01 -5.049999999999999802e-03 1.675000000000000100e-02
2.745899999999999785e+00 9.458999999999999631e-01 -5.850000000000000165e-03 1.319999999999999993e-02
2.909600000000000186e+00 9.458999999999999631e-01 -5.850000000000000165e-03 9.899999999999999079e-03
3.073199999999999932e+00 9.458999999999999631e-01 -6.450000000000000004e-03 9.700000000000000289e-03
3.236800000000000122e+00 9.458999999999999631e-01 -6.799999999999999621e-03 8.150000000000000994e-03
3.400500000000000078e+00 9.458999999999999631e-01 -5.549999999999999378e-03 5.599999999999999943e-03
3.564099999999999824e+00 9.458999999999999631e-01 -8.699999999999999400e-03 9.700000000000000289e-03
3.727799999999999780e+00 9.458999999999999631e-01 -4.599999999999999922e-03 1.370000000000000037e-02
3.891399999999999970e+00 9.458999999999999631e-01 -2.799999999999999972e-03 1.414999999999999938e-02
4.055100000000000371e+00 9.458999999999999631e-01 -2.500000000000000052e-04 1.444999999999999930e-02
4.218700000000000117e+00 9.458999999999999631e-01 2.800000000000000405e-03 1.820000000000000090e-02
4.382299999999999862e+00 9.458999999999999631e-01 3.249999999999999851e-03 1.540000000000000049e-02
4.546000000000000263e+00 9.458999999999999631e-01 7.650000000000000550e-03 1.319999999999999993e-02
4.709600000000000009e+00 9.458999999999999631e-01 1.565000000000000072e-02 1.244999999999999926e-02
4.873300000000000409e+00 9.458999999999999631e-01 1.745000000000000023e-02 8.949999999999999623e-03
5.036900000000000155e+00 9.458999999999999631e-01 2.015000000000000124e-02 2.399999999999999790e-03
5.200599999999999667e+00 9.458999999999999631e-01 2.324999999999999983e-02 4.000000000000001818e-04
5.364200000000000301e+00 9.458999999999999631e-01 2.330000000000000127e-02 -3.600000000000000335e-03
5.527800000000000047e+00 9.458999999999999631e-01 2.350000000000000006e-02 -7.550000000000000287e-03
5.691499999999999559e+00 9.458999999999999631e-01 2.779999999999999832e-02 -5.000000000000000104e-03
5.855100000000000193e+00 9.458999999999999631e-01 2.614999999999999963e-02 -3.350000000000000547e-03
6.018799999999999706e+00 9.458999999999999631e-01 2.450000000000000094e-02 -8.999999999999999754e-04
6.182400000000000340e+00 9.458999999999999631e-01 2.444999999999999951e-02 1.799999999999999951e-03
6.346099999999999852e+00 9.458999999999999631e-01 2.869999999999999982e-02 -5.000000000000013115e-05
6.509699999999999598e+00 9.458999999999999631e-01 3.375000000000000222e-02 -4.000000000000000083e-03
6.673300000000000232e+00 9.458999999999999631e-01 3.805000000000000049e-02 -5.850000000000000165e-03
6.836999999999999744e+00 9.458999999999999631e-01 4.304999999999999799e-02 -7.350000000000000630e-03
7.000600000000000378e+00 9.458999999999999631e-01 3.775000000000000577e-02 -1.165000000000000063e-02
7.164299999999999891e+00 9.458999999999999631e-01 3.459999999999999881e-02 -1.209999999999999964e-02
7.327899999999999636e+00 9.458999999999999631e-01 2.389999999999999764e-02 -1.814999999999999947e-02
1.275999999999999912e-01 7.822000000000000064e-01 -3.095000000000000182e-02 6.475000000000000200e-02
2.913000000000000034e-01 7.822000000000000064e-01 -4.095000000000000029e-02 6.775000000000000466e-02
4.549000000000000266e-01 7.822000000000000064e-01 -3.039999999999999994e-02 7.039999999999999036e-02
6.186000000000000387e-01 7.822000000000000064e-01 -1.690000000000000183e-02 5.999999999999999778e-02
7.822000000000000064e-01 7.822000000000000064e-01 -2.634999999999999842e-02 6.314999999999999780e-02
9.458999999999999631e-01 7.822000000000000064e-01 -2.094999999999999987e-02 6.295000000000000595e-02
1.109499999999999931e+00 7.822000000000000064e-01 -1.354999999999999954e-02 5.565000000000000502e-02
1.273099999999999898e+00 7.822000000000000064e-01 -2.104999999999999927e-02 6.404999999999999583e-02
1.436800000000000077e+00 7.822000000000000064e-01 -1.600000000000000033e-02 5.934999999999999998e-02
1.600400000000000045e+00 7.822000000000000064e-01 -9.850000000000001116e-03 5.409999999999999531e-02
1.764100000000000001e+00 7.822000000000000064e-01 -8.699999999999999400e-03 4.755000000000000199e-02
1.927699999999999969e+00 7.822000000000000064e-01 -1.074999999999999914e-02 4.735000000000000320e-02
2.091400000000000148e+00 7.822000000000000064e-01 -3.599999999999999901e-03 3.575000000000000400e-02
2.254999999999999893e+00 7.822000000000000064e-01 -3.599999999999999901e-03 2.860000000000000042e-02
2.418600000000000083e+00 7.822000000000000064e-01 -4.499999999999999660e-03 2.920000000000000026e-02
2.582300000000000040e+00 7.822000000000000064e-01 4.000000000000001818e-04 2.240000000000000324e-02
2.745899999999999785e+00 7.822000000000000064e-01 -2.449999999999999921e-03 1.909999999999999892e-02
2.909600000000000186e+00 7.822000000000000064e-01 -3.050000000000000194e-03 1.324999999999999963e-02
3.073199999999999932e+00 7.822000000000000064e-01 -4.099999999999999478e-03 1.179999999999999973e-02
3.236800000000000122e+00 7.822000000000000064e-01 -4.550000000000000225e-03 9.249999999999999542e-03
3.400500000000000078e+00 7.822000000000000064e-01 -4.199999999999999740e-03 8.899999999999999925e-03
3.564099999999999824e+00 7.822000000000000064e-01 -7.300000000000000065e-03 1.119999999999999989e-02
3.727799999999999780e+00 7.822000000000000064e-01 -2.850000000000000103e-03 1.315000000000000023e-02
3.891399999999999970e+00 7.822000000000000064e-01 -1.599999999999999860e-03 1.430000000000000021e-02
4.055100000000000371e+00 7.822000000000000064e-01 1.149999999999999981e-03 1.965000000000000080e-02
4.218700000000000117e+00 7.822000000000000064e-01 9.299999999999999239e-03 2.094999999999999987e-02
4.382299999999999862e+00 7.822000000000000064e-01 8.049999999999999864e-03 1.690000000000000183e-02
4.546000000000000263e+00 7.822000000000000064e-01 1.324999999999999963e-02 1.424999999999999878e-02
4.709600000000000009e+00 7.822000000000000064e-01 2.099999999999999784e-02 1.455000000000000043e-02
4.873300000000000409e+00 7.822000000000000064e-01 3.085000000000000242e-02 9.400000000000000369e-03
5.036900000000000155e+00 7.822000000000000064e-01 3.860000000000000236e-02 6.250000000000000347e-03
5.200599999999999667e+00 7.822000000000000064e-01 3.934999999999999609e-02 5.000000000000000104e-04
5.364200000000000301e+00 7.822000000000000064e-01 4.180000000000000382e-02 -1.249999999999999809e-03
5.527800000000000047e+00 7.822000000000000064e-01 3.230000000000000232e-02 -6.099999999999999520e-03
5.691499999999999559e+00 7.822000000000000064e-01 3.375000000000000222e-02 -5.199999999999999761e-03
5.855100000000000193e+00 7.822000000000000064e-01 3.584999999999999992e-02 -3.799999999999999559e-03
6.018799999999999706e+00 7.822000000000000064e-01 3.490000000000000047e-02 2.850000000000000103e-03
6.182400000000000340e+00 7.822000000000000064e-01 3.579999999999999849e-02 1.700000000000000122e-02
6.346099999999999852e+00 7.822000000000000064e-01 4.050000000000000128e-02 1.915000000000000036e-02
6.509699999999999598e+00 7.822000000000000064e-01 5.115000000000000102e-02 1.400000000000000203e-03
6.673300000000000232e+00 7.822000000000000064e-01 6.279999999999999472e-02 3.199999999999999720e-03
6.836999999999999744e+00 7.822000000000000064e-01 6.865000000000000269e-02 -4.200000000000000608e-03
7.000600000000000378e+00 7.822000000000000064e-01 6.719999999999999585e-02 -1.555000000000000132e-02
7.164299999999999891e+00 7.822000000000000064e-01 6.510000000000000508e-02 -2.464999999999999830e-02
7.327899999999999636e+00 7.822000000000000064e-01 7.259999999999999787e-02 -3.685000000000000081e-02
1.275999999999999912e-01 6.186000000000000387e-01 -2.550000000000000183e-02 8.860000000000001208e-02
2.913000000000000034e-01 6.186000000000000387e-01 -4.585000000000000187e-02 8.494999999999999774e-02
4.549000000000000266e-01 6.186000000000000387e-01 -3.629999999999999893e-02 8.929999999999999050e-02
6.186000000000000387e-01 6.186000000000000387e-01 -3.160000000000000309e-02 9.365000000000001101e-02
7.822000000000000064e-01 6.186000000000000387e-01 -2.550000000000000183e-02 9.124999999999999778e-02
9.458999999999999631e-01 6.186000000000000387e-01 -2.600000000000000228e-02 8.759999999999999731e-02
1.109499999999999931e+00 6.186000000000000387e-01 -1.970000000000000223e-02 7.864999999999999769e-02
1.273099999999999898e+00 6.186000000000000387e-01 -2.149999999999999828e-02 7.885000000000000342e-02
1.436800000000000077e+00 6.186000000000000387e-01 -1.784999999999999781e-02 7.839999999999999747e-02
1.600400000000000045e+00 6.186000000000000387e-01 -1.505000000000000088e-02 7.184999999999999720e-02
1.764100000000000001e+00 6.186000000000000387e-01 -1.619999999999999912e-02 6.404999999999999583e-02
1.927699999999999969e+00 6.186000000000000387e-01 -1.600000000000000033e-02 5.929999999999999855e-02
2.091400000000000148e+00 6.186000000000000387e-01 -1.449999999999999900e-03 5.015000000000000013e-02
2.254999999999999893e+00 6.186000000000000387e-01 2.000000000000000909e-04 4.839999999999999858e-02
2.418600000000000083e+00 6.186000000000000387e-01 3.399999999999999811e-03 3.865000000000000380e-02
2.582300000000000040e+00 6.186000000000000387e-01 8.000000000000000167e-03 3.085000000000000242e-02
2.745899999999999785e+00 6.186000000000000387e-01 1.899999999999999996e-03 2.790000000000000119e-02
2.909600000000000186e+00 6.186000000000000387e-01 3.299999999999999982e-03 1.909999999999999892e-02
3.073199999999999932e+00 6.186000000000000387e-01 4.800000000000000447e-03 1.505000000000000088e-02
3.236800000000000122e+00 6.186000000000000387e-01 3.500000000000000073e-03 1.105000000000000079e-02
3.400500000000000078e+00 6.186000000000000387e-01 -1.499999999999999598e-04 9.700000000000000289e-03
3.564099999999999824e+00 6.186000000000000387e-01 -1.000000000000000021e-03 1.070000000000000118e-02
3.727799999999999780e+00 6.186000000000000387e-01 7.500000000000000156e-04 1.420000000000000082e-02
3.891399999999999970e+00 6.186000000000000387e-01 2.399999999999999790e-03 1.619999999999999912e-02
4.055100000000000371e+00 6.186000000000000387e-01 6.799999999999999621e-03 2.400000000000000050e-02
4.218700000000000117e+00 6.186000000000000387e-01 1.175000000000000003e-02 2.864999999999999838e-02
4.382299999999999862e+00 6.186000000000000387e-01 1.710000000000000062e-02 2.285000000000000225e-02
4.546000000000000263e+00 6.186000000000000387e-01 2.284999999999999878e-02 2.090000000000000191e-02
4.709600000000000009e+00 6.186000000000000387e-01 2.799999999999999711e-02 2.384999999999999967e-02
4.873300000000000409e+00 6.186000000000000387e-01 4.274999999999999634e-02 1.849999999999999908e-02
5.036900000000000155e+00 6.186000000000000387e-01 5.194999999999999618e-02 7.200000000000000670e-03
5.200599999999999667e+00 6.186000000000000387e-01 5.840000000000000052e-02 5.999999999999998390e-04
5.364200000000000301e+00 6.186000000000000387e-01 6.189999999999999669e-02 -5.500000000000001416e-04
5.527800000000000047e+00 6.186000000000000387e-01 5.739999999999999269e-02 -1.250000000000000243e-03
5.691499999999999559e+00 6.186000000000000387e-01 5.790000000000000008e-02 1.149999999999999981e-03
5.855100000000000193e+00 6.186000000000000387e-01 6.275000000000000022e-02 4.700000000000000185e-03
6.018799999999999706e+00 6.186000000000000387e-01 5.949999999999999734e-02 8.149999999999999259e-03
6.182400000000000340e+00 6.186000000000000387e-01 5.605000000000000260e-02 2.145000000000000032e-02
6.346099999999999852e+00 6.186000000000000387e-01 6.464999999999999913e-02 7.100000000000000408e-03
6.509699999999999598e+00 6.186000000000000387e-01 7.249999999999999500e-02 4.800000000000000447e-03
6.673300000000000232e+00 6.186000000000000387e-01 7.489999999999999436e-02 7.750000000000000812e-03
6.836999999999999744e+00 6.186000000000000387e-01 9.740000000000000047e-02 -2.699999999999999276e-03
7.000600000000000378e+00 6.186000000000000387e-01 1.192999999999999894e-01 -1.480000000000000066e-02
7.164299999999999891e+00 6.186000000000000387e-01 1.214000000000000079e-01 -3.169999999999999901e-02
7.327899999999999636e+00 6.186000000000000387e-01 1.006999999999999978e-01 -4.884999999999999759e-02
1.275999999999999912e-01 4.549000000000000266e-01 -4.670000000000000540e-02 1.023499999999999965e-01
2.913000000000000034e-01 4.549000000000000266e-01 -4.754999999999999505e-02 1.010999999999999954e-01
4.549000000000000266e-01 4.549000000000000266e-01 -3.185000000000000331e-02 1.087499999999999994e-01
6.186000000000000387e-01 4.549000000000000266e-01 -2.825000000000000080e-02 1.137500000000000039e-01
7.822000000000000064e-01 4.549000000000000266e-01 -2.480000000000000260e-02 1.087499999999999994e-01
9.458999999999999631e-01 4.549000000000000266e-01 -3.055000000000000077e-02 1.004499999999999976e-01
1.109499999999999931e+00 4.549000000000000266e-01 -2.460000000000000034e-02 1.028499999999999970e-01
1.273099999999999898e+00 4.549000000000000266e-01 -1.754999999999999963e-02 9.715000000000000024e-02
1.436800000000000077e+00 4.549000000000000266e-01 -1.694999999999999979e-02 9.539999999999999869e-02
1.600400000000000045e+00 4.549000000000000266e-01 -6.300000000000000044e-03 9.459999999999998965e-02
1.764100000000000001e+00 4.549000000000000266e-01 -1.499999999999999814e-03 8.779999999999998916e-02
1.927699999999999969e+00 4.549000000000000266e-01 -4.499999999999999660e-03 8.055000000000001048e-02
2.091400000000000148e+00 4.549000000000000266e-01 2.750000000000000274e-03 6.725000000000000422e-02
2.254999999999999893e+00 4.549000000000000266e-01 4.749999999999999882e-03 6.370000000000000662e-02
2.418600000000000083e+00 4.549000000000000266e-01 8.850000000000000228e-03 5.324999999999999872e-02
2.582300000000000040e+00 4.549000000000000266e-01 1.494999999999999975e-02 4.304999999999999799e-02
2.745899999999999785e+00 4.549000000000000266e-01 9.749999999999999986e-03 4.120000000000000051e-02
2.909600000000000186e+00 4.549000000000000266e-01 1.389999999999999916e-02 3.159999999999999615e-02
3.073199999999999932e+00 4.549000000000000266e-01 1.379999999999999977e-02 2.484999999999999709e-02
3.236800000000000122e+00 4.549000000000000266e-01 1.089999999999999997e-02 2.284999999999999878e-02
3.400500000000000078e+00 4.549000000000000266e-01 1.020000000000000073e-02 2.025000000000000064e-02
3.564099999999999824e+00 4.549000000000000266e-01 9.150000000000000147e-03 1.729999999999999941e-02
3.727799999999999780e+00 4.549000000000000266e-01 1.419999999999999908e-02 1.460000000000000013e-02
3.891399999999999970e+00 4.549000000000000266e-01 1.439999999999999961e-02 1.395000000000000059e-02
4.055100000000000371e+00 4.549000000000000266e-01 1.954999999999999793e-02 1.820000000000000090e-02
4.218700000000000117e+00 4.549000000000000266e-01 1.890000000000000013e-02 3.175000000000000044e-02
4.382299999999999862e+00 4.549000000000000266e-01 2.649999999999999925e-02 2.899999999999999800e-02
4.546000000000000263e+00 4.549000000000000266e-01 3.554999999999999827e-02 2.700000000000000316e-02
4.709600000000000009e+00 4.549000000000000266e-01 5.029999999999999749e-02 3.234999999999999681e-02
4.873300000000000409e+00 4.549000000000000266e-01 5.954999999999999877e-02 3.049999999999999933e-02
5.036900000000000155e+00 4.549000000000000266e-01 7.449999999999999678e-02 1.524999999999999967e-02
5.200599999999999667e+00 4.549000000000000266e-01 9.789999999999998703e-02 3.750000000000000729e-03
5.364200000000000301e+00 4.549000000000000266e-01 9.404999999999999472e-02 7.099999999999999541e-03
5.527800000000000047e+00 4.549000000000000266e-01 7.184999999999999720e-02 8.099999999999999561e-03
5.691499999999999559e+00 4.549000000000000266e-01 8.390000000000000235e-02 -1.049999999999999935e-03
5.855100000000000193e+00 4.549000000000000266e-01 8.284999999999999309e-02 5.599999999999999943e-03
6.018799999999999706e+00 4.549000000000000266e-01 8.549999999999999267e-02 1.855000000000000052e-02
6.182400000000000340e+00 4.549000000000000266e-01 8.250000000000000389e-02 2.464999999999999830e-02
6.346099999999999852e+00 4.549000000000000266e-01 1.138000000000000123e-01 -2.000000000000005246e-04
6.509699999999999598e+00 4.549000000000000266e-01 1.229500000000000037e-01 4.700000000000000185e-03
6.673300000000000232e+00 4.549000000000000266e-01 1.069500000000000034e-01 2.860000000000000042e-02
6.836999999999999744e+00 4.549000000000000266e-01 1.112999999999999962e-01 4.105000000000000315e-02
7.000600000000000378e+00 4.549000000000000266e-01 1.637500000000000067e-01 1.375000000000000007e-02
7.164299999999999891e+00 4.549000000000000266e-01 1.717000000000000193e-01 -2.864999999999999838e-02
7.327899999999999636e+00 4.549000000000000266e-01 1.216499999999999942e-01 -9.620000000000000773e-02
1.275999999999999912e-01 2.913000000000000034e-01 -4.764999999999999791e-02 1.212499999999999967e-01
2.913000000000000034e-01 2.913000000000000034e-01 -5.054999999999999771e-02 1.213499999999999995e-01
4.549000000000000266e-01 2.913000000000000034e-01 -5.090000000000000080e-02 1.166999999999999982e-01
6.186000000000000387e-01 2.913000000000000034e-01 -1.899999999999999953e-02 1.484000000000000041e-01
7.822000000000000064e-01 2.913000000000000034e-01 -9.650000000000000591e-03 1.553999999999999826e-01
9.458999999999999631e-01 2.913000000000000034e-01 -1.965000000000000080e-02 1.335000000000000075e-01
1.109499999999999931e+00 2.913000000000000034e-01 -2.324999999999999983e-02 1.202499999999999958e-01
1.273099999999999898e+00 2.913000000000000034e-01 -6.550000000000000266e-03 1.318499999999999950e-01
1.436800000000000077e+00 2.913000000000000034e-01 7.500000000000000156e-04 1.259000000000000119e-01
1.600400000000000045e+00 2.913000000000000034e-01 1.949999999999999910e-03 1.127999999999999975e-01
1.764100000000000001e+00 2.913000000000000034e-01 2.150000000000000001e-03 1.029499999999999998e-01
1.927699999999999969e+00 2.913000000000000034e-01 2.200000000000000133e-03 9.725000000000000311e-02
2.091400000000000148e+00 2.913000000000000034e-01 1.439999999999999961e-02 8.694999999999999951e-02
2.254999999999999893e+00 2.913000000000000034e-01 2.239999999999999977e-02 8.515000000000000346e-02
2.418600000000000083e+00 2.913000000000000034e-01 1.364999999999999894e-02 7.125000000000000777e-02
2.582300000000000040e+00 2.913000000000000034e-01 1.994999999999999898e-02 6.529999999999999694e-02
2.745899999999999785e+00 2.913000000000000034e-01 1.759999999999999759e-02 5.600000000000000117e-02
2.909600000000000186e+00 2.913000000000000034e-01 1.275000000000000092e-02 5.150000000000000411e-02
3.073199999999999932e+00 2.913000000000000034e-01 1.879999999999999727e-02 4.605000000000000066e-02
3.236800000000000122e+00 2.913000000000000034e-01 1.954999999999999793e-02 3.604999999999999871e-02
3.400500000000000078e+00 2.913000000000000034e-01 2.165000000000000258e-02 2.895000000000000351e-02
3.564099999999999824e+00 2.913000000000000034e-01 2.085000000000000048e-02 2.879999999999999921e-02
3.727799999999999780e+00 2.913000000000000034e-01 2.435000000000000012e-02 2.044999999999999943e-02
3.891399999999999970e+00 2.913000000000000034e-01 3.644999999999999629e-02 1.134999999999999898e-02
4.055100000000000371e+00 2.913000000000000034e-01 3.130000000000000143e-02 2.079999999999999905e-02
4.218700000000000117e+00 2.913000000000000034e-01 3.454999999999999738e-02 2.684999999999999887e-02
4.382299999999999862e+00 2.913000000000000034e-01 4.379999999999999866e-02 3.185000000000000331e-02
4.546000000000000263e+00 2.913000000000000034e-01 5.970000000000000306e-02 4.029999999999999555e-02
4.709600000000000009e+00 2.913000000000000034e-01 5.955000000000000571e-02 3.540000000000000091e-02
4.873300000000000409e+00 2.913000000000000034e-01 7.805000000000000826e-02 2.620000000000000107e-02
5.036900000000000155e+00 2.913000000000000034e-01 1.120000000000000023e-01 9.799999999999999684e-03
5.200599999999999667e+00 2.913000000000000034e-01 1.203000000000000042e-01 9.299999999999999239e-03
5.364200000000000301e+00 2.913000000000000034e-01 1.299500000000000099e-01 -1.899999999999999779e-03
5.527800000000000047e+00 2.913000000000000034e-01 1.457499999999999907e-01 -1.209999999999999964e-02
5.691499999999999559e+00 2.913000000000000034e-01 1.379500000000000171e-01 -1.020000000000000073e-02
5.855100000000000193e+00 2.913000000000000034e-01 1.214999999999999969e-01 2.994999999999999746e-02
6.018799999999999706e+00 2.913000000000000034e-01 1.161500000000000032e-01 3.125000000000000000e-02
6.182400000000000340e+00 2.913000000000000034e-01 1.286999999999999811e-01 -9.950000000000000511e-03
6.346099999999999852e+00 2.913000000000000034e-01 1.449000000000000010e-01 3.669999999999999651e-02
6.509699999999999598e+00 2.913000000000000034e-01 5.229999999999999927e-02 9.499999999999994560e-03
6.673300000000000232e+00 2.913000000000000034e-01 1.293500000000000205e-01 1.749999999999999820e-02
6.836999999999999744e+00 2.913000000000000034e-01 9.545000000000000706e-02 -1.034999999999999809e-02
7.000600000000000378e+00 2.913000000000000034e-01 3.230000000000000232e-02 -5.150000000000000411e-02
7.164299999999999891e+00 2.913000000000000034e-01 4.549999999999999878e-02 -4.464999999999999525e-02
7.327899999999999636e+00 2.913000000000000034e-01 1.055500000000000049e-01 -2.110000000000000070e-02
1.275999999999999912e-01 1.275999999999999912e-01 -3.809999999999999498e-02 1.375000000000000111e-01
2.913000000000000034e-01 1.275999999999999912e-01 -4.825000000000000122e-02 1.470500000000000140e-01
4.549000000000000266e-01 1.275999999999999912e-01 -5.065000000000000058e-02 1.345000000000000084e-01
6.186000000000000387e-01 1.275999999999999912e-01 -3.860000000000000236e-02 1.353000000000000036e-01
7.822000000000000064e-01 1.275999999999999912e-01 -1.514999999999999854e-02 1.622000000000000108e-01
9.458999999999999631e-01 1.275999999999999912e-01 -2.570000000000000062e-02 1.548999999999999821e-01
1.109499999999999931e+00 1.275999999999999912e-01 -2.179999999999999993e-02 1.449500000000000233e-01
1.273099999999999898e+00 1.275999999999999912e-01 -3.000000000000000062e-03 1.654999999999999805e-01
1.436800000000000077e+00 1.275999999999999912e-01 3.199999999999999720e-03 1.455000000000000182e-01
1.600400000000000045e+00 1.275999999999999912e-01 1.004999999999999991e-02 1.361999999999999877e-01
1.764100000000000001e+00 1.275999999999999912e-01 9.049999999999999017e-03 1.251999999999999780e-01
1.927699999999999969e+00 1.275999999999999912e-01 4.000000000000001818e-04 1.165500000000000008e-01
2.091400000000000148e+00 1.275999999999999912e-01 1.484999999999999862e-02 1.066499999999999948e-01
2.254999999999999893e+00 1.275999999999999912e-01 1.590000000000000094e-02 9.265000000000001013e-02
2.418600000000000083e+00 1.275999999999999912e-01 2.414999999999999786e-02 9.085000000000000020e-02
2.582300000000000040e+00 1.275999999999999912e-01 3.840000000000000357e-02 8.505000000000000060e-02
2.745899999999999785e+00 1.275999999999999912e-01 4.370000000000000273e-02 8.519999999999999796e-02
2.909600000000000186e+00 1.275999999999999912e-01 2.305000000000000104e-02 7.109999999999999654e-02
3.073199999999999932e+00 1.275999999999999912e-01 2.514999999999999875e-02 5.360000000000000181e-02
3.236800000000000122e+00 1.275999999999999912e-01 3.765000000000000291e-02 4.950000000000000233e-02
3.400500000000000078e+00 1.275999999999999912e-01 4.619999999999999801e-02 3.445000000000000145e-02
3.564099999999999824e+00 1.275999999999999912e-01 4.645000000000000517e-02 3.849999999999999950e-02
3.727799999999999780e+00 1.275999999999999912e-01 3.899999999999999994e-02 4.635000000000000231e-02
3.891399999999999970e+00 1.275999999999999912e-01 3.234999999999999681e-02 4.835000000000000409e-02
4.055100000000000371e+00 1.275999999999999912e-01 4.779999999999999527e-02 4.320000000000000229e-02
4.218700000000000117e+00 1.275999999999999912e-01 4.719999999999999890e-02 4.914999999999999925e-02
4.382299999999999862e+00 1.275999999999999912e-01 7.925000000000000100e-02 1.795000000000000068e-02
4.546000000000000263e+00 1.275999999999999912e-01 8.105000000000001092e-02 5.734999999999999820e-02
4.709600000000000009e+00 1.275999999999999912e-01 7.835000000000000298e-02 5.639999999999999875e-02
4.873300000000000409e+00 1.275999999999999912e-01 1.685499999999999776e-01 -1.975000000000000019e-02
5.036900000000000155e+00 1.275999999999999912e-01 1.497499999999999942e-01 8.500000000000000611e-03
5.200599999999999667e+00 1.275999999999999912e-01 1.098500000000000032e-01 2.444999999999999951e-02
5.364200000000000301e+00 1.275999999999999912e-01 1.542999999999999927e-01 -2.924999999999999822e-02
5.527800000000000047e+00 1.275999999999999912e-01 1.576500000000000123e-01 -1.689999999999999836e-02
5.691499999999999559e+00 1.275999999999999912e-01 1.788000000000000145e-01 -5.795000000000000151e-02
5.855100000000000193e+00 1.275999999999999912e-01 1.925000000000000044e-01 -5.650000000000000161e-02
6.018799999999999706e+00 1.275999999999999912e-01 5.960000000000000020e-02 -2.610000000000000167e-02
6.182400000000000340e+00 1.275999999999999912e-01 1.033499999999999974e-01 5.175000000000000433e-02
6.346099999999999852e+00 1.275999999999999912e-01 -4.305000000000000493e-02 -2.310000000000000941e-02
6.509699999999999598e+00 1.275999999999999912e-01 2.039999999999999800e-02 -1.784999999999999781e-02
6.673300000000000232e+00 1.275999999999999912e-01 2.670000000000000151e-02 -1.800000000000000211e-02
6.836999999999999744e+00 1.275999999999999912e-01 4.760000000000000342e-02 -1.115000000000000019e-02
7.000600000000000378e+00 1.275999999999999912e-01 1.705000000000000265e-02 -4.460000000000000075e-02
7.164299999999999891e+00 1.275999999999999912e-01 2.469999999999999973e-02 -4.524999999999999856e-02
7.327899999999999636e+00 1.275999999999999912e-01 2.890000000000000208e-02 -4.430000000000000604e-02
