1.275999999999999912e-01 1.927699999999999969e+00 1.140000000000000041e-02 -4.504999999999999977e-02
2.913000000000000034e-01 1.927699999999999969e+00 4.950000000000000407e-03 -4.430000000000000604e-02
4.549000000000000266e-01 1.927699999999999969e+00 -1.100000000000000066e-03 -4.800000000000000100e-02
6.186000000000000387e-01 1.927699999999999969e+00 -2.400000000000000223e-03 -5.235000000000000070e-02
7.822000000000000064e-01 1.927699999999999969e+00 -9.049999999999999017e-03 -5.365000000000000324e-02
9.458999999999999631e-01 1.927699999999999969e+00 -1.639999999999999791e-02 -5.449999999999999983e-02
1.109499999999999931e+00 1.927699999999999969e+00 -2.294999999999999818e-02 -6.235000000000000264e-02
1.273099999999999898e+00 1.927699999999999969e+00 -3.859999999999999543e-02 -6.925000000000000600e-02
1.436800000000000077e+00 1.927699999999999969e+00 -2.339999999999999719e-02 -6.110000000000000153e-02
1.600400000000000045e+00 1.927699999999999969e+00 -4.274999999999999634e-02 -7.119999999999999940e-02
1.764100000000000001e+00 1.927699999999999969e+00 -5.040000000000000036e-02 -7.039999999999999036e-02
1.927699999999999969e+00 1.927699999999999969e+00 -3.965000000000000469e-02 -6.650000000000000355e-02
2.091400000000000148e+00 1.927699999999999969e+00 -3.899999999999999994e-02 -6.289999999999999758e-02
2.254999999999999893e+00 1.927699999999999969e+00 -3.780000000000000027e-02 -6.289999999999999758e-02
2.418600000000000083e+00 1.927699999999999969e+00 -4.580000000000000043e-02 -6.250000000000000000e-02
2.582300000000000040e+00 1.927699999999999969e+00 -5.250000000000000500e-02 -6.040000000000000230e-02
2.745899999999999785e+00 1.927699999999999969e+00 -5.670000000000000040e-02 -6.035000000000000087e-02
2.909600000000000186e+00 1.927699999999999969e+00 -6.029999999999999943e-02 -5.845000000000000195e-02
3.073199999999999932e+00 1.927699999999999969e+00 -6.604999999999999760e-02 -5.544999999999999929e-02
3.236800000000000122e+00 1.927699999999999969e+00 -7.954999999999999571e-02 -6.304999999999999494e-02
3.400500000000000078e+00 1.927699999999999969e+00 -7.330000000000000404e-02 -5.424999999999999267e-02
3.564099999999999824e+00 1.927699999999999969e+00 -7.405000000000000471e-02 -4.810000000000000386e-02
3.727799999999999780e+00 1.927699999999999969e+00 -8.435000000000000830e-02 -5.285000000000000114e-02
3.891399999999999970e+00 1.927699999999999969e+00 -8.299999999999999045e-02 -4.435000000000000053e-02
4.055100000000000371e+00 1.927699999999999969e+00 -8.719999999999999973e-02 -4.649999999999999967e-02
4.218700000000000117e+00 1.927699999999999969e+00 -9.709999999999999187e-02 -5.265000000000000235e-02
4.382299999999999862e+00 1.927699999999999969e+00 -9.700000000000000289e-02 -4.635000000000000231e-02
4.546000000000000263e+00 1.927699999999999969e+00 -8.734999999999999709e-02 -2.840000000000000163e-02
4.709600000000000009e+00 1.927699999999999969e+00 -9.704999999999999738e-02 -3.484999999999999903e-02
4.873300000000000409e+00 1.927699999999999969e+00 -1.044500000000000012e-01 -3.710000000000000103e-02
5.036900000000000155e+00 1.927699999999999969e+00 -1.042000000000000010e-01 -3.295000000000000012e-02
5.200599999999999667e+00 1.927699999999999969e+00 -1.012000000000000122e-01 -2.599999999999999881e-02
5.364200000000000301e+00 1.927699999999999969e+00 -1.035999999999999976e-01 -2.754999999999999810e-02
5.527800000000000047e+00 1.927699999999999969e+00 -1.055999999999999994e-01 -2.505000000000000282e-02
5.691499999999999559e+00 1.927699999999999969e+00 -1.128500000000000059e-01 -3.200000000000000067e-02
5.855100000000000193e+00 1.927699999999999969e+00 -1.055999999999999994e-01 -2.570000000000000062e-02
6.018799999999999706e+00 1.927699999999999969e+00 -9.315000000000001057e-02 -6.649999999999999661e-03
6.182400000000000340e+00 1.927699999999999969e+00 -9.529999999999999583e-02 -3.150000000000000022e-03
6.346099999999999852e+00 1.927699999999999969e+00 -1.005999999999999950e-01 -5.700000000000000205e-03
6.509699999999999598e+00 1.927699999999999969e+00 -9.734999999999999210e-02 -7.500000000000000156e-04
6.673300000000000232e+00 1.927699999999999969e+00 -9.274999999999999911e-02 6.100000000000000387e-03
6.836999999999999744e+00 1.927699999999999969e+00 -9.099999999999999756e-02 7.099999999999999541e-03
7.000600000000000378e+00 1.927699999999999969e+00 -8.410000000000000808e-02 1.215000000000000108e-02
7.164299999999999891e+00 1.927699999999999969e+00 -8.229999999999999816e-02 1.634999999999999995e-02
7.327899999999999636e+00 1.927699999999999969e+00 -8.244999999999999551e-02 1.725000000000000144e-02
1.275999999999999912e-01 1.764100000000000001e+00 9.900000000000000813e-03 -5.219999999999999640e-02
2.913000000000000034e-01 1.764100000000000001e+00 1.074999999999999914e-02 -5.125000000000000389e-02
4.549000000000000266e-01 1.764100000000000001e+00 1.050000000000000152e-03 -5.569999999999999951e-02
6.186000000000000387e-01 1.764100000000000001e+00 7.500000000000000156e-04 -5.799999999999999600e-02
7.822000000000000064e-01 1.764100000000000001e+00 1.100000000000000066e-03 -5.865000000000000074e-02
9.458999999999999631e-01 1.764100000000000001e+00 -5.350000000000000588e-03 -6.149999999999999911e-02
1.109499999999999931e+00 1.764100000000000001e+00 -1.710000000000000062e-02 -6.099999999999999867e-02
1.273099999999999898e+00 1.764100000000000001e+00 -4.229999999999999732e-02 -7.614999999999999547e-02
1.436800000000000077e+00 1.764100000000000001e+00 -3.484999999999999903e-02 -7.649999999999999856e-02
1.600400000000000045e+00 1.764100000000000001e+00 -5.000000000000000278e-02 -7.935000000000000386e-02
1.764100000000000001e+00 1.764100000000000001e+00 -4.775000000000000078e-02 -7.724999999999999922e-02
1.927699999999999969e+00 1.764100000000000001e+00 -4.680000000000000132e-02 -7.710000000000000187e-02
2.091400000000000148e+00 1.764100000000000001e+00 -3.859999999999999543e-02 -7.230000000000000315e-02
2.254999999999999893e+00 1.764100000000000001e+00 -4.624999999999999944e-02 -7.000000000000000666e-02
2.418600000000000083e+00 1.764100000000000001e+00 -5.970000000000000306e-02 -6.980000000000000093e-02
2.582300000000000040e+00 1.764100000000000001e+00 -5.725000000000000228e-02 -6.629999999999999782e-02
2.745899999999999785e+00 1.764100000000000001e+00 -6.174999999999999933e-02 -7.015000000000000402e-02
2.909600000000000186e+00 1.764100000000000001e+00 -6.760000000000000731e-02 -6.905000000000000027e-02
3.073199999999999932e+00 1.764100000000000001e+00 -6.279999999999999472e-02 -5.945000000000000284e-02
3.236800000000000122e+00 1.764100000000000001e+00 -6.345000000000000639e-02 -5.324999999999999872e-02
3.400500000000000078e+00 1.764100000000000001e+00 -7.125000000000000777e-02 -5.609999999999999709e-02
3.564099999999999824e+00 1.764100000000000001e+00 -7.664999999999999591e-02 -5.469999999999999862e-02
3.727799999999999780e+00 1.764100000000000001e+00 -8.119999999999999440e-02 -5.505000000000000171e-02
3.891399999999999970e+00 1.764100000000000001e+00 -8.444999999999999729e-02 -5.315000000000000280e-02
4.055100000000000371e+00 1.764100000000000001e+00 -8.554999999999998717e-02 -4.804999999999999549e-02
4.218700000000000117e+00 1.764100000000000001e+00 -9.199999999999999845e-02 -5.149999999999999717e-02
4.382299999999999862e+00 1.764100000000000001e+00 -9.375000000000000000e-02 -4.800000000000000100e-02
4.546000000000000263e+00 1.764100000000000001e+00 -1.005000000000000060e-01 -4.399999999999999745e-02
4.709600000000000009e+00 1.764100000000000001e+00 -1.016499999999999904e-01 -3.905000000000000138e-02
4.873300000000000409e+00 1.764100000000000001e+00 -1.039500000000000007e-01 -3.629999999999999893e-02
5.036900000000000155e+00 1.764100000000000001e+00 -1.074999999999999983e-01 -3.065000000000000363e-02
5.200599999999999667e+00 1.764100000000000001e+00 -1.025500000000000023e-01 -2.639999999999999986e-02
5.364200000000000301e+00 1.764100000000000001e+00 -1.066499999999999948e-01 -3.250000000000000111e-02
5.527800000000000047e+00 1.764100000000000001e+00 -1.056499999999999939e-01 -3.404999999999999694e-02
5.691499999999999559e+00 1.764100000000000001e+00 -1.100000000000000006e-01 -2.435000000000000012e-02
5.855100000000000193e+00 1.764100000000000001e+00 -1.037500000000000089e-01 -1.505000000000000088e-02
6.018799999999999706e+00 1.764100000000000001e+00 -1.018499999999999961e-01 -8.300000000000000086e-03
6.182400000000000340e+00 1.764100000000000001e+00 -9.869999999999999607e-02 -1.699999999999999905e-03
6.346099999999999852e+00 1.764100000000000001e+00 -9.754999999999999782e-02 -9.500000000000001065e-04
6.509699999999999598e+00 1.764100000000000001e+00 -9.959999999999999409e-02 1.149999999999999981e-03
6.673300000000000232e+00 1.764100000000000001e+00 -9.510000000000000397e-02 7.800000000000000509e-03
6.836999999999999744e+00 1.764100000000000001e+00 -9.149999999999999800e-02 9.299999999999999239e-03
7.000600000000000378e+00 1.764100000000000001e+00 -8.890000000000000679e-02 1.345000000000000015e-02
7.164299999999999891e+00 1.764100000000000001e+00 -8.260000000000000675e-02 2.545000000000000040e-02
7.327899999999999636e+00 1.764100000000000001e+00 -7.500000000000001110e-02 3.039999999999999994e-02
1.275999999999999912e-01 1.600400000000000045e+00 1.179999999999999973e-02 -5.985000000000000042e-02
2.913000000000000034e-01 1.600400000000000045e+00 8.600000000000000006e-03 -6.304999999999999494e-02
4.549000000000000266e-01 1.600400000000000045e+00 4.800000000000000447e-03 -6.619999999999999496e-02
6.186000000000000387e-01 1.600400000000000045e+00 -5.449999999999999983e-03 -6.725000000000000422e-02
7.822000000000000064e-01 1.600400000000000045e+00 5.049999999999999802e-03 -6.185000000000000220e-02
9.458999999999999631e-01 1.600400000000000045e+00 -2.449999999999999487e-03 -6.459999999999999076e-02
1.109499999999999931e+00 1.600400000000000045e+00 -6.049999999999999822e-03 -6.479999999999999649e-02
1.273099999999999898e+00 1.600400000000000045e+00 -3.469999999999999474e-02 -8.709999999999999687e-02
1.436800000000000077e+00 1.600400000000000045e+00 -3.035000000000000198e-02 -8.915000000000000702e-02
1.600400000000000045e+00 1.600400000000000045e+00 -4.189999999999999974e-02 -8.770000000000000018e-02
1.764100000000000001e+00 1.600400000000000045e+00 -4.660000000000000253e-02 -8.730000000000000260e-02
1.927699999999999969e+00 1.600400000000000045e+00 -5.215000000000000191e-02 -8.505000000000000060e-02
2.091400000000000148e+00 1.600400000000000045e+00 -4.189999999999999974e-02 -8.105000000000001092e-02
2.254999999999999893e+00 1.600400000000000045e+00 -4.470000000000000362e-02 -7.530000000000000582e-02
2.418600000000000083e+00 1.600400000000000045e+00 -3.894999999999999851e-02 -6.669999999999999540e-02
2.582300000000000040e+00 1.600400000000000045e+00 -5.304999999999999993e-02 -6.880000000000000004e-02
2.745899999999999785e+00 1.600400000000000045e+00 -6.590000000000000024e-02 -8.010000000000000453e-02
2.909600000000000186e+00 1.600400000000000045e+00 -6.444999999999999341e-02 -7.580000000000000626e-02
3.073199999999999932e+00 1.600400000000000045e+00 -6.854999999999999982e-02 -7.339999999999999303e-02
3.236800000000000122e+00 1.600400000000000045e+00 -6.164999999999999647e-02 -6.195000000000000506e-02
3.400500000000000078e+00 1.600400000000000045e+00 -7.564999999999999503e-02 -6.409999999999999032e-02
3.564099999999999824e+00 1.600400000000000045e+00 -7.275000000000000910e-02 -5.970000000000000306e-02
3.727799999999999780e+00 1.600400000000000045e+00 -8.000000000000000167e-02 -5.889999999999999403e-02
3.891399999999999970e+00 1.600400000000000045e+00 -8.415000000000000258e-02 -6.049999999999999822e-02
4.055100000000000371e+00 1.600400000000000045e+00 -8.909999999999999865e-02 -5.670000000000000040e-02
4.218700000000000117e+00 1.600400000000000045e+00 -9.404999999999999472e-02 -5.455000000000000127e-02
4.382299999999999862e+00 1.600400000000000045e+00 -9.520000000000000684e-02 -5.254999999999999949e-02
4.546000000000000263e+00 1.600400000000000045e+00 -1.048999999999999932e-01 -4.689999999999999725e-02
4.709600000000000009e+00 1.600400000000000045e+00 -1.038499999999999979e-01 -3.955000000000000182e-02
4.873300000000000409e+00 1.600400000000000045e+00 -1.030500000000000027e-01 -3.590000000000000135e-02
5.036900000000000155e+00 1.600400000000000045e+00 -1.060500000000000054e-01 -3.285000000000000420e-02
5.200599999999999667e+00 1.600400000000000045e+00 -1.052000000000000018e-01 -3.590000000000000135e-02
5.364200000000000301e+00 1.600400000000000045e+00 -1.111499999999999988e-01 -3.809999999999999498e-02
5.527800000000000047e+00 1.600400000000000045e+00 -1.068500000000000005e-01 -2.814999999999999794e-02
5.691499999999999559e+00 1.600400000000000045e+00 -1.037499999999999950e-01 -1.299999999999999940e-02
5.855100000000000193e+00 1.600400000000000045e+00 -1.081499999999999961e-01 -1.524999999999999967e-02
6.018799999999999706e+00 1.600400000000000045e+00 -1.008000000000000007e-01 -8.749999999999999098e-03
6.182400000000000340e+00 1.600400000000000045e+00 -1.018499999999999961e-01 -6.649999999999999661e-03
6.346099999999999852e+00 1.600400000000000045e+00 -9.934999999999999387e-02 1.000000000000000021e-03
6.509699999999999598e+00 1.600400000000000045e+00 -1.017500000000000071e-01 -2.950000000000000365e-03
6.673300000000000232e+00 1.600400000000000045e+00 -9.915000000000000202e-02 1.000000000000000238e-03
6.836999999999999744e+00 1.600400000000000045e+00 -9.409999999999998921e-02 1.000000000000000021e-02
7.000600000000000378e+00 1.600400000000000045e+00 -9.439999999999999780e-02 1.420000000000000082e-02
7.164299999999999891e+00 1.600400000000000045e+00 -8.770000000000000018e-02 1.864999999999999991e-02
7.327899999999999636e+00 1.600400000000000045e+00 -8.870000000000000107e-02 1.954999999999999793e-02
1.275999999999999912e-01 1.436800000000000077e+00 3.799999999999999559e-03 -7.155000000000000249e-02
2.913000000000000034e-01 1.436800000000000077e+00 -3.999999999999999650e-04 -7.614999999999999547e-02
4.549000000000000266e-01 1.436800000000000077e+00 -3.699999999999999730e-03 -7.869999999999999218e-02
6.186000000000000387e-01 1.436800000000000077e+00 -1.899999999999999779e-03 -7.939999999999999836e-02
7.822000000000000064e-01 1.436800000000000077e+00 -1.390000000000000090e-02 -8.085000000000000520e-02
9.458999999999999631e-01 1.436800000000000077e+00 -1.310000000000000053e-02 -8.150000000000000300e-02
1.109499999999999931e+00 1.436800000000000077e+00 -1.609999999999999973e-02 -8.039999999999999925e-02
1.273099999999999898e+00 1.436800000000000077e+00 -2.919999999999999679e-02 -9.570000000000000728e-02
1.436800000000000077e+00 1.436800000000000077e+00 -2.829999999999999877e-02 -9.525000000000000133e-02
1.600400000000000045e+00 1.436800000000000077e+00 -3.619999999999999607e-02 -9.664999999999999980e-02
1.764100000000000001e+00 1.436800000000000077e+00 -3.964999999999999775e-02 -9.715000000000000024e-02
1.927699999999999969e+00 1.436800000000000077e+00 -4.495000000000000384e-02 -9.475000000000000089e-02
2.091400000000000148e+00 1.436800000000000077e+00 -4.889999999999999902e-02 -8.999999999999999667e-02
2.254999999999999893e+00 1.436800000000000077e+00 -5.269999999999999685e-02 -8.865000000000000657e-02
2.418600000000000083e+00 1.436800000000000077e+00 -5.569999999999999951e-02 -8.619999999999999885e-02
2.582300000000000040e+00 1.436800000000000077e+00 -6.119999999999999746e-02 -8.244999999999999551e-02
2.745899999999999785e+00 1.436800000000000077e+00 -7.139999999999999125e-02 -8.990000000000000768e-02
2.909600000000000186e+00 1.436800000000000077e+00 -6.584999999999999187e-02 -8.410000000000000808e-02
3.073199999999999932e+00 1.436800000000000077e+00 -7.259999999999999787e-02 -8.230000000000001203e-02
3.236800000000000122e+00 1.436800000000000077e+00 -7.480000000000000537e-02 -7.864999999999999769e-02
3.400500000000000078e+00 1.436800000000000077e+00 -7.505000000000000560e-02 -6.695000000000000950e-02
3.564099999999999824e+00 1.436800000000000077e+00 -7.985000000000000431e-02 -6.584999999999999187e-02
3.727799999999999780e+00 1.436800000000000077e+00 -8.294999999999999596e-02 -6.754999999999999893e-02
3.891399999999999970e+00 1.436800000000000077e+00 -8.549999999999999267e-02 -6.814999999999998836e-02
4.055100000000000371e+00 1.436800000000000077e+00 -8.920000000000000151e-02 -6.575000000000000289e-02
4.218700000000000117e+00 1.436800000000000077e+00 -9.609999999999999098e-02 -6.279999999999999472e-02
4.382299999999999862e+00 1.436800000000000077e+00 -1.055000000000000104e-01 -6.379999999999999560e-02
4.546000000000000263e+00 1.436800000000000077e+00 -9.940000000000000224e-02 -5.675000000000000183e-02
4.709600000000000009e+00 1.436800000000000077e+00 -1.023499999999999965e-01 -4.439999999999999503e-02
4.873300000000000409e+00 1.436800000000000077e+00 -1.061499999999999944e-01 -4.015000000000000513e-02
5.036900000000000155e+00 1.436800000000000077e+00 -1.069999999999999979e-01 -4.130000000000000338e-02
5.200599999999999667e+00 1.436800000000000077e+00 -1.112999999999999962e-01 -4.925000000000000211e-02
5.364200000000000301e+00 1.436800000000000077e+00 -1.152499999999999913e-01 -4.195000000000000118e-02
5.527800000000000047e+00 1.436800000000000077e+00 -1.085500000000000076e-01 -2.230000000000000038e-02
5.691499999999999559e+00 1.436800000000000077e+00 -1.079499999999999904e-01 -1.704999999999999918e-02
5.855100000000000193e+00 1.436800000000000077e+00 -1.100499999999999950e-01 -1.820000000000000090e-02
6.018799999999999706e+00 1.436800000000000077e+00 -1.133499999999999924e-01 -1.915000000000000036e-02
6.182400000000000340e+00 1.436800000000000077e+00 -1.023499999999999965e-01 -6.500000000000000786e-04
6.346099999999999852e+00 1.436800000000000077e+00 -1.019499999999999990e-01 2.550000000000000183e-03
6.509699999999999598e+00 1.436800000000000077e+00 -1.050999999999999990e-01 -1.949999999999999910e-03
6.673300000000000232e+00 1.436800000000000077e+00 -1.062000000000000027e-01 -2.100000000000000304e-03
6.836999999999999744e+00 1.436800000000000077e+00 -1.064999999999999836e-01 1.094999999999999966e-02
7.000600000000000378e+00 1.436800000000000077e+00 -9.509999999999999010e-02 1.604999999999999830e-02
7.164299999999999891e+00 1.436800000000000077e+00 -9.454999999999999516e-02 1.934999999999999915e-02
7.327899999999999636e+00 1.436800000000000077e+00 -9.690000000000000002e-02 1.754999999999999963e-02
1.275999999999999912e-01 1.273099999999999898e+00 3.500000000000000507e-04 -8.799999999999999489e-02
2.913000000000000034e-01 1.273099999999999898e+00 -1.450000000000000117e-03 -8.615000000000000435e-02
4.549000000000000266e-01 1.273099999999999898e+00 -1.299999999999999940e-03 -8.724999999999999423e-02
6.186000000000000387e-01 1.273099999999999898e+00 -5.449999999999999983e-03 -8.760000000000001119e-02
7.822000000000000064e-01 1.273099999999999898e+00 -7.749999999999999944e-03 -1.003499999999999948e-01
9.458999999999999631e-01 1.273099999999999898e+00 -1.184999999999999942e-02 -1.003499999999999948e-01
1.109499999999999931e+00 1.273099999999999898e+00 -4.999999999999999237e-03 -9.425000000000000044e-02
1.273099999999999898e+00 1.273099999999999898e+00 -1.165000000000000063e-02 -9.639999999999999958e-02
1.436800000000000077e+00 1.273099999999999898e+00 -2.330000000000000127e-02 -1.022500000000000075e-01
1.600400000000000045e+00 1.273099999999999898e+00 -3.285000000000000420e-02 -1.101999999999999924e-01
1.764100000000000001e+00 1.273099999999999898e+00 -3.694999999999999674e-02 -1.087499999999999994e-01
1.927699999999999969e+00 1.273099999999999898e+00 -3.785000000000000170e-02 -1.050999999999999990e-01
2.091400000000000148e+00 1.273099999999999898e+00 -4.504999999999999977e-02 -1.048999999999999932e-01
2.254999999999999893e+00 1.273099999999999898e+00 -4.969999999999999418e-02 -9.775000000000000355e-02
2.418600000000000083e+00 1.273099999999999898e+00 -5.749999999999999556e-02 -9.870000000000000995e-02
2.582300000000000040e+00 1.273099999999999898e+00 -5.905000000000000526e-02 -9.465000000000001190e-02
2.745899999999999785e+00 1.273099999999999898e+00 -6.410000000000000420e-02 -9.249999999999999889e-02
2.909600000000000186e+00 1.273099999999999898e+00 -6.969999999999999807e-02 -9.059999999999999998e-02
3.073199999999999932e+00 1.273099999999999898e+00 -7.769999999999999130e-02 -8.694999999999999951e-02
3.236800000000000122e+00 1.273099999999999898e+00 -7.925000000000000100e-02 -8.554999999999998717e-02
3.400500000000000078e+00 1.273099999999999898e+00 -7.614999999999999547e-02 -7.930000000000000937e-02
3.564099999999999824e+00 1.273099999999999898e+00 -8.154999999999999749e-02 -7.220000000000000029e-02
3.727799999999999780e+00 1.273099999999999898e+00 -9.195000000000000395e-02 -8.054999999999999660e-02
3.891399999999999970e+00 1.273099999999999898e+00 -9.224999999999999867e-02 -7.589999999999999525e-02
4.055100000000000371e+00 1.273099999999999898e+00 -9.559999999999999054e-02 -7.070000000000001283e-02
4.218700000000000117e+00 1.273099999999999898e+00 -9.639999999999999958e-02 -6.864999999999998881e-02
4.382299999999999862e+00 1.273099999999999898e+00 -9.844999999999999585e-02 -6.254999999999999449e-02
4.546000000000000263e+00 1.273099999999999898e+00 -1.040500000000000036e-01 -5.315000000000000280e-02
4.709600000000000009e+00 1.273099999999999898e+00 -1.079500000000000043e-01 -5.649999999999999467e-02
4.873300000000000409e+00 1.273099999999999898e+00 -1.175000000000000072e-01 -6.650000000000000355e-02
5.036900000000000155e+00 1.273099999999999898e+00 -1.197000000000000008e-01 -6.350000000000000089e-02
5.200599999999999667e+00 1.273099999999999898e+00 -1.188499999999999973e-01 -5.560000000000000359e-02
5.364200000000000301e+00 1.273099999999999898e+00 -1.176500000000000046e-01 -3.835000000000000214e-02
5.527800000000000047e+00 1.273099999999999898e+00 -1.140000000000000041e-01 -2.035000000000000003e-02
5.691499999999999559e+00 1.273099999999999898e+00 -1.117500000000000021e-01 -2.045000000000000290e-02
5.855100000000000193e+00 1.273099999999999898e+00 -1.086499999999999966e-01 -1.374999999999999833e-02
6.018799999999999706e+00 1.273099999999999898e+00 -1.149499999999999966e-01 -7.849999999999999339e-03
6.182400000000000340e+00 1.273099999999999898e+00 -1.063500000000000001e-01 -2.949999999999999931e-03
6.346099999999999852e+00 1.273099999999999898e+00 -1.117499999999999882e-01 -2.900000000000000234e-03
6.509699999999999598e+00 1.273099999999999898e+00 -1.190500000000000030e-01 -1.474999999999999922e-02
6.673300000000000232e+00 1.273099999999999898e+00 -1.134499999999999953e-01 1.850000000000000082e-03
6.836999999999999744e+00 1.273099999999999898e+00 -1.129499999999999948e-01 9.500000000000001499e-03
7.000600000000000378e+00 1.273099999999999898e+00 -1.040999999999999981e-01 2.114999999999999866e-02
7.164299999999999891e+00 1.273099999999999898e+00 -9.784999999999999254e-02 3.214999999999999802e-02
7.327899999999999636e+00 1.273099999999999898e+00 -9.464999999999999802e-02 2.870000000000000329e-02
1.275999999999999912e-01 1.109499999999999931e+00 1.999999999999999825e-04 -1.025500000000000023e-01
2.913000000000000034e-01 1.109499999999999931e+00 1.850000000000000082e-03 -1.001999999999999974e-01
4.549000000000000266e-01 1.109499999999999931e+00 -1.649999999999999991e-03 -1.083500000000000019e-01
6.186000000000000387e-01 1.109499999999999931e+00 -1.149999999999999981e-03 -1.156999999999999973e-01
7.822000000000000064e-01 1.109499999999999931e+00 -4.099999999999999478e-03 -1.132499999999999896e-01
9.458999999999999631e-01 1.109499999999999931e+00 -1.129999999999999928e-02 -1.152499999999999913e-01
1.109499999999999931e+00 1.109499999999999931e+00 -1.735000000000000084e-02 -1.213500000000000134e-01
1.273099999999999898e+00 1.109499999999999931e+00 -8.099999999999999561e-03 -1.136500000000000010e-01
1.436800000000000077e+00 1.109499999999999931e+00 -3.329999999999999627e-02 -1.282000000000000084e-01
1.600400000000000045e+00 1.109499999999999931e+00 -3.810000000000000192e-02 -1.278999999999999859e-01
1.764100000000000001e+00 1.109499999999999931e+00 -4.240000000000000019e-02 -1.228499999999999870e-01
1.927699999999999969e+00 1.109499999999999931e+00 -4.595000000000000473e-02 -1.200999999999999984e-01
2.091400000000000148e+00 1.109499999999999931e+00 -4.454999999999999932e-02 -1.116000000000000048e-01
2.254999999999999893e+00 1.109499999999999931e+00 -4.514999999999999569e-02 -1.081499999999999961e-01
2.418600000000000083e+00 1.109499999999999931e+00 -5.185000000000000026e-02 -1.069999999999999979e-01
2.582300000000000040e+00 1.109499999999999931e+00 -6.114999999999999603e-02 -1.058499999999999996e-01
2.745899999999999785e+00 1.109499999999999931e+00 -6.539999999999999980e-02 -9.804999999999999827e-02
2.909600000000000186e+00 1.109499999999999931e+00 -6.865000000000000269e-02 -9.559999999999999054e-02
3.073199999999999932e+00 1.109499999999999931e+00 -7.469999999999998863e-02 -1.094499999999999917e-01
3.236800000000000122e+00 1.109499999999999931e+00 -8.054999999999999660e-02 -1.057500000000000107e-01
3.400500000000000078e+00 1.109499999999999931e+00 -8.499999999999999223e-02 -9.690000000000000002e-02
3.564099999999999824e+00 1.109499999999999931e+00 -8.890000000000000679e-02 -9.179999999999999272e-02
3.727799999999999780e+00 1.109499999999999931e+00 -9.395000000000000573e-02 -9.229999999999999316e-02
3.891399999999999970e+00 1.109499999999999931e+00 -9.070000000000000284e-02 -7.774999999999999967e-02
4.055100000000000371e+00 1.109499999999999931e+00 -9.450000000000000067e-02 -7.209999999999999742e-02
4.218700000000000117e+00 1.109499999999999931e+00 -1.056499999999999939e-01 -9.024999999999999689e-02
4.382299999999999862e+00 1.109499999999999931e+00 -1.064499999999999891e-01 -9.249999999999999889e-02
4.546000000000000263e+00 1.109499999999999931e+00 -1.102999999999999953e-01 -6.130000000000000032e-02
4.709600000000000009e+00 1.109499999999999931e+00 -1.191500000000000059e-01 -6.494999999999999385e-02
4.873300000000000409e+00 1.109499999999999931e+00 -1.165500000000000147e-01 -5.999999999999999778e-02
5.036900000000000155e+00 1.109499999999999931e+00 -1.252500000000000002e-01 -6.845000000000001084e-02
5.200599999999999667e+00 1.109499999999999931e+00 -1.266499999999999848e-01 -5.930000000000000548e-02
5.364200000000000301e+00 1.109499999999999931e+00 -1.240999999999999881e-01 -4.044999999999999984e-02
5.527800000000000047e+00 1.109499999999999931e+00 -1.196499999999999925e-01 -4.095000000000000029e-02
5.691499999999999559e+00 1.109499999999999931e+00 -1.187499999999999944e-01 -2.824999999999999734e-02
5.855100000000000193e+00 1.109499999999999931e+00 -1.254000000000000115e-01 -1.924999999999999975e-02
6.018799999999999706e+00 1.109499999999999931e+00 -1.254500000000000060e-01 -1.979999999999999816e-02
6.182400000000000340e+00 1.109499999999999931e+00 -1.159000000000000030e-01 -1.359999999999999924e-02
6.346099999999999852e+00 1.109499999999999931e+00 -1.167499999999999927e-01 -6.050000000000000690e-03
6.509699999999999598e+00 1.109499999999999931e+00 -1.247499999999999998e-01 -1.639999999999999791e-02
6.673300000000000232e+00 1.109499999999999931e+00 -1.256499999999999839e-01 1.350000000000000071e-03
6.836999999999999744e+00 1.109499999999999931e+00 -1.262999999999999956e-01 4.449999999999999963e-03
7.000600000000000378e+00 1.109499999999999931e+00 -1.209500000000000020e-01 1.219999999999999904e-02
7.164299999999999891e+00 1.109499999999999931e+00 -1.129499999999999948e-01 3.304999999999999605e-02
7.327899999999999636e+00 1.109499999999999931e+00 -1.134499999999999953e-01 3.150000000000000022e-02
1.275999999999999912e-01 9.458999999999999631e-01 5.000000000000000104e-04 -1.215999999999999998e-01
2.913000000000000034e-01 9.458999999999999631e-01 -3.749999999999999861e-03 -1.191000000000000114e-01
4.549000000000000266e-01 9.458999999999999631e-01 -2.700000000000000143e-03 -1.217000000000000026e-01
6.186000000000000387e-01 9.458999999999999631e-01 2.549999999999999750e-03 -1.290499999999999980e-01
7.822000000000000064e-01 9.458999999999999631e-01 -1.119999999999999989e-02 -1.316499999999999893e-01
9.458999999999999631e-01 9.458999999999999631e-01 -1.140000000000000041e-02 -1.397499999999999853e-01
1.109499999999999931e+00 9.458999999999999631e-01 -1.430000000000000021e-02 -1.398500000000000021e-01
1.273099999999999898e+00 9.458999999999999631e-01 -2.874999999999999778e-02 -1.498499999999999832e-01
1.436800000000000077e+00 9.458999999999999631e-01 -3.694999999999999674e-02 -1.518499999999999850e-01
1.600400000000000045e+00 9.458999999999999631e-01 -3.830000000000000071e-02 -1.456000000000000072e-01
1.764100000000000001e+00 9.458999999999999631e-01 -4.349999999999999700e-02 -1.383500000000000008e-01
1.927699999999999969e+00 9.458999999999999631e-01 -5.169999999999999596e-02 -1.387999999999999790e-01
2.091400000000000148e+00 9.458999999999999631e-01 -4.224999999999999589e-02 -1.259500000000000064e-01
2.254999999999999893e+00 9.458999999999999631e-01 -5.129999999999999838e-02 -1.223999999999999949e-01
2.418600000000000083e+00 9.458999999999999631e-01 -7.225000000000000866e-02 -1.391999999999999904e-01
2.582300000000000040e+00 9.458999999999999631e-01 -7.069999999999999896e-02 -1.270499999999999963e-01
2.745899999999999785e+00 9.458999999999999631e-01 -7.414999999999999369e-02 -1.222999999999999921e-01
2.909600000000000186e+00 9.458999999999999631e-01 -8.199999999999998956e-02 -1.134000000000000008e-01
3.073199999999999932e+00 9.458999999999999631e-01 -8.734999999999999709e-02 -1.180999999999999966e-01
3.236800000000000122e+00 9.458999999999999631e-01 -9.054999999999999161e-02 -1.170499999999999874e-01
3.400500000000000078e+00 9.458999999999999631e-01 -8.855000000000000371e-02 -1.078999999999999959e-01
3.564099999999999824e+00 9.458999999999999631e-01 -1.021999999999999992e-01 -1.121000000000000052e-01
3.727799999999999780e+00 9.458999999999999631e-01 -9.145000000000000351e-02 -1.002500000000000058e-01
3.891399999999999970e+00 9.458999999999999631e-01 -9.324999999999999956e-02 -7.535000000000000031e-02
4.055100000000000371e+00 9.458999999999999631e-01 -9.709999999999999187e-02 -7.974999999999998757e-02
4.218700000000000117e+00 9.458999999999999631e-01 -1.108999999999999986e-01 -9.320000000000000506e-02
4.382299999999999862e+00 9.458999999999999631e-01 -1.134499999999999953e-01 -1.010000000000000064e-01
4.546000000000000263e+00 9.458999999999999631e-01 -1.204500000000000015e-01 -9.145000000000000351e-02
4.709600000000000009e+00 9.458999999999999631e-01 -1.229000000000000092e-01 -8.459999999999999465e-02
4.873300000000000409e+00 9.458999999999999631e-01 -1.222000000000000031e-01 -6.720000000000000973e-02
5.036900000000000155e+00 9.458999999999999631e-01 -1.279000000000000137e-01 -7.155000000000000249e-02
5.200599999999999667e+00 9.458999999999999631e-01 -1.302999999999999992e-01 -5.524999999999999356e-02
5.364200000000000301e+00 9.458999999999999631e-01 -1.380000000000000115e-01 -5.095000000000000223e-02
5.527800000000000047e+00 9.458999999999999631e-01 -1.419499999999999929e-01 -4.624999999999999944e-02
5.691499999999999559e+00 9.458999999999999631e-01 -1.307500000000000051e-01 -2.754999999999999810e-02
5.855100000000000193e+00 9.458999999999999631e-01 -1.318000000000000005e-01 -2.124999999999999806e-02
6.018799999999999706e+00 9.458999999999999631e-01 -1.346999999999999864e-01 -2.145000000000000032e-02
6.182400000000000340e+00 9.458999999999999631e-01 -1.356499999999999928e-01 -1.534999999999999906e-02
6.346099999999999852e+00 9.458999999999999631e-01 -1.440500000000000114e-01 -2.099999999999999784e-02
6.509699999999999598e+00 9.458999999999999631e-01 -1.494000000000000050e-01 -3.049999999999999933e-02
6.673300000000000232e+00 9.458999999999999631e-01 -1.488500000000000101e-01 -1.250000000000000069e-02
6.836999999999999744e+00 9.458999999999999631e-01 -1.496500000000000052e-01 -3.500000000000000507e-04
7.000600000000000378e+00 9.458999999999999631e-01 -1.420000000000000151e-01 2.185000000000000137e-02
7.164299999999999891e+00 9.458999999999999631e-01 -1.378500000000000003e-01 1.510000000000000057e-02
7.327899999999999636e+00 9.458999999999999631e-01 -1.380000000000000115e-01 2.740000000000000074e-02
1.275999999999999912e-01 7.822000000000000064e-01 -5.999999999999999474e-04 -1.386000000000000010e-01
2.913000000000000034e-01 7.822000000000000064e-01 -1.190000000000000085e-02 -1.461999999999999966e-01
4.549000000000000266e-01 7.822000000000000064e-01 -7.049999999999999843e-03 -1.381999999999999895e-01
6.186000000000000387e-01 7.822000000000000064e-01 -4.250000000000000305e-03 -1.527999999999999914e-01
7.822000000000000064e-01 7.822000000000000064e-01 -1.039999999999999952e-02 -1.665500000000000036e-01
9.458999999999999631e-01 7.822000000000000064e-01 -1.145000000000000011e-02 -1.630999999999999950e-01
1.109499999999999931e+00 7.822000000000000064e-01 -1.389999999999999916e-02 -1.562500000000000000e-01
1.273099999999999898e+00 7.822000000000000064e-01 -3.015000000000000319e-02 -1.668999999999999928e-01
1.436800000000000077e+00 7.822000000000000064e-01 -3.289999999999999869e-02 -1.625500000000000000e-01
1.600400000000000045e+00 7.822000000000000064e-01 -3.610000000000000014e-02 -1.582500000000000018e-01
1.764100000000000001e+00 7.822000000000000064e-01 -5.465000000000000413e-02 -1.584999999999999742e-01
1.927699999999999969e+00 7.822000000000000064e-01 -5.564999999999999808e-02 -1.570499999999999952e-01
2.091400000000000148e+00 7.822000000000000064e-01 -5.549999999999999378e-02 -1.505500000000000171e-01
2.254999999999999893e+00 7.822000000000000064e-01 -6.304999999999999494e-02 -1.471500000000000030e-01
2.418600000000000083e+00 7.822000000000000064e-01 -8.169999999999999485e-02 -1.564500000000000057e-01
2.582300000000000040e+00 7.822000000000000064e-01 -7.710000000000000187e-02 -1.572999999999999954e-01
2.745899999999999785e+00 7.822000000000000064e-01 -8.319999999999999618e-02 -1.484499999999999986e-01
2.909600000000000186e+00 7.822000000000000064e-01 -8.229999999999999816e-02 -1.207000000000000017e-01
3.073199999999999932e+00 7.822000000000000064e-01 -9.190000000000000946e-02 -1.290499999999999980e-01
3.236800000000000122e+00 7.822000000000000064e-01 -9.425000000000000044e-02 -1.283500000000000196e-01
3.400500000000000078e+00 7.822000000000000064e-01 -9.854999999999999871e-02 -1.159000000000000030e-01
3.564099999999999824e+00 7.822000000000000064e-01 -9.675000000000000266e-02 -1.086000000000000021e-01
3.727799999999999780e+00 7.822000000000000064e-01 -1.049999999999999961e-01 -1.098999999999999977e-01
3.891399999999999970e+00 7.822000000000000064e-01 -1.033499999999999974e-01 -9.310000000000000220e-02
4.055100000000000371e+00 7.822000000000000064e-01 -1.089500000000000052e-01 -9.135000000000000064e-02
4.218700000000000117e+00 7.822000000000000064e-01 -1.146500000000000019e-01 -7.999999999999998779e-02
4.382299999999999862e+00 7.822000000000000064e-01 -1.168500000000000094e-01 -9.379999999999999449e-02
4.546000000000000263e+00 7.822000000000000064e-01 -1.290499999999999980e-01 -1.088500000000000023e-01
4.709600000000000009e+00 7.822000000000000064e-01 -1.273500000000000187e-01 -8.585000000000000964e-02
4.873300000000000409e+00 7.822000000000000064e-01 -1.345500000000000029e-01 -7.749999999999999944e-02
5.036900000000000155e+00 7.822000000000000064e-01 -1.461500000000000021e-01 -6.990000000000000380e-02
5.200599999999999667e+00 7.822000000000000064e-01 -1.545000000000000262e-01 -7.220000000000000029e-02
5.364200000000000301e+00 7.822000000000000064e-01 -1.484999999999999931e-01 -5.310000000000000137e-02
5.527800000000000047e+00 7.822000000000000064e-01 -1.548499999999999877e-01 -4.324999999999999678e-02
5.691499999999999559e+00 7.822000000000000064e-01 -1.394500000000000184e-01 -1.729999999999999941e-02
5.855100000000000193e+00 7.822000000000000064e-01 -1.337499999999999800e-01 -1.694999999999999979e-02
6.018799999999999706e+00 7.822000000000000064e-01 -1.335000000000000075e-01 -1.470000000000000126e-02
6.182400000000000340e+00 7.822000000000000064e-01 -1.353499999999999981e-01 -1.349999999999999985e-02
6.346099999999999852e+00 7.822000000000000064e-01 -1.557499999999999996e-01 -3.360000000000000486e-02
6.509699999999999598e+00 7.822000000000000064e-01 -1.665000000000000091e-01 -3.244999999999999968e-02
6.673300000000000232e+00 7.822000000000000064e-01 -1.786500000000000032e-01 -1.160000000000000094e-02
6.836999999999999744e+00 7.822000000000000064e-01 -1.715499999999999803e-01 -3.599999999999999901e-03
7.000600000000000378e+00 7.822000000000000064e-01 -1.588499999999999912e-01 8.550000000000000308e-03
7.164299999999999891e+00 7.822000000000000064e-01 -1.521000000000000130e-01 1.714999999999999858e-02
7.327899999999999636e+00 7.822000000000000064e-01 -1.528499999999999859e-01 4.605000000000000066e-02
1.275999999999999912e-01 6.186000000000000387e-01 -3.099999999999999891e-03 -1.683000000000000052e-01
2.913000000000000034e-01 6.186000000000000387e-01 -8.500000000000000611e-03 -1.677500000000000102e-01
4.549000000000000266e-01 6.186000000000000387e-01 -7.899999999999999037e-03 -1.672000000000000153e-01
6.186000000000000387e-01 6.186000000000000387e-01 -4.049999999999999781e-03 -1.839500000000000024e-01
7.822000000000000064e-01 6.186000000000000387e-01 -6.450000000000000004e-03 -1.887500000000000011e-01
9.458999999999999631e-01 6.186000000000000387e-01 -1.499999999999999944e-02 -1.875499999999999945e-01
1.109499999999999931e+00 6.186000000000000387e-01 -1.680000000000000243e-02 -1.783000000000000140e-01
1.273099999999999898e+00 6.186000000000000387e-01 -2.995000000000000093e-02 -1.812000000000000000e-01
1.436800000000000077e+00 6.186000000000000387e-01 -4.159999999999999809e-02 -1.865999999999999881e-01
1.600400000000000045e+00 6.186000000000000387e-01 -4.885000000000000453e-02 -1.821500000000000064e-01
1.764100000000000001e+00 6.186000000000000387e-01 -5.774999999999999578e-02 -1.901499999999999857e-01
1.927699999999999969e+00 6.186000000000000387e-01 -6.320000000000000617e-02 -1.790499999999999869e-01
2.091400000000000148e+00 6.186000000000000387e-01 -6.124999999999999889e-02 -1.540499999999999925e-01
2.254999999999999893e+00 6.186000000000000387e-01 -7.320000000000000118e-02 -1.746999999999999942e-01
2.418600000000000083e+00 6.186000000000000387e-01 -8.369999999999999662e-02 -1.761500000000000010e-01
2.582300000000000040e+00 6.186000000000000387e-01 -9.235000000000000153e-02 -1.670999999999999985e-01
2.745899999999999785e+00 6.186000000000000387e-01 -9.490000000000001212e-02 -1.693000000000000060e-01
2.909600000000000186e+00 6.186000000000000387e-01 -9.500000000000000111e-02 -1.566500000000000115e-01
3.073199999999999932e+00 6.186000000000000387e-01 -9.950000000000000511e-02 -1.477999999999999869e-01
3.236800000000000122e+00 6.186000000000000387e-01 -1.044500000000000012e-01 -1.477999999999999869e-01
3.400500000000000078e+00 6.186000000000000387e-01 -1.077499999999999986e-01 -1.451999999999999957e-01
3.564099999999999824e+00 6.186000000000000387e-01 -1.063500000000000001e-01 -1.345500000000000029e-01
3.727799999999999780e+00 6.186000000000000387e-01 -1.108000000000000096e-01 -1.159499999999999975e-01
3.891399999999999970e+00 6.186000000000000387e-01 -1.083999999999999964e-01 -9.570000000000000728e-02
4.055100000000000371e+00 6.186000000000000387e-01 -1.193500000000000116e-01 -7.960000000000000409e-02
4.218700000000000117e+00 6.186000000000000387e-01 -1.105000000000000010e-01 -7.084999999999999631e-02
4.382299999999999862e+00 6.186000000000000387e-01 -1.325500000000000012e-01 -1.023499999999999965e-01
4.546000000000000263e+00 6.186000000000000387e-01 -1.334500000000000131e-01 -1.139000000000000012e-01
4.709600000000000009e+00 6.186000000000000387e-01 -1.436999999999999944e-01 -9.065000000000000835e-02
4.873300000000000409e+00 6.186000000000000387e-01 -1.476500000000000035e-01 -5.559999999999999665e-02
5.036900000000000155e+00 6.186000000000000387e-01 -1.627000000000000113e-01 -6.685000000000000664e-02
5.200599999999999667e+00 6.186000000000000387e-01 -1.720499999999999807e-01 -6.454999999999999627e-02
5.364200000000000301e+00 6.186000000000000387e-01 -1.573999999999999844e-01 -3.715000000000000246e-02
5.527800000000000047e+00 6.186000000000000387e-01 -1.543499999999999872e-01 -3.269999999999999990e-02
5.691499999999999559e+00 6.186000000000000387e-01 -1.633999999999999897e-01 -2.160000000000000114e-02
5.855100000000000193e+00 6.186000000000000387e-01 -1.507000000000000006e-01 -4.300000000000000003e-03
6.018799999999999706e+00 6.186000000000000387e-01 -1.388500000000000012e-01 -1.485000000000000035e-02
6.182400000000000340e+00 6.186000000000000387e-01 -1.619499999999999829e-01 -3.529999999999999805e-02
6.346099999999999852e+00 6.186000000000000387e-01 -1.865999999999999881e-01 -3.855000000000000093e-02
6.509699999999999598e+00 6.186000000000000387e-01 -1.829500000000000015e-01 -2.709999999999999909e-02
6.673300000000000232e+00 6.186000000000000387e-01 -1.809999999999999942e-01 -2.425000000000000072e-02
6.836999999999999744e+00 6.186000000000000387e-01 -1.897000000000000075e-01 -8.000000000000000167e-03
7.000600000000000378e+00 6.186000000000000387e-01 -1.831999999999999740e-01 2.049999999999999739e-03
7.164299999999999891e+00 6.186000000000000387e-01 -1.738000000000000100e-01 3.310000000000000442e-02
7.327899999999999636e+00 6.186000000000000387e-01 -1.557000000000000051e-01 6.554999999999999716e-02
1.275999999999999912e-01 4.549000000000000266e-01 -8.750000000000000833e-03 -1.748999999999999999e-01
2.913000000000000034e-01 4.549000000000000266e-01 -1.159999999999999920e-02 -1.738000000000000100e-01
4.549000000000000266e-01 4.549000000000000266e-01 -1.060000000000000005e-02 -1.862499999999999989e-01
6.186000000000000387e-01 4.549000000000000266e-01 -6.049999999999999822e-03 -1.995999999999999996e-01
7.822000000000000064e-01 4.549000000000000266e-01 -9.749999999999999986e-03 -2.124000000000000055e-01
9.458999999999999631e-01 4.549000000000000266e-01 -1.839999999999999969e-02 -2.159500000000000031e-01
1.109499999999999931e+00 4.549000000000000266e-01 -2.044999999999999943e-02 -2.065500000000000114e-01
1.273099999999999898e+00 4.549000000000000266e-01 -3.520000000000000212e-02 -2.233499999999999930e-01
1.436800000000000077e+00 4.549000000000000266e-01 -4.539999999999999591e-02 -2.221000000000000196e-01
1.600400000000000045e+00 4.549000000000000266e-01 -5.299999999999999850e-02 -2.228499999999999925e-01
1.764100000000000001e+00 4.549000000000000266e-01 -5.940000000000000141e-02 -2.199000000000000121e-01
1.927699999999999969e+00 4.549000000000000266e-01 -6.099999999999999867e-02 -2.091000000000000081e-01
2.091400000000000148e+00 4.549000000000000266e-01 -7.964999999999999858e-02 -2.260500000000000009e-01
2.254999999999999893e+00 4.549000000000000266e-01 -9.095000000000000306e-02 -2.167499999999999982e-01
2.418600000000000083e+00 4.549000000000000266e-01 -9.034999999999999976e-02 -2.084000000000000019e-01
2.582300000000000040e+00 4.549000000000000266e-01 -1.013499999999999956e-01 -1.875499999999999945e-01
2.745899999999999785e+00 4.549000000000000266e-01 -1.035500000000000032e-01 -1.915499999999999980e-01
2.909600000000000186e+00 4.549000000000000266e-01 -1.023999999999999910e-01 -1.808500000000000107e-01
3.073199999999999932e+00 4.549000000000000266e-01 -1.074499999999999900e-01 -1.728999999999999981e-01
3.236800000000000122e+00 4.549000000000000266e-01 -1.063999999999999946e-01 -1.810999999999999832e-01
3.400500000000000078e+00 4.549000000000000266e-01 -1.152500000000000052e-01 -1.672000000000000153e-01
3.564099999999999824e+00 4.549000000000000266e-01 -1.155499999999999999e-01 -1.722000000000000197e-01
3.727799999999999780e+00 4.549000000000000266e-01 -1.288499999999999923e-01 -1.658499999999999974e-01
3.891399999999999970e+00 4.549000000000000266e-01 -1.222000000000000031e-01 -1.148500000000000076e-01
4.055100000000000371e+00 4.549000000000000266e-01 -1.460500000000000131e-01 -1.011499999999999899e-01
4.218700000000000117e+00 4.549000000000000266e-01 -1.416499999999999981e-01 -9.529999999999999583e-02
4.382299999999999862e+00 4.549000000000000266e-01 -1.396000000000000019e-01 -1.026500000000000051e-01
4.546000000000000263e+00 4.549000000000000266e-01 -1.525500000000000189e-01 -1.192499999999999949e-01
4.709600000000000009e+00 4.549000000000000266e-01 -1.538499999999999868e-01 -1.356999999999999873e-01
4.873300000000000409e+00 4.549000000000000266e-01 -1.502999999999999892e-01 -5.924999999999999711e-02
5.036900000000000155e+00 4.549000000000000266e-01 -1.732000000000000206e-01 -2.874999999999999778e-02
5.200599999999999667e+00 4.549000000000000266e-01 -1.721499999999999975e-01 -4.249999999999999438e-03
5.364200000000000301e+00 4.549000000000000266e-01 -1.655000000000000082e-01 -4.300000000000000003e-03
5.527800000000000047e+00 4.549000000000000266e-01 -1.564500000000000057e-01 -3.600000000000000769e-03
5.691499999999999559e+00 4.549000000000000266e-01 -1.523999999999999799e-01 1.449999999999999900e-02
5.855100000000000193e+00 4.549000000000000266e-01 -1.541000000000000147e-01 9.100000000000000450e-03
6.018799999999999706e+00 4.549000000000000266e-01 -1.421499999999999986e-01 -1.984999999999999959e-02
6.182400000000000340e+00 4.549000000000000266e-01 -1.538999999999999813e-01 -1.874999999999999931e-02
6.346099999999999852e+00 4.549000000000000266e-01 -1.712000000000000188e-01 -1.830000000000000029e-02
6.509699999999999598e+00 4.549000000000000266e-01 -1.909000000000000141e-01 -2.294999999999999818e-02
6.673300000000000232e+00 4.549000000000000266e-01 -1.545499999999999929e-01 -8.149999999999999259e-03
6.836999999999999744e+00 4.549000000000000266e-01 -1.766499999999999737e-01 -3.599999999999999901e-03
7.000600000000000378e+00 4.549000000000000266e-01 -1.803000000000000158e-01 0.000000000000000000e+00
7.164299999999999891e+00 4.549000000000000266e-01 -1.653999999999999915e-01 1.849999999999999908e-02
7.327899999999999636e+00 4.549000000000000266e-01 -1.531000000000000139e-01 6.360000000000000375e-02
1.275999999999999912e-01 2.913000000000000034e-01 -8.349999999999999784e-03 -2.115500000000000158e-01
2.913000000000000034e-01 2.913000000000000034e-01 -2.020000000000000268e-02 -2.305999999999999717e-01
4.549000000000000266e-01 2.913000000000000034e-01 -1.484999999999999862e-02 -2.221000000000000196e-01
6.186000000000000387e-01 2.913000000000000034e-01 -1.549999999999999989e-02 -2.290500000000000036e-01
7.822000000000000064e-01 2.913000000000000034e-01 -1.669999999999999957e-02 -2.533000000000000251e-01
9.458999999999999631e-01 2.913000000000000034e-01 -2.809999999999999998e-02 -2.379000000000000004e-01
1.109499999999999931e+00 2.913000000000000034e-01 -3.414999999999999980e-02 -2.237999999999999989e-01
1.273099999999999898e+00 2.913000000000000034e-01 -3.805000000000000049e-02 -2.507500000000000284e-01
1.436800000000000077e+00 2.913000000000000034e-01 -4.914999999999999925e-02 -2.655500000000000083e-01
1.600400000000000045e+00 2.913000000000000034e-01 -5.824999999999999623e-02 -2.567499999999999782e-01
1.764100000000000001e+00 2.913000000000000034e-01 -6.634999999999999232e-02 -2.497999999999999943e-01
1.927699999999999969e+00 2.913000000000000034e-01 -7.339999999999999303e-02 -2.396500000000000019e-01
2.091400000000000148e+00 2.913000000000000034e-01 -8.410000000000000808e-02 -2.496499999999999830e-01
2.254999999999999893e+00 2.913000000000000034e-01 -9.729999999999999760e-02 -2.379999999999999893e-01
2.418600000000000083e+00 2.913000000000000034e-01 -1.032500000000000084e-01 -2.398000000000000131e-01
2.582300000000000040e+00 2.913000000000000034e-01 -1.073500000000000010e-01 -2.255000000000000060e-01
2.745899999999999785e+00 2.913000000000000034e-01 -1.147999999999999993e-01 -2.210499999999999965e-01
2.909600000000000186e+00 2.913000000000000034e-01 -1.088000000000000078e-01 -2.097999999999999865e-01
3.073199999999999932e+00 2.913000000000000034e-01 -1.146999999999999964e-01 -2.051499999999999990e-01
3.236800000000000122e+00 2.913000000000000034e-01 -1.301499999999999879e-01 -2.151000000000000134e-01
3.400500000000000078e+00 2.913000000000000034e-01 -1.377499999999999836e-01 -2.076500000000000012e-01
3.564099999999999824e+00 2.913000000000000034e-01 -1.325500000000000012e-01 -2.222000000000000086e-01
3.727799999999999780e+00 2.913000000000000034e-01 -1.382499999999999840e-01 -2.437499999999999944e-01
3.891399999999999970e+00 2.913000000000000034e-01 -1.359000000000000208e-01 -2.466000000000000136e-01
4.055100000000000371e+00 2.913000000000000034e-01 -1.221500000000000086e-01 -1.861999999999999766e-01
4.218700000000000117e+00 2.913000000000000034e-01 -1.342499999999999805e-01 -1.179999999999999938e-01
4.382299999999999862e+00 2.913000000000000034e-01 -1.480500000000000149e-01 -5.390000000000000346e-02
4.546000000000000263e+00 2.913000000000000034e-01 -1.686500000000000221e-01 -7.259999999999999787e-02
4.709600000000000009e+00 2.913000000000000034e-01 -1.620499999999999996e-01 -1.786499999999999755e-01
4.873300000000000409e+00 2.913000000000000034e-01 -1.854500000000000037e-01 -1.255000000000000039e-02
5.036900000000000155e+00 2.913000000000000034e-01 -1.882999999999999952e-01 -1.049999999999999718e-03
5.200599999999999667e+00 2.913000000000000034e-01 -1.720500000000000085e-01 -1.054999999999999861e-02
5.364200000000000301e+00 2.913000000000000034e-01 -1.680500000000000049e-01 3.685000000000000081e-02
5.527800000000000047e+00 2.913000000000000034e-01 -1.529500000000000026e-01 3.840000000000000357e-02
5.691499999999999559e+00 2.913000000000000034e-01 -1.076499999999999957e-01 4.174999999999999545e-02
5.855100000000000193e+00 2.913000000000000034e-01 -1.186000000000000110e-01 9.249999999999999542e-03
6.018799999999999706e+00 2.913000000000000034e-01 -1.073500000000000010e-01 -4.000000000000000083e-03
6.182400000000000340e+00 2.913000000000000034e-01 -1.202999999999999903e-01 -3.399999999999999377e-03
6.346099999999999852e+00 2.913000000000000034e-01 -1.449000000000000010e-01 -1.234999999999999987e-02
6.509699999999999598e+00 2.913000000000000034e-01 -1.445000000000000173e-01 -6.364999999999999825e-02
6.673300000000000232e+00 2.913000000000000034e-01 -1.397499999999999853e-01 8.650000000000001438e-03
6.836999999999999744e+00 2.913000000000000034e-01 -1.339500000000000135e-01 2.795000000000000262e-02
7.000600000000000378e+00 2.913000000000000034e-01 -9.604999999999999649e-02 1.345000000000000015e-02
7.164299999999999891e+00 2.913000000000000034e-01 -9.149999999999999800e-02 1.339999999999999872e-02
7.327899999999999636e+00 2.913000000000000034e-01 -1.113999999999999990e-01 5.634999999999999731e-02
1.275999999999999912e-01 1.275999999999999912e-01 -7.300000000000000933e-03 -2.235999999999999932e-01
2.913000000000000034e-01 1.275999999999999912e-01 -1.484999999999999862e-02 -2.443000000000000171e-01
4.549000000000000266e-01 1.275999999999999912e-01 -1.404999999999999999e-02 -2.375499999999999834e-01
6.186000000000000387e-01 1.275999999999999912e-01 -3.459999999999999881e-02 -2.699500000000000233e-01
7.822000000000000064e-01 1.275999999999999912e-01 -3.590000000000000135e-02 -2.830000000000000293e-01
9.458999999999999631e-01 1.275999999999999912e-01 -3.189999999999999780e-02 -2.715499999999999581e-01
1.109499999999999931e+00 1.275999999999999912e-01 -3.855000000000000093e-02 -2.812000000000000055e-01
1.273099999999999898e+00 1.275999999999999912e-01 -4.395000000000000295e-02 -2.854999999999999760e-01
1.436800000000000077e+00 1.275999999999999912e-01 -5.999999999999999778e-02 -2.832999999999999963e-01
1.600400000000000045e+00 1.275999999999999912e-01 -7.455000000000000515e-02 -2.858999999999999875e-01
1.764100000000000001e+00 1.275999999999999912e-01 -8.244999999999999551e-02 -3.058999999999999497e-01
1.927699999999999969e+00 1.275999999999999912e-01 -8.190000000000000058e-02 -2.819499999999999784e-01
2.091400000000000148e+00 1.275999999999999912e-01 -8.920000000000000151e-02 -2.713999999999999746e-01
2.254999999999999893e+00 1.275999999999999912e-01 -9.235000000000000153e-02 -2.590999999999999970e-01
2.418600000000000083e+00 1.275999999999999912e-01 -1.048999999999999932e-01 -2.449999999999999956e-01
2.582300000000000040e+00 1.275999999999999912e-01 -1.080500000000000071e-01 -2.503999999999999559e-01
2.745899999999999785e+00 1.275999999999999912e-01 -1.232000000000000040e-01 -2.769500000000000295e-01
2.909600000000000186e+00 1.275999999999999912e-01 -1.247999999999999943e-01 -2.727999999999999869e-01
3.073199999999999932e+00 1.275999999999999912e-01 -1.225499999999999923e-01 -2.077499999999999902e-01
3.236800000000000122e+00 1.275999999999999912e-01 -1.383999999999999952e-01 -2.188499999999999890e-01
3.400500000000000078e+00 1.275999999999999912e-01 -1.421000000000000041e-01 -2.416499999999999759e-01
3.564099999999999824e+00 1.275999999999999912e-01 -1.528499999999999859e-01 -2.568500000000000227e-01
3.727799999999999780e+00 1.275999999999999912e-01 -1.406499999999999972e-01 -2.666999999999999926e-01
3.891399999999999970e+00 1.275999999999999912e-01 -1.191000000000000114e-01 -2.515000000000000013e-01
4.055100000000000371e+00 1.275999999999999912e-01 -1.347500000000000087e-01 -1.357999999999999763e-01
4.218700000000000117e+00 1.275999999999999912e-01 -1.605499999999999983e-01 -8.385000000000000786e-02
4.382299999999999862e+00 1.275999999999999912e-01 -1.663000000000000034e-01 -6.905000000000000027e-02
4.546000000000000263e+00 1.275999999999999912e-01 -1.519500000000000017e-01 -1.035000000000000156e-02
4.709600000000000009e+00 1.275999999999999912e-01 -1.684999999999999831e-01 -4.660000000000000253e-02
4.873300000000000409e+00 1.275999999999999912e-01 -1.600499999999999978e-01 -5.015000000000000013e-02
5.036900000000000155e+00 1.275999999999999912e-01 -1.701500000000000234e-01 -7.249999999999999500e-03
5.200599999999999667e+00 1.275999999999999912e-01 -1.588499999999999912e-01 5.945000000000000284e-02
5.364200000000000301e+00 1.275999999999999912e-01 -1.563999999999999835e-01 -4.250000000000000305e-03
5.527800000000000047e+00 1.275999999999999912e-01 -1.329000000000000181e-01 5.780000000000000415e-02
5.691499999999999559e+00 1.275999999999999912e-01 -1.416499999999999981e-01 5.240000000000000213e-02
5.855100000000000193e+00 1.275999999999999912e-01 -1.328499999999999959e-01 2.860000000000000042e-02
6.018799999999999706e+00 1.275999999999999912e-01 -7.699999999999999900e-02 -1.689999999999999836e-02
6.182400000000000340e+00 1.275999999999999912e-01 -8.394999999999999685e-02 -3.599999999999999901e-03
6.346099999999999852e+00 1.275999999999999912e-01 -1.427499999999999880e-01 -1.094999999999999966e-02
6.509699999999999598e+00 1.275999999999999912e-01 -1.068000000000000060e-01 -1.955000000000000140e-02
6.673300000000000232e+00 1.275999999999999912e-01 -9.204999999999999294e-02 -7.199999999999999803e-03
6.836999999999999744e+00 1.275999999999999912e-01 -1.164499999999999980e-01 -3.800000000000000426e-03
7.000600000000000378e+00 1.275999999999999912e-01 -7.284999999999999809e-02 -2.000000000000000909e-04
7.164299999999999891e+00 1.275999999999999912e-01 -7.639999999999999569e-02 -1.150000000000000197e-03
7.327899999999999636e+00 1.275999999999999912e-01 -9.210000000000000131e-02 1.490000000000000005e-02
