1.275999999999999912e-01 1.927699999999999969e+00 1.945000000000000201e-02 4.064999999999999863e-02
2.913000000000000034e-01 1.927699999999999969e+00 2.285000000000000225e-02 4.295000000000000207e-02
4.549000000000000266e-01 1.927699999999999969e+00 1.524999999999999967e-02 4.424999999999999767e-02
6.186000000000000387e-01 1.927699999999999969e+00 1.080000000000000057e-02 4.539999999999999591e-02
7.822000000000000064e-01 1.927699999999999969e+00 8.750000000000000833e-03 5.075000000000000344e-02
9.458999999999999631e-01 1.927699999999999969e+00 7.700000000000000247e-03 5.015000000000000013e-02
1.109499999999999931e+00 1.927699999999999969e+00 3.550000000000000204e-03 5.274999999999999828e-02
1.273099999999999898e+00 1.927699999999999969e+00 7.650000000000000550e-03 4.800000000000000100e-02
1.436800000000000077e+00 1.927699999999999969e+00 1.200000000000000025e-02 4.420000000000000318e-02
1.600400000000000045e+00 1.927699999999999969e+00 8.000000000000000167e-03 5.219999999999999640e-02
1.764100000000000001e+00 1.927699999999999969e+00 2.550000000000000183e-03 5.150000000000000411e-02
1.927699999999999969e+00 1.927699999999999969e+00 1.565000000000000072e-02 4.099999999999999478e-02
2.091400000000000148e+00 1.927699999999999969e+00 1.315000000000000023e-02 4.574999999999999900e-02
2.254999999999999893e+00 1.927699999999999969e+00 2.359999999999999945e-02 4.320000000000000229e-02
2.418600000000000083e+00 1.927699999999999969e+00 2.324999999999999983e-02 4.070000000000000007e-02
2.582300000000000040e+00 1.927699999999999969e+00 2.269999999999999796e-02 3.969999999999999918e-02
2.745899999999999785e+00 1.927699999999999969e+00 2.189999999999999933e-02 3.719999999999999696e-02
2.909600000000000186e+00 1.927699999999999969e+00 2.025000000000000064e-02 3.974999999999999367e-02
3.073199999999999932e+00 1.927699999999999969e+00 1.970000000000000223e-02 4.145000000000000073e-02
3.236800000000000122e+00 1.927699999999999969e+00 1.830000000000000029e-02 3.790000000000000313e-02
3.400500000000000078e+00 1.927699999999999969e+00 2.280000000000000082e-02 3.594999999999999585e-02
3.564099999999999824e+00 1.927699999999999969e+00 2.299999999999999961e-02 3.619999999999999607e-02
3.727799999999999780e+00 1.927699999999999969e+00 2.170000000000000054e-02 3.445000000000000145e-02
3.891399999999999970e+00 1.927699999999999969e+00 2.715000000000000052e-02 2.819999999999999937e-02
4.055100000000000371e+00 1.927699999999999969e+00 2.330000000000000127e-02 2.919999999999999679e-02
4.218700000000000117e+00 1.927699999999999969e+00 2.389999999999999764e-02 2.784999999999999976e-02
4.382299999999999862e+00 1.927699999999999969e+00 2.614999999999999963e-02 2.805000000000000202e-02
4.546000000000000263e+00 1.927699999999999969e+00 2.879999999999999921e-02 2.404999999999999846e-02
4.709600000000000009e+00 1.927699999999999969e+00 2.629999999999999699e-02 2.210000000000000159e-02
4.873300000000000409e+00 1.927699999999999969e+00 2.414999999999999786e-02 1.519999999999999997e-02
5.036900000000000155e+00 1.927699999999999969e+00 2.535000000000000100e-02 1.340000000000000045e-02
5.200599999999999667e+00 1.927699999999999969e+00 2.324999999999999983e-02 1.049999999999999892e-02
5.364200000000000301e+00 1.927699999999999969e+00 1.990000000000000102e-02 1.050000000000000065e-02
5.527800000000000047e+00 1.927699999999999969e+00 1.759999999999999759e-02 1.024999999999999870e-02
5.691499999999999559e+00 1.927699999999999969e+00 1.519999999999999997e-02 7.150000000000000105e-03
5.855100000000000193e+00 1.927699999999999969e+00 1.370000000000000037e-02 4.800000000000000447e-03
6.018799999999999706e+00 1.927699999999999969e+00 1.264999999999999979e-02 7.649999999999999682e-03
6.182400000000000340e+00 1.927699999999999969e+00 1.030000000000000013e-02 5.900000000000000730e-03
6.346099999999999852e+00 1.927699999999999969e+00 5.749999999999999903e-03 4.499999999999999660e-03
6.509699999999999598e+00 1.927699999999999969e+00 5.449999999999999983e-03 7.249999999999999500e-03
6.673300000000000232e+00 1.927699999999999969e+00 2.899999999999999800e-03 8.649999999999999703e-03
6.836999999999999744e+00 1.927699999999999969e+00 3.349999999999999679e-03 1.119999999999999989e-02
7.000600000000000378e+00 1.927699999999999969e+00 3.299999999999999982e-03 1.010000000000000134e-02
7.164299999999999891e+00 1.927699999999999969e+00 7.999999999999999299e-04 1.104999999999999906e-02
7.327899999999999636e+00 1.927699999999999969e+00 5.999999999999999474e-04 1.379999999999999977e-02
1.275999999999999912e-01 1.764100000000000001e+00 1.070000000000000118e-02 4.630000000000000088e-02
2.913000000000000034e-01 1.764100000000000001e+00 2.504999999999999935e-02 4.195000000000000118e-02
4.549000000000000266e-01 1.764100000000000001e+00 1.655000000000000221e-02 4.585000000000000187e-02
6.186000000000000387e-01 1.764100000000000001e+00 8.899999999999999925e-03 5.365000000000000324e-02
7.822000000000000064e-01 1.764100000000000001e+00 1.779999999999999985e-02 5.079999999999999793e-02
9.458999999999999631e-01 1.764100000000000001e+00 1.250000000000000069e-02 4.900000000000000189e-02
1.109499999999999931e+00 1.764100000000000001e+00 6.550000000000000266e-03 5.415000000000000369e-02
1.273099999999999898e+00 1.764100000000000001e+00 2.499999999999999618e-03 5.695000000000000062e-02
1.436800000000000077e+00 1.764100000000000001e+00 7.749999999999999944e-03 5.525000000000000050e-02
1.600400000000000045e+00 1.764100000000000001e+00 4.599999999999999922e-03 5.674999999999999489e-02
1.764100000000000001e+00 1.764100000000000001e+00 3.599999999999999901e-03 5.505000000000000171e-02
1.927699999999999969e+00 1.764100000000000001e+00 1.215000000000000108e-02 5.090000000000000080e-02
2.091400000000000148e+00 1.764100000000000001e+00 2.389999999999999764e-02 4.535000000000000142e-02
2.254999999999999893e+00 1.764100000000000001e+00 2.580000000000000002e-02 4.560000000000000164e-02
2.418600000000000083e+00 1.764100000000000001e+00 1.664999999999999813e-02 4.704999999999999460e-02
2.582300000000000040e+00 1.764100000000000001e+00 2.174999999999999850e-02 4.359999999999999987e-02
2.745899999999999785e+00 1.764100000000000001e+00 2.405000000000000193e-02 4.259999999999999898e-02
2.909600000000000186e+00 1.764100000000000001e+00 2.099999999999999784e-02 4.199999999999999567e-02
3.073199999999999932e+00 1.764100000000000001e+00 2.060000000000000026e-02 4.095000000000000029e-02
3.236800000000000122e+00 1.764100000000000001e+00 2.649999999999999925e-02 4.095000000000000029e-02
3.400500000000000078e+00 1.764100000000000001e+00 2.645000000000000129e-02 3.550000000000000377e-02
3.564099999999999824e+00 1.764100000000000001e+00 2.659999999999999865e-02 3.584999999999999992e-02
3.727799999999999780e+00 1.764100000000000001e+00 2.680000000000000090e-02 3.400000000000000244e-02
3.891399999999999970e+00 1.764100000000000001e+00 2.895000000000000004e-02 3.225000000000000089e-02
4.055100000000000371e+00 1.764100000000000001e+00 3.035000000000000198e-02 3.019999999999999768e-02
4.218700000000000117e+00 1.764100000000000001e+00 3.065000000000000016e-02 2.854999999999999899e-02
4.382299999999999862e+00 1.764100000000000001e+00 2.999999999999999889e-02 2.645000000000000129e-02
4.546000000000000263e+00 1.764100000000000001e+00 3.185000000000000331e-02 2.214999999999999955e-02
4.709600000000000009e+00 1.764100000000000001e+00 3.150000000000000022e-02 1.979999999999999816e-02
4.873300000000000409e+00 1.764100000000000001e+00 2.844999999999999959e-02 1.660000000000000017e-02
5.036900000000000155e+00 1.764100000000000001e+00 2.784999999999999976e-02 1.439999999999999961e-02
5.200599999999999667e+00 1.764100000000000001e+00 2.274999999999999939e-02 1.055000000000000035e-02
5.364200000000000301e+00 1.764100000000000001e+00 2.124999999999999806e-02 7.150000000000000105e-03
5.527800000000000047e+00 1.764100000000000001e+00 1.984999999999999959e-02 7.100000000000000408e-03
5.691499999999999559e+00 1.764100000000000001e+00 1.754999999999999963e-02 7.550000000000000287e-03
5.855100000000000193e+00 1.764100000000000001e+00 1.420000000000000082e-02 4.550000000000000225e-03
6.018799999999999706e+00 1.764100000000000001e+00 1.094999999999999966e-02 4.550000000000000225e-03
6.182400000000000340e+00 1.764100000000000001e+00 9.049999999999999017e-03 4.200000000000000608e-03
6.346099999999999852e+00 1.764100000000000001e+00 5.350000000000000588e-03 3.250000000000000284e-03
6.509699999999999598e+00 1.764100000000000001e+00 5.050000000000000669e-03 5.949999999999999560e-03
6.673300000000000232e+00 1.764100000000000001e+00 2.249999999999999830e-03 7.849999999999999339e-03
6.836999999999999744e+00 1.764100000000000001e+00 5.999999999999999474e-04 8.949999999999999623e-03
7.000600000000000378e+00 1.764100000000000001e+00 -5.499999999999999247e-04 1.030000000000000013e-02
7.164299999999999891e+00 1.764100000000000001e+00 -2.100000000000000304e-03 1.400000000000000029e-02
7.327899999999999636e+00 1.764100000000000001e+00 2.399999999999999790e-03 1.710000000000000062e-02
1.275999999999999912e-01 1.600400000000000045e+00 8.250000000000000389e-03 4.850000000000000144e-02
2.913000000000000034e-01 1.600400000000000045e+00 1.920000000000000179e-02 4.520000000000000406e-02
4.549000000000000266e-01 1.600400000000000045e+00 8.899999999999999925e-03 5.444999999999999840e-02
6.186000000000000387e-01 1.600400000000000045e+00 3.199999999999999720e-03 5.714999999999999941e-02
7.822000000000000064e-01 1.600400000000000045e+00 1.634999999999999995e-02 5.304999999999999993e-02
9.458999999999999631e-01 1.600400000000000045e+00 1.724999999999999797e-02 4.879999999999999616e-02
1.109499999999999931e+00 1.600400000000000045e+00 1.170000000000000033e-02 5.665000000000000591e-02
1.273099999999999898e+00 1.600400000000000045e+00 3.050000000000000194e-03 5.895000000000000240e-02
1.436800000000000077e+00 1.600400000000000045e+00 1.074999999999999914e-02 5.699999999999999512e-02
1.600400000000000045e+00 1.600400000000000045e+00 9.700000000000000289e-03 6.104999999999999316e-02
1.764100000000000001e+00 1.600400000000000045e+00 8.199999999999998956e-03 5.754999999999999699e-02
1.927699999999999969e+00 1.600400000000000045e+00 1.260000000000000009e-02 5.530000000000000193e-02
2.091400000000000148e+00 1.600400000000000045e+00 2.285000000000000225e-02 4.900000000000000189e-02
2.254999999999999893e+00 1.600400000000000045e+00 2.299999999999999961e-02 4.964999999999999969e-02
2.418600000000000083e+00 1.600400000000000045e+00 1.845000000000000112e-02 4.660000000000000253e-02
2.582300000000000040e+00 1.600400000000000045e+00 2.574999999999999858e-02 3.975000000000000061e-02
2.745899999999999785e+00 1.600400000000000045e+00 2.165000000000000258e-02 4.420000000000000318e-02
2.909600000000000186e+00 1.600400000000000045e+00 2.179999999999999993e-02 4.180000000000000382e-02
3.073199999999999932e+00 1.600400000000000045e+00 2.360000000000000292e-02 4.030000000000000249e-02
3.236800000000000122e+00 1.600400000000000045e+00 2.929999999999999966e-02 3.780000000000000027e-02
3.400500000000000078e+00 1.600400000000000045e+00 2.520000000000000018e-02 3.810000000000000192e-02
3.564099999999999824e+00 1.600400000000000045e+00 3.099999999999999978e-02 3.855000000000000093e-02
3.727799999999999780e+00 1.600400000000000045e+00 3.110000000000000264e-02 3.840000000000000357e-02
3.891399999999999970e+00 1.600400000000000045e+00 3.105000000000000121e-02 3.594999999999999585e-02
4.055100000000000371e+00 1.600400000000000045e+00 3.459999999999999881e-02 3.239999999999999825e-02
4.218700000000000117e+00 1.600400000000000045e+00 3.475000000000000311e-02 2.865000000000000185e-02
4.382299999999999862e+00 1.600400000000000045e+00 3.180000000000000188e-02 2.364999999999999741e-02
4.546000000000000263e+00 1.600400000000000045e+00 3.450000000000000289e-02 2.020000000000000268e-02
4.709600000000000009e+00 1.600400000000000045e+00 3.350000000000000200e-02 1.685000000000000039e-02
4.873300000000000409e+00 1.600400000000000045e+00 3.239999999999999825e-02 1.290000000000000001e-02
5.036900000000000155e+00 1.600400000000000045e+00 2.989999999999999603e-02 1.099999999999999936e-02
5.200599999999999667e+00 1.600400000000000045e+00 2.645000000000000129e-02 6.749999999999999924e-03
5.364200000000000301e+00 1.600400000000000045e+00 2.430000000000000215e-02 7.500000000000000156e-04
5.527800000000000047e+00 1.600400000000000045e+00 2.189999999999999933e-02 3.950000000000000386e-03
5.691499999999999559e+00 1.600400000000000045e+00 2.009999999999999981e-02 3.799999999999999992e-03
5.855100000000000193e+00 1.600400000000000045e+00 1.594999999999999890e-02 4.150000000000000043e-03
6.018799999999999706e+00 1.600400000000000045e+00 1.049999999999999892e-02 5.000000000000013115e-05
6.182400000000000340e+00 1.600400000000000045e+00 8.699999999999999400e-03 1.899999999999999779e-03
6.346099999999999852e+00 1.600400000000000045e+00 6.200000000000000649e-03 3.899999999999999821e-03
6.509699999999999598e+00 1.600400000000000045e+00 2.899999999999999800e-03 6.000000000000000559e-04
6.673300000000000232e+00 1.600400000000000045e+00 2.350000000000000092e-03 5.000000000000000104e-03
6.836999999999999744e+00 1.600400000000000045e+00 -1.000000000000000454e-04 5.850000000000000165e-03
7.000600000000000378e+00 1.600400000000000045e+00 -2.900000000000000234e-03 7.199999999999999803e-03
7.164299999999999891e+00 1.600400000000000045e+00 -4.250000000000000305e-03 1.274999999999999918e-02
7.327899999999999636e+00 1.600400000000000045e+00 -5.749999999999999903e-03 1.554999999999999959e-02
1.275999999999999912e-01 1.436800000000000077e+00 3.550000000000000204e-03 5.439999999999999697e-02
2.913000000000000034e-01 1.436800000000000077e+00 6.649999999999999661e-03 5.274999999999999828e-02
4.549000000000000266e-01 1.436800000000000077e+00 1.350000000000000071e-03 5.674999999999999489e-02
6.186000000000000387e-01 1.436800000000000077e+00 -2.999999999999999195e-04 6.045000000000000373e-02
7.822000000000000064e-01 1.436800000000000077e+00 4.499999999999999660e-03 5.970000000000000306e-02
9.458999999999999631e-01 1.436800000000000077e+00 1.294999999999999971e-02 5.830000000000000460e-02
1.109499999999999931e+00 1.436800000000000077e+00 1.425000000000000051e-02 5.934999999999999998e-02
1.273099999999999898e+00 1.436800000000000077e+00 9.100000000000000450e-03 6.199999999999999956e-02
1.436800000000000077e+00 1.436800000000000077e+00 1.480000000000000066e-02 6.115000000000000296e-02
1.600400000000000045e+00 1.436800000000000077e+00 1.824999999999999886e-02 6.279999999999999472e-02
1.764100000000000001e+00 1.436800000000000077e+00 1.255000000000000039e-02 6.224999999999999978e-02
1.927699999999999969e+00 1.436800000000000077e+00 1.379999999999999977e-02 6.199999999999999956e-02
2.091400000000000148e+00 1.436800000000000077e+00 2.065000000000000169e-02 5.465000000000000413e-02
2.254999999999999893e+00 1.436800000000000077e+00 2.230000000000000038e-02 4.909999999999999781e-02
2.418600000000000083e+00 1.436800000000000077e+00 2.260000000000000203e-02 4.829999999999999571e-02
2.582300000000000040e+00 1.436800000000000077e+00 2.299999999999999961e-02 4.735000000000000320e-02
2.745899999999999785e+00 1.436800000000000077e+00 2.140000000000000235e-02 4.945000000000000090e-02
2.909600000000000186e+00 1.436800000000000077e+00 2.459999999999999687e-02 4.539999999999999591e-02
3.073199999999999932e+00 1.436800000000000077e+00 2.770000000000000240e-02 4.329999999999999821e-02
3.236800000000000122e+00 1.436800000000000077e+00 2.904999999999999943e-02 3.950000000000000039e-02
3.400500000000000078e+00 1.436800000000000077e+00 2.929999999999999966e-02 3.660000000000000059e-02
3.564099999999999824e+00 1.436800000000000077e+00 3.309999999999999748e-02 3.620000000000000301e-02
3.727799999999999780e+00 1.436800000000000077e+00 3.459999999999999881e-02 3.624999999999999750e-02
3.891399999999999970e+00 1.436800000000000077e+00 3.584999999999999992e-02 3.550000000000000377e-02
4.055100000000000371e+00 1.436800000000000077e+00 3.445000000000000145e-02 3.074999999999999956e-02
4.218700000000000117e+00 1.436800000000000077e+00 3.569999999999999563e-02 2.625000000000000250e-02
4.382299999999999862e+00 1.436800000000000077e+00 3.690000000000000224e-02 2.129999999999999949e-02
4.546000000000000263e+00 1.436800000000000077e+00 3.619999999999999607e-02 2.069999999999999965e-02
4.709600000000000009e+00 1.436800000000000077e+00 3.550000000000000377e-02 1.714999999999999858e-02
4.873300000000000409e+00 1.436800000000000077e+00 3.445000000000000145e-02 1.149999999999999981e-02
5.036900000000000155e+00 1.436800000000000077e+00 3.320000000000000034e-02 7.000000000000000146e-03
5.200599999999999667e+00 1.436800000000000077e+00 3.214999999999999802e-02 3.700000000000000164e-03
5.364200000000000301e+00 1.436800000000000077e+00 2.734999999999999931e-02 3.499999999999999964e-04
5.527800000000000047e+00 1.436800000000000077e+00 2.350000000000000006e-02 1.049999999999999935e-03
5.691499999999999559e+00 1.436800000000000077e+00 1.959999999999999937e-02 2.850000000000000103e-03
5.855100000000000193e+00 1.436800000000000077e+00 1.584999999999999951e-02 7.499999999999999072e-04
6.018799999999999706e+00 1.436800000000000077e+00 1.130000000000000102e-02 -2.049999999999999739e-03
6.182400000000000340e+00 1.436800000000000077e+00 1.039999999999999952e-02 4.000000000000000083e-03
6.346099999999999852e+00 1.436800000000000077e+00 8.750000000000000833e-03 6.949999999999999581e-03
6.509699999999999598e+00 1.436800000000000077e+00 1.899999999999999996e-03 -6.000000000000000559e-04
6.673300000000000232e+00 1.436800000000000077e+00 5.000000000000000104e-04 3.000000000000000062e-03
6.836999999999999744e+00 1.436800000000000077e+00 1.050000000000000152e-03 7.299999999999999198e-03
7.000600000000000378e+00 1.436800000000000077e+00 3.500000000000002675e-04 1.069999999999999944e-02
7.164299999999999891e+00 1.436800000000000077e+00 -3.850000000000000124e-03 1.240000000000000130e-02
7.327899999999999636e+00 1.436800000000000077e+00 -8.899999999999999925e-03 8.949999999999999623e-03
1.275999999999999912e-01 1.273099999999999898e+00 -3.650000000000000033e-03 6.040000000000000230e-02
2.913000000000000034e-01 1.273099999999999898e+00 -2.700000000000000143e-03 6.160000000000000198e-02
4.549000000000000266e-01 1.273099999999999898e+00 4.349999999999999700e-03 6.074999999999999845e-02
6.186000000000000387e-01 1.273099999999999898e+00 6.799999999999999621e-03 6.350000000000000089e-02
7.822000000000000064e-01 1.273099999999999898e+00 1.499999999999999814e-03 6.729999999999999871e-02
9.458999999999999631e-01 1.273099999999999898e+00 5.650000000000000508e-03 6.800000000000000488e-02
1.109499999999999931e+00 1.273099999999999898e+00 1.969999999999999876e-02 6.074999999999999845e-02
1.273099999999999898e+00 1.273099999999999898e+00 1.420000000000000082e-02 6.695000000000000950e-02
1.436800000000000077e+00 1.273099999999999898e+00 1.179999999999999973e-02 7.064999999999999059e-02
1.600400000000000045e+00 1.273099999999999898e+00 1.290000000000000001e-02 7.230000000000000315e-02
1.764100000000000001e+00 1.273099999999999898e+00 1.264999999999999979e-02 7.000000000000000666e-02
1.927699999999999969e+00 1.273099999999999898e+00 2.145000000000000032e-02 6.205000000000000099e-02
2.091400000000000148e+00 1.273099999999999898e+00 2.620000000000000107e-02 6.095000000000000417e-02
2.254999999999999893e+00 1.273099999999999898e+00 2.575000000000000205e-02 5.614999999999999852e-02
2.418600000000000083e+00 1.273099999999999898e+00 2.550000000000000183e-02 5.525000000000000050e-02
2.582300000000000040e+00 1.273099999999999898e+00 2.740000000000000074e-02 5.149999999999999717e-02
2.745899999999999785e+00 1.273099999999999898e+00 2.614999999999999963e-02 4.839999999999999858e-02
2.909600000000000186e+00 1.273099999999999898e+00 2.624999999999999903e-02 4.714999999999999747e-02
3.073199999999999932e+00 1.273099999999999898e+00 3.125000000000000000e-02 4.499999999999999833e-02
3.236800000000000122e+00 1.273099999999999898e+00 3.214999999999999802e-02 4.159999999999999809e-02
3.400500000000000078e+00 1.273099999999999898e+00 3.470000000000000168e-02 3.765000000000000291e-02
3.564099999999999824e+00 1.273099999999999898e+00 3.420000000000000123e-02 3.760000000000000148e-02
3.727799999999999780e+00 1.273099999999999898e+00 3.640000000000000180e-02 3.665000000000000202e-02
3.891399999999999970e+00 1.273099999999999898e+00 3.840000000000000357e-02 3.484999999999999903e-02
4.055100000000000371e+00 1.273099999999999898e+00 3.959999999999999631e-02 3.375000000000000222e-02
4.218700000000000117e+00 1.273099999999999898e+00 3.715000000000000246e-02 2.614999999999999963e-02
4.382299999999999862e+00 1.273099999999999898e+00 3.974999999999999367e-02 2.340000000000000066e-02
4.546000000000000263e+00 1.273099999999999898e+00 4.055000000000000271e-02 1.834999999999999826e-02
4.709600000000000009e+00 1.273099999999999898e+00 4.240000000000000019e-02 1.294999999999999971e-02
4.873300000000000409e+00 1.273099999999999898e+00 4.189999999999999974e-02 6.449999999999999137e-03
5.036900000000000155e+00 1.273099999999999898e+00 3.905000000000000138e-02 2.100000000000000304e-03
5.200599999999999667e+00 1.273099999999999898e+00 3.685000000000000081e-02 1.750000000000000253e-03
5.364200000000000301e+00 1.273099999999999898e+00 3.125000000000000000e-02 2.949999999999999931e-03
5.527800000000000047e+00 1.273099999999999898e+00 2.675000000000000294e-02 1.850000000000000082e-03
5.691499999999999559e+00 1.273099999999999898e+00 2.110000000000000070e-02 -1.699999999999999905e-03
5.855100000000000193e+00 1.273099999999999898e+00 1.689999999999999836e-02 -2.999999999999999195e-04
6.018799999999999706e+00 1.273099999999999898e+00 1.420000000000000082e-02 -1.750000000000000036e-03
6.182400000000000340e+00 1.273099999999999898e+00 1.009999999999999960e-02 6.000000000000000559e-04
6.346099999999999852e+00 1.273099999999999898e+00 5.899999999999999863e-03 -6.000000000000000125e-03
6.509699999999999598e+00 1.273099999999999898e+00 3.299999999999999982e-03 -8.200000000000000691e-03
6.673300000000000232e+00 1.273099999999999898e+00 2.850000000000000103e-03 -5.500000000000000331e-04
6.836999999999999744e+00 1.273099999999999898e+00 2.499999999999999618e-03 1.849999999999999865e-03
7.000600000000000378e+00 1.273099999999999898e+00 3.500000000000000507e-03 8.850000000000000228e-03
7.164299999999999891e+00 1.273099999999999898e+00 -1.799999999999999951e-03 1.434999999999999991e-02
7.327899999999999636e+00 1.273099999999999898e+00 -7.249999999999999500e-03 1.425000000000000051e-02
1.275999999999999912e-01 1.109499999999999931e+00 -9.600000000000000894e-03 6.520000000000000795e-02
2.913000000000000034e-01 1.109499999999999931e+00 -6.100000000000000387e-03 6.754999999999999893e-02
4.549000000000000266e-01 1.109499999999999931e+00 -4.449999999999999963e-03 6.894999999999999740e-02
6.186000000000000387e-01 1.109499999999999931e+00 -6.599999999999999964e-03 7.730000000000000759e-02
7.822000000000000064e-01 1.109499999999999931e+00 -3.150000000000000022e-03 7.914999999999999813e-02
9.458999999999999631e-01 1.109499999999999931e+00 -3.700000000000000164e-03 7.910000000000000364e-02
1.109499999999999931e+00 1.109499999999999931e+00 2.199999999999999699e-03 7.885000000000000342e-02
1.273099999999999898e+00 1.109499999999999931e+00 1.264999999999999979e-02 7.789999999999999702e-02
1.436800000000000077e+00 1.109499999999999931e+00 9.100000000000000450e-03 7.895000000000000628e-02
1.600400000000000045e+00 1.109499999999999931e+00 8.349999999999999784e-03 7.969999999999999307e-02
1.764100000000000001e+00 1.109499999999999931e+00 1.264999999999999979e-02 7.774999999999999967e-02
1.927699999999999969e+00 1.109499999999999931e+00 1.979999999999999816e-02 7.359999999999999876e-02
2.091400000000000148e+00 1.109499999999999931e+00 2.214999999999999955e-02 6.909999999999999476e-02
2.254999999999999893e+00 1.109499999999999931e+00 2.804999999999999855e-02 6.464999999999999913e-02
2.418600000000000083e+00 1.109499999999999931e+00 3.180000000000000188e-02 5.900000000000000383e-02
2.582300000000000040e+00 1.109499999999999931e+00 2.950000000000000192e-02 5.559999999999999665e-02
2.745899999999999785e+00 1.109499999999999931e+00 3.295000000000000012e-02 5.104999999999999816e-02
2.909600000000000186e+00 1.109499999999999931e+00 3.395000000000000101e-02 4.929999999999999660e-02
3.073199999999999932e+00 1.109499999999999931e+00 3.515000000000000069e-02 4.680000000000000132e-02
3.236800000000000122e+00 1.109499999999999931e+00 3.830000000000000071e-02 4.329999999999999821e-02
3.400500000000000078e+00 1.109499999999999931e+00 3.869999999999999829e-02 4.170000000000000095e-02
3.564099999999999824e+00 1.109499999999999931e+00 3.969999999999999918e-02 3.790000000000000313e-02
3.727799999999999780e+00 1.109499999999999931e+00 3.834999999999999520e-02 3.729999999999999982e-02
3.891399999999999970e+00 1.109499999999999931e+00 4.019999999999999962e-02 3.694999999999999674e-02
4.055100000000000371e+00 1.109499999999999931e+00 4.070000000000000007e-02 3.445000000000000145e-02
4.218700000000000117e+00 1.109499999999999931e+00 4.495000000000000384e-02 3.119999999999999857e-02
4.382299999999999862e+00 1.109499999999999931e+00 4.909999999999999781e-02 2.970000000000000070e-02
4.546000000000000263e+00 1.109499999999999931e+00 4.539999999999999591e-02 2.069999999999999965e-02
4.709600000000000009e+00 1.109499999999999931e+00 4.925000000000000211e-02 9.850000000000001116e-03
4.873300000000000409e+00 1.109499999999999931e+00 4.785000000000000364e-02 1.200000000000000112e-03
5.036900000000000155e+00 1.109499999999999931e+00 4.490000000000000241e-02 -5.449999999999999983e-03
5.200599999999999667e+00 1.109499999999999931e+00 4.424999999999999767e-02 -3.350000000000000113e-03
5.364200000000000301e+00 1.109499999999999931e+00 3.569999999999999563e-02 -8.949999999999999623e-03
5.527800000000000047e+00 1.109499999999999931e+00 3.194999999999999923e-02 -1.010000000000000134e-02
5.691499999999999559e+00 1.109499999999999931e+00 2.290000000000000022e-02 -7.700000000000000247e-03
5.855100000000000193e+00 1.109499999999999931e+00 1.854999999999999705e-02 -5.799999999999999600e-03
6.018799999999999706e+00 1.109499999999999931e+00 1.650000000000000078e-02 -8.200000000000000691e-03
6.182400000000000340e+00 1.109499999999999931e+00 1.290000000000000001e-02 -5.449999999999999983e-03
6.346099999999999852e+00 1.109499999999999931e+00 7.249999999999999500e-03 -8.850000000000000228e-03
6.509699999999999598e+00 1.109499999999999931e+00 6.250000000000000347e-03 -6.550000000000000266e-03
6.673300000000000232e+00 1.109499999999999931e+00 5.849999999999999298e-03 -2.249999999999999830e-03
6.836999999999999744e+00 1.109499999999999931e+00 3.800000000000000426e-03 2.999999999999999195e-04
7.000600000000000378e+00 1.109499999999999931e+00 2.250000000000000264e-03 4.499999999999999660e-03
7.164299999999999891e+00 1.109499999999999931e+00 -3.199999999999999720e-03 3.800000000000000426e-03
7.327899999999999636e+00 1.109499999999999931e+00 -8.949999999999999623e-03 8.300000000000000086e-03
1.275999999999999912e-01 9.458999999999999631e-01 -2.149999999999999828e-02 7.245000000000000051e-02
2.913000000000000034e-01 9.458999999999999631e-01 -1.694999999999999979e-02 7.605000000000000648e-02
4.549000000000000266e-01 9.458999999999999631e-01 -2.025000000000000064e-02 8.099999999999998868e-02
6.186000000000000387e-01 9.458999999999999631e-01 -7.950000000000000469e-03 8.640000000000000457e-02
7.822000000000000064e-01 9.458999999999999631e-01 -7.599999999999999985e-03 8.815000000000000613e-02
9.458999999999999631e-01 9.458999999999999631e-01 -6.500000000000000569e-03 9.020000000000000240e-02
1.109499999999999931e+00 9.458999999999999631e-01 -1.700000000000000122e-03 9.055000000000000548e-02
1.273099999999999898e+00 9.458999999999999631e-01 -2.550000000000000183e-03 9.285000000000000198e-02
1.436800000000000077e+00 9.458999999999999631e-01 -3.749999999999999861e-03 9.415000000000001146e-02
1.600400000000000045e+00 9.458999999999999631e-01 5.300000000000000024e-03 9.099999999999999756e-02
1.764100000000000001e+00 9.458999999999999631e-01 1.324999999999999963e-02 8.870000000000000107e-02
1.927699999999999969e+00 9.458999999999999631e-01 1.714999999999999858e-02 8.724999999999999423e-02
2.091400000000000148e+00 9.458999999999999631e-01 2.695000000000000173e-02 7.780000000000000804e-02
2.254999999999999893e+00 9.458999999999999631e-01 3.185000000000000331e-02 7.555000000000000604e-02
2.418600000000000083e+00 9.458999999999999631e-01 3.320000000000000034e-02 6.794999999999999651e-02
2.582300000000000040e+00 9.458999999999999631e-01 3.230000000000000232e-02 6.650000000000000355e-02
2.745899999999999785e+00 9.458999999999999631e-01 3.429999999999999716e-02 6.110000000000000153e-02
2.909600000000000186e+00 9.458999999999999631e-01 3.584999999999999992e-02 5.505000000000000171e-02
3.073199999999999932e+00 9.458999999999999631e-01 3.735000000000000125e-02 5.179999999999999882e-02
3.236800000000000122e+00 9.458999999999999631e-01 3.969999999999999918e-02 4.620000000000000495e-02
3.400500000000000078e+00 9.458999999999999631e-01 4.019999999999999962e-02 4.109999999999999765e-02
3.564099999999999824e+00 9.458999999999999631e-01 4.120000000000000051e-02 4.089999999999999886e-02
3.727799999999999780e+00 9.458999999999999631e-01 4.195000000000000118e-02 3.855000000000000093e-02
3.891399999999999970e+00 9.458999999999999631e-01 4.295000000000000207e-02 3.769999999999999740e-02
4.055100000000000371e+00 9.458999999999999631e-01 4.564999999999999614e-02 3.515000000000000069e-02
4.218700000000000117e+00 9.458999999999999631e-01 4.889999999999999902e-02 3.180000000000000188e-02
4.382299999999999862e+00 9.458999999999999631e-01 5.254999999999999949e-02 2.729999999999999788e-02
4.546000000000000263e+00 9.458999999999999631e-01 5.319999999999999729e-02 1.549999999999999989e-02
4.709600000000000009e+00 9.458999999999999631e-01 5.834999999999999909e-02 1.219999999999999904e-02
4.873300000000000409e+00 9.458999999999999631e-01 5.319999999999999729e-02 6.800000000000000488e-03
5.036900000000000155e+00 9.458999999999999631e-01 5.094999999999999529e-02 -2.799999999999999972e-03
5.200599999999999667e+00 9.458999999999999631e-01 4.935000000000000497e-02 -7.950000000000000469e-03
5.364200000000000301e+00 9.458999999999999631e-01 4.449999999999999789e-02 -1.414999999999999938e-02
5.527800000000000047e+00 9.458999999999999631e-01 3.784999999999999476e-02 -2.049999999999999739e-02
5.691499999999999559e+00 9.458999999999999631e-01 3.125000000000000000e-02 -1.464999999999999983e-02
5.855100000000000193e+00 9.458999999999999631e-01 2.380000000000000171e-02 -9.049999999999999017e-03
6.018799999999999706e+00 9.458999999999999631e-01 1.880000000000000074e-02 -5.950000000000000427e-03
6.182400000000000340e+00 9.458999999999999631e-01 1.609999999999999973e-02 -1.899999999999999996e-03
6.346099999999999852e+00 9.458999999999999631e-01 1.450000000000000074e-02 -6.199999999999999782e-03
6.509699999999999598e+00 9.458999999999999631e-01 1.464999999999999983e-02 -1.219999999999999904e-02
6.673300000000000232e+00 9.458999999999999631e-01 1.269999999999999948e-02 -9.199999999999999845e-03
6.836999999999999744e+00 9.458999999999999631e-01 1.260000000000000009e-02 1.400000000000000203e-03
7.000600000000000378e+00 9.458999999999999631e-01 2.799999999999999538e-03 -5.249999999999999459e-03
7.164299999999999891e+00 9.458999999999999631e-01 -5.449999999999999983e-03 -1.484999999999999862e-02
7.327899999999999636e+00 9.458999999999999631e-01 -1.414999999999999938e-02 -6.599999999999999964e-03
1.275999999999999912e-01 7.822000000000000064e-01 -3.219999999999999946e-02 8.335000000000000742e-02
2.913000000000000034e-01 7.822000000000000064e-01 -3.830000000000000071e-02 9.120000000000000329e-02
4.549000000000000266e-01 7.822000000000000064e-01 -2.439999999999999808e-02 9.420000000000000595e-02
6.186000000000000387e-01 7.822000000000000064e-01 -1.884999999999999870e-02 9.795000000000000928e-02
7.822000000000000064e-01 7.822000000000000064e-01 -2.454999999999999891e-02 1.009500000000000119e-01
9.458999999999999631e-01 7.822000000000000064e-01 -1.499999999999999944e-02 1.047000000000000014e-01
1.109499999999999931e+00 7.822000000000000064e-01 -2.250000000000000264e-03 1.093999999999999972e-01
1.273099999999999898e+00 7.822000000000000064e-01 -7.599999999999999985e-03 1.142499999999999905e-01
1.436800000000000077e+00 7.822000000000000064e-01 -3.699999999999999730e-03 1.127999999999999975e-01
1.600400000000000045e+00 7.822000000000000064e-01 8.000000000000000167e-03 1.101999999999999924e-01
1.764100000000000001e+00 7.822000000000000064e-01 1.435000000000000164e-02 1.015999999999999959e-01
1.927699999999999969e+00 7.822000000000000064e-01 1.549999999999999989e-02 1.014499999999999985e-01
2.091400000000000148e+00 7.822000000000000064e-01 2.914999999999999883e-02 9.865000000000000158e-02
2.254999999999999893e+00 7.822000000000000064e-01 2.734999999999999931e-02 8.555000000000000104e-02
2.418600000000000083e+00 7.822000000000000064e-01 3.200000000000000067e-02 8.565000000000000391e-02
2.582300000000000040e+00 7.822000000000000064e-01 3.959999999999999631e-02 7.889999999999999791e-02
2.745899999999999785e+00 7.822000000000000064e-01 4.334999999999999964e-02 7.205000000000000293e-02
2.909600000000000186e+00 7.822000000000000064e-01 4.095000000000000029e-02 6.364999999999999825e-02
3.073199999999999932e+00 7.822000000000000064e-01 4.284999999999999920e-02 5.589999999999999830e-02
3.236800000000000122e+00 7.822000000000000064e-01 4.495000000000000384e-02 5.154999999999999860e-02
3.400500000000000078e+00 7.822000000000000064e-01 4.504999999999999977e-02 4.714999999999999747e-02
3.564099999999999824e+00 7.822000000000000064e-01 4.535000000000000142e-02 4.610000000000000209e-02
3.727799999999999780e+00 7.822000000000000064e-01 4.760000000000000342e-02 4.255000000000000449e-02
3.891399999999999970e+00 7.822000000000000064e-01 4.810000000000000386e-02 4.015000000000000513e-02
4.055100000000000371e+00 7.822000000000000064e-01 5.185000000000000026e-02 3.840000000000000357e-02
4.218700000000000117e+00 7.822000000000000064e-01 5.355000000000000038e-02 3.154999999999999472e-02
4.382299999999999862e+00 7.822000000000000064e-01 5.775000000000000272e-02 2.409999999999999989e-02
4.546000000000000263e+00 7.822000000000000064e-01 6.500000000000000222e-02 1.290000000000000001e-02
4.709600000000000009e+00 7.822000000000000064e-01 6.745000000000000995e-02 1.000000000000000021e-02
4.873300000000000409e+00 7.822000000000000064e-01 7.189999999999999170e-02 3.049999999999999760e-03
5.036900000000000155e+00 7.822000000000000064e-01 7.355000000000000426e-02 1.499999999999999598e-04
5.200599999999999667e+00 7.822000000000000064e-01 6.450000000000000178e-02 -1.605000000000000177e-02
5.364200000000000301e+00 7.822000000000000064e-01 6.185000000000000220e-02 -2.189999999999999933e-02
5.527800000000000047e+00 7.822000000000000064e-01 5.299999999999999850e-02 -2.405000000000000193e-02
5.691499999999999559e+00 7.822000000000000064e-01 4.604999999999999372e-02 -2.659999999999999865e-02
5.855100000000000193e+00 7.822000000000000064e-01 3.479999999999999760e-02 -2.564999999999999919e-02
6.018799999999999706e+00 7.822000000000000064e-01 2.400000000000000050e-02 -5.249999999999999459e-03
6.182400000000000340e+00 7.822000000000000064e-01 2.360000000000000292e-02 1.149999999999999981e-02
6.346099999999999852e+00 7.822000000000000064e-01 2.304999999999999757e-02 6.300000000000000044e-03
6.509699999999999598e+00 7.822000000000000064e-01 3.429999999999999716e-02 -3.230000000000000232e-02
6.673300000000000232e+00 7.822000000000000064e-01 3.719999999999999696e-02 -2.790000000000000119e-02
6.836999999999999744e+00 7.822000000000000064e-01 2.935000000000000109e-02 -1.820000000000000090e-02
7.000600000000000378e+00 7.822000000000000064e-01 1.685000000000000039e-02 -2.644999999999999782e-02
7.164299999999999891e+00 7.822000000000000064e-01 1.135000000000000071e-02 -1.980000000000000163e-02
7.327899999999999636e+00 7.822000000000000064e-01 1.359999999999999924e-02 -3.950000000000000386e-03
1.275999999999999912e-01 6.186000000000000387e-01 -3.529999999999999805e-02 1.004000000000000031e-01
2.913000000000000034e-01 6.186000000000000387e-01 -5.029999999999999749e-02 1.028499999999999970e-01
4.549000000000000266e-01 6.186000000000000387e-01 -4.255000000000000449e-02 1.069999999999999979e-01
6.186000000000000387e-01 6.186000000000000387e-01 -3.194999999999999923e-02 1.174999999999999933e-01
7.822000000000000064e-01 6.186000000000000387e-01 -3.440000000000000002e-02 1.248499999999999888e-01
9.458999999999999631e-01 6.186000000000000387e-01 -2.945000000000000395e-02 1.269000000000000128e-01
1.109499999999999931e+00 6.186000000000000387e-01 -1.454999999999999870e-02 1.270000000000000018e-01
1.273099999999999898e+00 6.186000000000000387e-01 -1.200000000000000025e-02 1.289500000000000091e-01
1.436800000000000077e+00 6.186000000000000387e-01 -7.349999999999999763e-03 1.235999999999999877e-01
1.600400000000000045e+00 6.186000000000000387e-01 4.649999999999999620e-03 1.235999999999999877e-01
1.764100000000000001e+00 6.186000000000000387e-01 3.000000000000000496e-03 1.174499999999999988e-01
1.927699999999999969e+00 6.186000000000000387e-01 8.600000000000000006e-03 1.104499999999999926e-01
2.091400000000000148e+00 6.186000000000000387e-01 3.454999999999999738e-02 1.179000000000000048e-01
2.254999999999999893e+00 6.186000000000000387e-01 2.910000000000000087e-02 1.083999999999999964e-01
2.418600000000000083e+00 6.186000000000000387e-01 4.105000000000000315e-02 1.049500000000000016e-01
2.582300000000000040e+00 6.186000000000000387e-01 4.929999999999999660e-02 9.450000000000000067e-02
2.745899999999999785e+00 6.186000000000000387e-01 4.755000000000000199e-02 8.360000000000000764e-02
2.909600000000000186e+00 6.186000000000000387e-01 5.319999999999999729e-02 7.480000000000000537e-02
3.073199999999999932e+00 6.186000000000000387e-01 5.359999999999999487e-02 6.345000000000000639e-02
3.236800000000000122e+00 6.186000000000000387e-01 5.384999999999999509e-02 5.634999999999999731e-02
3.400500000000000078e+00 6.186000000000000387e-01 5.154999999999999860e-02 5.344999999999999751e-02
3.564099999999999824e+00 6.186000000000000387e-01 5.154999999999999860e-02 4.870000000000000023e-02
3.727799999999999780e+00 6.186000000000000387e-01 5.465000000000000413e-02 4.555000000000000021e-02
3.891399999999999970e+00 6.186000000000000387e-01 5.430000000000000104e-02 4.399999999999999745e-02
4.055100000000000371e+00 6.186000000000000387e-01 5.639999999999999875e-02 4.735000000000000320e-02
4.218700000000000117e+00 6.186000000000000387e-01 5.975000000000000450e-02 4.070000000000000007e-02
4.382299999999999862e+00 6.186000000000000387e-01 7.159999999999999698e-02 2.609999999999999820e-02
4.546000000000000263e+00 6.186000000000000387e-01 7.670000000000000429e-02 1.594999999999999890e-02
4.709600000000000009e+00 6.186000000000000387e-01 7.799999999999999989e-02 1.305000000000000084e-02
4.873300000000000409e+00 6.186000000000000387e-01 8.524999999999999245e-02 2.650000000000000012e-03
5.036900000000000155e+00 6.186000000000000387e-01 8.909999999999999865e-02 -1.185000000000000116e-02
5.200599999999999667e+00 6.186000000000000387e-01 8.605000000000000149e-02 -2.600000000000000228e-02
5.364200000000000301e+00 6.186000000000000387e-01 8.319999999999999618e-02 -2.539999999999999897e-02
5.527800000000000047e+00 6.186000000000000387e-01 7.580000000000000626e-02 -2.564999999999999919e-02
5.691499999999999559e+00 6.186000000000000387e-01 5.599999999999999423e-02 -2.050000000000000086e-02
5.855100000000000193e+00 6.186000000000000387e-01 3.759999999999999454e-02 -6.300000000000000044e-03
6.018799999999999706e+00 6.186000000000000387e-01 3.529999999999999805e-02 2.100000000000000304e-03
6.182400000000000340e+00 6.186000000000000387e-01 4.914999999999999925e-02 -2.539999999999999897e-02
6.346099999999999852e+00 6.186000000000000387e-01 5.254999999999999949e-02 -4.315000000000000085e-02
6.509699999999999598e+00 6.186000000000000387e-01 5.670000000000000040e-02 -5.319999999999999729e-02
6.673300000000000232e+00 6.186000000000000387e-01 5.945000000000000284e-02 -6.409999999999999032e-02
6.836999999999999744e+00 6.186000000000000387e-01 5.310000000000000137e-02 -4.174999999999999545e-02
7.000600000000000378e+00 6.186000000000000387e-01 7.374999999999999611e-02 -1.165000000000000063e-02
7.164299999999999891e+00 6.186000000000000387e-01 6.604999999999999760e-02 -1.469999999999999953e-02
7.327899999999999636e+00 6.186000000000000387e-01 4.510000000000000120e-02 -2.699999999999999969e-02
1.275999999999999912e-01 4.549000000000000266e-01 -5.765000000000000679e-02 1.091000000000000025e-01
2.913000000000000034e-01 4.549000000000000266e-01 -5.855000000000000482e-02 1.127500000000000030e-01
4.549000000000000266e-01 4.549000000000000266e-01 -4.829999999999999571e-02 1.334499999999999853e-01
6.186000000000000387e-01 4.549000000000000266e-01 -4.410000000000000031e-02 1.471999999999999975e-01
7.822000000000000064e-01 4.549000000000000266e-01 -4.164999999999999952e-02 1.464500000000000246e-01
9.458999999999999631e-01 4.549000000000000266e-01 -3.700000000000000511e-02 1.454999999999999905e-01
1.109499999999999931e+00 4.549000000000000266e-01 -2.790000000000000119e-02 1.509000000000000064e-01
1.273099999999999898e+00 4.549000000000000266e-01 -1.789999999999999925e-02 1.486500000000000044e-01
1.436800000000000077e+00 4.549000000000000266e-01 -1.249999999999999896e-02 1.479499999999999982e-01
1.600400000000000045e+00 4.549000000000000266e-01 -2.449999999999999921e-03 1.524000000000000077e-01
1.764100000000000001e+00 4.549000000000000266e-01 1.395000000000000059e-02 1.462999999999999856e-01
1.927699999999999969e+00 4.549000000000000266e-01 1.625000000000000056e-02 1.355000000000000093e-01
2.091400000000000148e+00 4.549000000000000266e-01 3.020000000000000115e-02 1.352499999999999813e-01
2.254999999999999893e+00 4.549000000000000266e-01 3.565000000000000113e-02 1.376000000000000001e-01
2.418600000000000083e+00 4.549000000000000266e-01 4.969999999999999418e-02 1.223499999999999865e-01
2.582300000000000040e+00 4.549000000000000266e-01 5.775000000000000272e-02 1.116000000000000048e-01
2.745899999999999785e+00 4.549000000000000266e-01 5.575000000000000094e-02 1.011499999999999899e-01
2.909600000000000186e+00 4.549000000000000266e-01 6.575000000000000289e-02 8.884999999999999842e-02
3.073199999999999932e+00 4.549000000000000266e-01 6.400000000000000133e-02 7.799999999999999989e-02
3.236800000000000122e+00 4.549000000000000266e-01 7.000000000000000666e-02 7.224999999999999478e-02
3.400500000000000078e+00 4.549000000000000266e-01 6.400000000000000133e-02 6.110000000000000153e-02
3.564099999999999824e+00 4.549000000000000266e-01 6.489999999999999936e-02 5.509999999999999620e-02
3.727799999999999780e+00 4.549000000000000266e-01 7.189999999999999170e-02 5.185000000000000026e-02
3.891399999999999970e+00 4.549000000000000266e-01 7.064999999999999059e-02 4.755000000000000199e-02
4.055100000000000371e+00 4.549000000000000266e-01 7.780000000000000804e-02 4.560000000000000164e-02
4.218700000000000117e+00 4.549000000000000266e-01 7.780000000000000804e-02 4.390000000000000152e-02
4.382299999999999862e+00 4.549000000000000266e-01 8.770000000000000018e-02 3.129999999999999449e-02
4.546000000000000263e+00 4.549000000000000266e-01 9.859999999999999321e-02 2.564999999999999919e-02
4.709600000000000009e+00 4.549000000000000266e-01 1.091000000000000025e-01 1.549999999999999989e-02
4.873300000000000409e+00 4.549000000000000266e-01 1.100500000000000089e-01 3.950000000000000386e-03
5.036900000000000155e+00 4.549000000000000266e-01 1.156000000000000083e-01 -1.030000000000000013e-02
5.200599999999999667e+00 4.549000000000000266e-01 1.285499999999999976e-01 -3.225000000000000089e-02
5.364200000000000301e+00 4.549000000000000266e-01 1.147499999999999909e-01 -2.844999999999999959e-02
5.527800000000000047e+00 4.549000000000000266e-01 9.725000000000000311e-02 -3.280000000000000276e-02
5.691499999999999559e+00 4.549000000000000266e-01 8.510000000000000897e-02 -3.844999999999999807e-02
5.855100000000000193e+00 4.549000000000000266e-01 6.194999999999999812e-02 -4.550000000000000225e-03
6.018799999999999706e+00 4.549000000000000266e-01 1.002000000000000113e-01 -4.564999999999999614e-02
6.182400000000000340e+00 4.549000000000000266e-01 9.315000000000001057e-02 -4.034999999999999698e-02
6.346099999999999852e+00 4.549000000000000266e-01 8.515000000000000346e-02 -2.960000000000000131e-02
6.509699999999999598e+00 4.549000000000000266e-01 8.350000000000000477e-02 -3.414999999999999980e-02
6.673300000000000232e+00 4.549000000000000266e-01 9.675000000000000266e-02 -4.364999999999999436e-02
6.836999999999999744e+00 4.549000000000000266e-01 6.495000000000000773e-02 -5.004999999999999727e-02
7.000600000000000378e+00 4.549000000000000266e-01 1.324000000000000177e-01 -4.399999999999999398e-03
7.164299999999999891e+00 4.549000000000000266e-01 1.019499999999999990e-01 -3.470000000000000168e-02
7.327899999999999636e+00 4.549000000000000266e-01 7.755000000000000782e-02 -4.800000000000000100e-02
1.275999999999999912e-01 2.913000000000000034e-01 -6.425000000000000155e-02 1.247999999999999943e-01
2.913000000000000034e-01 2.913000000000000034e-01 -6.675000000000000377e-02 1.296999999999999820e-01
4.549000000000000266e-01 2.913000000000000034e-01 -5.940000000000000141e-02 1.528499999999999859e-01
6.186000000000000387e-01 2.913000000000000034e-01 -5.659999999999999754e-02 1.606500000000000150e-01
7.822000000000000064e-01 2.913000000000000034e-01 -5.179999999999999882e-02 1.965500000000000025e-01
9.458999999999999631e-01 2.913000000000000034e-01 -4.620000000000000495e-02 1.693999999999999950e-01
1.109499999999999931e+00 2.913000000000000034e-01 -3.860000000000000236e-02 1.532000000000000028e-01
1.273099999999999898e+00 2.913000000000000034e-01 -1.430000000000000021e-02 1.855499999999999927e-01
1.436800000000000077e+00 2.913000000000000034e-01 -3.099999999999999457e-03 1.969500000000000139e-01
1.600400000000000045e+00 2.913000000000000034e-01 -2.150000000000000001e-03 1.850999999999999868e-01
1.764100000000000001e+00 2.913000000000000034e-01 1.575000000000000011e-02 1.638499999999999956e-01
1.927699999999999969e+00 2.913000000000000034e-01 2.090000000000000191e-02 1.615000000000000047e-01
2.091400000000000148e+00 2.913000000000000034e-01 4.224999999999999589e-02 1.745500000000000107e-01
2.254999999999999893e+00 2.913000000000000034e-01 5.394999999999999796e-02 1.634999999999999787e-01
2.418600000000000083e+00 2.913000000000000034e-01 5.325000000000000566e-02 1.376999999999999891e-01
2.582300000000000040e+00 2.913000000000000034e-01 6.124999999999999889e-02 1.319500000000000117e-01
2.745899999999999785e+00 2.913000000000000034e-01 6.775000000000000466e-02 1.118500000000000050e-01
2.909600000000000186e+00 2.913000000000000034e-01 6.800000000000000488e-02 1.045999999999999985e-01
3.073199999999999932e+00 2.913000000000000034e-01 7.660000000000000142e-02 1.004000000000000031e-01
3.236800000000000122e+00 2.913000000000000034e-01 8.324999999999999067e-02 8.910000000000001252e-02
3.400500000000000078e+00 2.913000000000000034e-01 7.964999999999999858e-02 7.839999999999999747e-02
3.564099999999999824e+00 2.913000000000000034e-01 8.290000000000000147e-02 6.789999999999998814e-02
3.727799999999999780e+00 2.913000000000000034e-01 8.680000000000000215e-02 5.129999999999999838e-02
3.891399999999999970e+00 2.913000000000000034e-01 9.115000000000000879e-02 4.845000000000000001e-02
4.055100000000000371e+00 2.913000000000000034e-01 9.179999999999999272e-02 5.129999999999999838e-02
4.218700000000000117e+00 2.913000000000000034e-01 9.420000000000000595e-02 4.760000000000000342e-02
4.382299999999999862e+00 2.913000000000000034e-01 1.029499999999999998e-01 4.485000000000000098e-02
4.546000000000000263e+00 2.913000000000000034e-01 1.195499999999999896e-01 2.920000000000000373e-02
4.709600000000000009e+00 2.913000000000000034e-01 1.281499999999999861e-01 1.650000000000000078e-02
4.873300000000000409e+00 2.913000000000000034e-01 1.363000000000000045e-01 -9.499999999999999764e-03
5.036900000000000155e+00 2.913000000000000034e-01 1.453499999999999792e-01 -1.739999999999999880e-02
5.200599999999999667e+00 2.913000000000000034e-01 1.632500000000000062e-01 -3.065000000000000016e-02
5.364200000000000301e+00 2.913000000000000034e-01 1.548999999999999821e-01 -4.095000000000000029e-02
5.527800000000000047e+00 2.913000000000000034e-01 1.617000000000000104e-01 -5.394999999999999796e-02
5.691499999999999559e+00 2.913000000000000034e-01 8.820000000000000062e-02 -6.754999999999999893e-02
5.855100000000000193e+00 2.913000000000000034e-01 1.657000000000000139e-01 -7.794999999999999152e-02
6.018799999999999706e+00 2.913000000000000034e-01 1.441000000000000059e-01 -6.024999999999999800e-02
6.182400000000000340e+00 2.913000000000000034e-01 5.915000000000000119e-02 -7.144999999999999962e-02
6.346099999999999852e+00 2.913000000000000034e-01 7.695000000000000451e-02 -6.840000000000000246e-02
6.509699999999999598e+00 2.913000000000000034e-01 5.409999999999999531e-02 2.184999999999999790e-02
6.673300000000000232e+00 2.913000000000000034e-01 4.750000000000000056e-02 1.934999999999999568e-02
6.836999999999999744e+00 2.913000000000000034e-01 8.294999999999999596e-02 -3.690000000000000224e-02
7.000600000000000378e+00 2.913000000000000034e-01 7.860000000000000320e-02 -3.425000000000000266e-02
7.164299999999999891e+00 2.913000000000000034e-01 1.140000000000000041e-01 -5.940000000000000141e-02
7.327899999999999636e+00 2.913000000000000034e-01 1.233999999999999958e-01 -6.609999999999999210e-02
1.275999999999999912e-01 1.275999999999999912e-01 -7.399999999999999634e-02 1.438499999999999779e-01
2.913000000000000034e-01 1.275999999999999912e-01 -7.370000000000000162e-02 1.697500000000000120e-01
4.549000000000000266e-01 1.275999999999999912e-01 -8.085000000000000520e-02 1.603499999999999925e-01
6.186000000000000387e-01 1.275999999999999912e-01 -7.520000000000000295e-02 1.527499999999999969e-01
7.822000000000000064e-01 1.275999999999999912e-01 -5.840000000000000746e-02 2.343999999999999972e-01
9.458999999999999631e-01 1.275999999999999912e-01 -5.500000000000000028e-02 1.998000000000000054e-01
1.109499999999999931e+00 1.275999999999999912e-01 -4.485000000000000098e-02 1.678000000000000047e-01
1.273099999999999898e+00 1.275999999999999912e-01 -1.439999999999999961e-02 2.308000000000000052e-01
1.436800000000000077e+00 1.275999999999999912e-01 -8.799999999999998795e-03 2.226500000000000146e-01
1.600400000000000045e+00 1.275999999999999912e-01 -1.200000000000000545e-03 2.187999999999999945e-01
1.764100000000000001e+00 1.275999999999999912e-01 1.204999999999999995e-02 1.880499999999999949e-01
1.927699999999999969e+00 1.275999999999999912e-01 2.009999999999999981e-02 1.713000000000000078e-01
2.091400000000000148e+00 1.275999999999999912e-01 3.475000000000000311e-02 1.789499999999999980e-01
2.254999999999999893e+00 1.275999999999999912e-01 5.125000000000000389e-02 1.640999999999999959e-01
2.418600000000000083e+00 1.275999999999999912e-01 5.294999999999999707e-02 1.567999999999999949e-01
2.582300000000000040e+00 1.275999999999999912e-01 7.374999999999999611e-02 1.753000000000000114e-01
2.745899999999999785e+00 1.275999999999999912e-01 8.780000000000000304e-02 1.625500000000000000e-01
2.909600000000000186e+00 1.275999999999999912e-01 8.515000000000000346e-02 1.349500000000000144e-01
3.073199999999999932e+00 1.275999999999999912e-01 8.979999999999999094e-02 1.135499999999999982e-01
3.236800000000000122e+00 1.275999999999999912e-01 9.950000000000000511e-02 1.090499999999999942e-01
3.400500000000000078e+00 1.275999999999999912e-01 1.116999999999999937e-01 1.053499999999999992e-01
3.564099999999999824e+00 1.275999999999999912e-01 1.088500000000000023e-01 9.349999999999999978e-02
3.727799999999999780e+00 1.275999999999999912e-01 9.850000000000000422e-02 6.955000000000000071e-02
3.891399999999999970e+00 1.275999999999999912e-01 1.055500000000000049e-01 6.239999999999999714e-02
4.055100000000000371e+00 1.275999999999999912e-01 1.190500000000000030e-01 6.155000000000000054e-02
4.218700000000000117e+00 1.275999999999999912e-01 1.277000000000000079e-01 5.960000000000000020e-02
4.382299999999999862e+00 1.275999999999999912e-01 1.455500000000000127e-01 3.925000000000000017e-02
4.546000000000000263e+00 1.275999999999999912e-01 1.693500000000000005e-01 2.345000000000000209e-02
4.709600000000000009e+00 1.275999999999999912e-01 1.620499999999999996e-01 2.054999999999999882e-02
4.873300000000000409e+00 1.275999999999999912e-01 2.258499999999999952e-01 -4.214999999999999997e-02
5.036900000000000155e+00 1.275999999999999912e-01 2.095500000000000140e-01 -2.114999999999999866e-02
5.200599999999999667e+00 1.275999999999999912e-01 1.541000000000000147e-01 -2.009999999999999981e-02
5.364200000000000301e+00 1.275999999999999912e-01 2.198999999999999844e-01 -7.434999999999999942e-02
5.527800000000000047e+00 1.275999999999999912e-01 2.313500000000000001e-01 -7.470000000000000251e-02
5.691499999999999559e+00 1.275999999999999912e-01 2.344999999999999862e-01 -8.660000000000001030e-02
5.855100000000000193e+00 1.275999999999999912e-01 -4.799999999999998712e-03 -1.660999999999999976e-01
6.018799999999999706e+00 1.275999999999999912e-01 1.001999999999999974e-01 7.209999999999999742e-02
6.182400000000000340e+00 1.275999999999999912e-01 4.555000000000000021e-02 -7.390000000000000735e-02
6.346099999999999852e+00 1.275999999999999912e-01 8.574999999999999289e-02 -9.124999999999999778e-02
6.509699999999999598e+00 1.275999999999999912e-01 8.319999999999999618e-02 -3.529999999999999805e-02
6.673300000000000232e+00 1.275999999999999912e-01 5.319999999999999729e-02 1.850000000000000255e-02
6.836999999999999744e+00 1.275999999999999912e-01 1.567500000000000004e-01 -7.350000000000000977e-02
7.000600000000000378e+00 1.275999999999999912e-01 9.229999999999999316e-02 -3.744999999999999718e-02
7.164299999999999891e+00 1.275999999999999912e-01 1.425000000000000155e-01 -6.754999999999999893e-02
7.327899999999999636e+00 1.275999999999999912e-01 1.423500000000000043e-01 -6.834999999999999409e-02
