1.275999999999999912e-01 1.927699999999999969e+00 7.115000000000000491e-02 6.729999999999999871e-02
2.913000000000000034e-01 1.927699999999999969e+00 7.089999999999999081e-02 6.984999999999999543e-02
4.549000000000000266e-01 1.927699999999999969e+00 7.009999999999999565e-02 7.200000000000000844e-02
6.186000000000000387e-01 1.927699999999999969e+00 6.559999999999999165e-02 7.944999999999999285e-02
7.822000000000000064e-01 1.927699999999999969e+00 6.704999999999999849e-02 8.069999999999999396e-02
9.458999999999999631e-01 1.927699999999999969e+00 6.250000000000000000e-02 8.129999999999999727e-02
1.109499999999999931e+00 1.927699999999999969e+00 6.560000000000000553e-02 8.279999999999999860e-02
1.273099999999999898e+00 1.927699999999999969e+00 6.750000000000000444e-02 8.450000000000000566e-02
1.436800000000000077e+00 1.927699999999999969e+00 8.124999999999998890e-02 7.769999999999999130e-02
1.600400000000000045e+00 1.927699999999999969e+00 7.139999999999999125e-02 9.089999999999999469e-02
1.764100000000000001e+00 1.927699999999999969e+00 6.884999999999999454e-02 9.609999999999999098e-02
1.927699999999999969e+00 1.927699999999999969e+00 7.670000000000000429e-02 8.990000000000000768e-02
2.091400000000000148e+00 1.927699999999999969e+00 8.260000000000000675e-02 8.699999999999999400e-02
2.254999999999999893e+00 1.927699999999999969e+00 9.354999999999999427e-02 7.999999999999998779e-02
2.418600000000000083e+00 1.927699999999999969e+00 9.384999999999998899e-02 8.555000000000000104e-02
2.582300000000000040e+00 1.927699999999999969e+00 9.379999999999999449e-02 8.605000000000000149e-02
2.745899999999999785e+00 1.927699999999999969e+00 1.043499999999999983e-01 7.394999999999998797e-02
2.909600000000000186e+00 1.927699999999999969e+00 1.047500000000000098e-01 7.585000000000000075e-02
3.073199999999999932e+00 1.927699999999999969e+00 1.007500000000000062e-01 8.035000000000000475e-02
3.236800000000000122e+00 1.927699999999999969e+00 1.035999999999999976e-01 8.699999999999999400e-02
3.400500000000000078e+00 1.927699999999999969e+00 1.085000000000000131e-01 8.319999999999999618e-02
3.564099999999999824e+00 1.927699999999999969e+00 1.151000000000000079e-01 8.240000000000000102e-02
3.727799999999999780e+00 1.927699999999999969e+00 1.152999999999999858e-01 8.075000000000000233e-02
3.891399999999999970e+00 1.927699999999999969e+00 1.307500000000000051e-01 6.919999999999999762e-02
4.055100000000000371e+00 1.927699999999999969e+00 1.304500000000000104e-01 6.880000000000000004e-02
4.218700000000000117e+00 1.927699999999999969e+00 1.281999999999999806e-01 8.399999999999999134e-02
4.382299999999999862e+00 1.927699999999999969e+00 1.333499999999999963e-01 7.589999999999999525e-02
4.546000000000000263e+00 1.927699999999999969e+00 1.413500000000000034e-01 6.260000000000000286e-02
4.709600000000000009e+00 1.927699999999999969e+00 1.436000000000000054e-01 6.354999999999999538e-02
4.873300000000000409e+00 1.927699999999999969e+00 1.432999999999999829e-01 6.684999999999999276e-02
5.036900000000000155e+00 1.927699999999999969e+00 1.525999999999999857e-01 6.385000000000000397e-02
5.200599999999999667e+00 1.927699999999999969e+00 1.511000000000000121e-01 5.784999999999999865e-02
5.364200000000000301e+00 1.927699999999999969e+00 1.527000000000000024e-01 5.374999999999999917e-02
5.527800000000000047e+00 1.927699999999999969e+00 1.562000000000000055e-01 5.639999999999999875e-02
5.691499999999999559e+00 1.927699999999999969e+00 1.605499999999999983e-01 5.865000000000000074e-02
5.855100000000000193e+00 1.927699999999999969e+00 1.552499999999999991e-01 4.299999999999999656e-02
6.018799999999999706e+00 1.927699999999999969e+00 1.596000000000000196e-01 3.955000000000000182e-02
6.182400000000000340e+00 1.927699999999999969e+00 1.610499999999999987e-01 3.459999999999999881e-02
6.346099999999999852e+00 1.927699999999999969e+00 1.611500000000000155e-01 3.465000000000000024e-02
6.509699999999999598e+00 1.927699999999999969e+00 1.643999999999999906e-01 2.120000000000000009e-02
6.673300000000000232e+00 1.927699999999999969e+00 1.647500000000000075e-01 1.569999999999999868e-02
6.836999999999999744e+00 1.927699999999999969e+00 1.639499999999999846e-01 6.500000000000000569e-03
7.000600000000000378e+00 1.927699999999999969e+00 1.631500000000000172e-01 2.699999999999999709e-03
7.164299999999999891e+00 1.927699999999999969e+00 1.623999999999999888e-01 -3.099999999999999891e-03
7.327899999999999636e+00 1.927699999999999969e+00 1.597999999999999976e-01 -9.549999999999999462e-03
1.275999999999999912e-01 1.764100000000000001e+00 6.620000000000000884e-02 8.210000000000000631e-02
2.913000000000000034e-01 1.764100000000000001e+00 7.499999999999999722e-02 7.245000000000000051e-02
4.549000000000000266e-01 1.764100000000000001e+00 6.844999999999999696e-02 7.484999999999999987e-02
6.186000000000000387e-01 1.764100000000000001e+00 5.730000000000000371e-02 9.245000000000000440e-02
7.822000000000000064e-01 1.764100000000000001e+00 7.624999999999999833e-02 7.935000000000000386e-02
9.458999999999999631e-01 1.764100000000000001e+00 7.484999999999999987e-02 8.089999999999999969e-02
1.109499999999999931e+00 1.764100000000000001e+00 6.409999999999999032e-02 8.594999999999999862e-02
1.273099999999999898e+00 1.764100000000000001e+00 5.534999999999999643e-02 1.051499999999999935e-01
1.436800000000000077e+00 1.764100000000000001e+00 6.514999999999999958e-02 9.174999999999999822e-02
1.600400000000000045e+00 1.764100000000000001e+00 7.075000000000000733e-02 9.495000000000000662e-02
1.764100000000000001e+00 1.764100000000000001e+00 7.055000000000000160e-02 1.001500000000000029e-01
1.927699999999999969e+00 1.764100000000000001e+00 7.779999999999999416e-02 9.684999999999999165e-02
2.091400000000000148e+00 1.764100000000000001e+00 9.040000000000000813e-02 8.615000000000000435e-02
2.254999999999999893e+00 1.764100000000000001e+00 9.045000000000000262e-02 8.569999999999999840e-02
2.418600000000000083e+00 1.764100000000000001e+00 8.690000000000000502e-02 9.299999999999999933e-02
2.582300000000000040e+00 1.764100000000000001e+00 9.550000000000000155e-02 8.920000000000000151e-02
2.745899999999999785e+00 1.764100000000000001e+00 9.850000000000000422e-02 9.149999999999999800e-02
2.909600000000000186e+00 1.764100000000000001e+00 1.009000000000000036e-01 8.204999999999999793e-02
3.073199999999999932e+00 1.764100000000000001e+00 1.019499999999999990e-01 9.009999999999999953e-02
3.236800000000000122e+00 1.764100000000000001e+00 1.125000000000000028e-01 8.265000000000000124e-02
3.400500000000000078e+00 1.764100000000000001e+00 1.161999999999999977e-01 7.910000000000000364e-02
3.564099999999999824e+00 1.764100000000000001e+00 1.174999999999999933e-01 8.310000000000000719e-02
3.727799999999999780e+00 1.764100000000000001e+00 1.191500000000000059e-01 8.934999999999999887e-02
3.891399999999999970e+00 1.764100000000000001e+00 1.250499999999999945e-01 8.094999999999999418e-02
4.055100000000000371e+00 1.764100000000000001e+00 1.289000000000000146e-01 8.460000000000000853e-02
4.218700000000000117e+00 1.764100000000000001e+00 1.318000000000000005e-01 9.015000000000000790e-02
4.382299999999999862e+00 1.764100000000000001e+00 1.363499999999999990e-01 8.299999999999999045e-02
4.546000000000000263e+00 1.764100000000000001e+00 1.417499999999999871e-01 7.535000000000000031e-02
4.709600000000000009e+00 1.764100000000000001e+00 1.426999999999999935e-01 7.289999999999999258e-02
4.873300000000000409e+00 1.764100000000000001e+00 1.449000000000000010e-01 6.965000000000000357e-02
5.036900000000000155e+00 1.764100000000000001e+00 1.570000000000000007e-01 6.085000000000000131e-02
5.200599999999999667e+00 1.764100000000000001e+00 1.564500000000000057e-01 6.320000000000000617e-02
5.364200000000000301e+00 1.764100000000000001e+00 1.539000000000000090e-01 6.775000000000000466e-02
5.527800000000000047e+00 1.764100000000000001e+00 1.635500000000000009e-01 6.809999999999999387e-02
5.691499999999999559e+00 1.764100000000000001e+00 1.663000000000000034e-01 5.000000000000000278e-02
5.855100000000000193e+00 1.764100000000000001e+00 1.633499999999999952e-01 4.089999999999999886e-02
6.018799999999999706e+00 1.764100000000000001e+00 1.641500000000000181e-01 4.005000000000000226e-02
6.182400000000000340e+00 1.764100000000000001e+00 1.670499999999999763e-01 3.425000000000000266e-02
6.346099999999999852e+00 1.764100000000000001e+00 1.662500000000000089e-01 3.740000000000000269e-02
6.509699999999999598e+00 1.764100000000000001e+00 1.683000000000000052e-01 2.539999999999999897e-02
6.673300000000000232e+00 1.764100000000000001e+00 1.748000000000000109e-01 1.825000000000000233e-02
6.836999999999999744e+00 1.764100000000000001e+00 1.722000000000000197e-01 1.064999999999999974e-02
7.000600000000000378e+00 1.764100000000000001e+00 1.679499999999999882e-01 4.300000000000000003e-03
7.164299999999999891e+00 1.764100000000000001e+00 1.670500000000000040e-01 -5.300000000000000024e-03
7.327899999999999636e+00 1.764100000000000001e+00 1.646500000000000186e-01 -1.584999999999999951e-02
1.275999999999999912e-01 1.600400000000000045e+00 5.795000000000000151e-02 8.490000000000000324e-02
2.913000000000000034e-01 1.600400000000000045e+00 6.460000000000000464e-02 8.114999999999999991e-02
4.549000000000000266e-01 1.600400000000000045e+00 5.900000000000000383e-02 8.974999999999999645e-02
6.186000000000000387e-01 1.600400000000000045e+00 5.970000000000000306e-02 9.375000000000000000e-02
7.822000000000000064e-01 1.600400000000000045e+00 7.639999999999999569e-02 8.154999999999999749e-02
9.458999999999999631e-01 1.600400000000000045e+00 6.959999999999999520e-02 8.480000000000000038e-02
1.109499999999999931e+00 1.600400000000000045e+00 6.500000000000000222e-02 8.779999999999998916e-02
1.273099999999999898e+00 1.600400000000000045e+00 5.299999999999999850e-02 1.118500000000000050e-01
1.436800000000000077e+00 1.600400000000000045e+00 6.525000000000000244e-02 1.000000000000000056e-01
1.600400000000000045e+00 1.600400000000000045e+00 7.069999999999999896e-02 1.037500000000000089e-01
1.764100000000000001e+00 1.600400000000000045e+00 7.144999999999999962e-02 1.076000000000000012e-01
1.927699999999999969e+00 1.600400000000000045e+00 7.574999999999999789e-02 1.037000000000000005e-01
2.091400000000000148e+00 1.600400000000000045e+00 8.724999999999999423e-02 9.870000000000000995e-02
2.254999999999999893e+00 1.600400000000000045e+00 8.524999999999999245e-02 9.675000000000000266e-02
2.418600000000000083e+00 1.600400000000000045e+00 9.199999999999999845e-02 9.164999999999999536e-02
2.582300000000000040e+00 1.600400000000000045e+00 1.009499999999999842e-01 8.365000000000000213e-02
2.745899999999999785e+00 1.600400000000000045e+00 9.824999999999999012e-02 9.664999999999999980e-02
2.909600000000000186e+00 1.600400000000000045e+00 1.033499999999999974e-01 9.240000000000000990e-02
3.073199999999999932e+00 1.600400000000000045e+00 1.042000000000000010e-01 9.274999999999999911e-02
3.236800000000000122e+00 1.600400000000000045e+00 1.129499999999999948e-01 8.990000000000000768e-02
3.400500000000000078e+00 1.600400000000000045e+00 1.107500000000000012e-01 9.160000000000000087e-02
3.564099999999999824e+00 1.600400000000000045e+00 1.189500000000000002e-01 9.045000000000000262e-02
3.727799999999999780e+00 1.600400000000000045e+00 1.204000000000000070e-01 9.304999999999999383e-02
3.891399999999999970e+00 1.600400000000000045e+00 1.243000000000000077e-01 8.585000000000000964e-02
4.055100000000000371e+00 1.600400000000000045e+00 1.280999999999999917e-01 8.515000000000000346e-02
4.218700000000000117e+00 1.600400000000000045e+00 1.333499999999999963e-01 9.145000000000000351e-02
4.382299999999999862e+00 1.600400000000000045e+00 1.364500000000000157e-01 8.640000000000000457e-02
4.546000000000000263e+00 1.600400000000000045e+00 1.439999999999999891e-01 8.075000000000000233e-02
4.709600000000000009e+00 1.600400000000000045e+00 1.472499999999999920e-01 7.925000000000000100e-02
4.873300000000000409e+00 1.600400000000000045e+00 1.485499999999999876e-01 7.789999999999999702e-02
5.036900000000000155e+00 1.600400000000000045e+00 1.509000000000000064e-01 7.605000000000000648e-02
5.200599999999999667e+00 1.600400000000000045e+00 1.541000000000000147e-01 7.359999999999999876e-02
5.364200000000000301e+00 1.600400000000000045e+00 1.572000000000000064e-01 7.464999999999999414e-02
5.527800000000000047e+00 1.600400000000000045e+00 1.667500000000000093e-01 6.214999999999999691e-02
5.691499999999999559e+00 1.600400000000000045e+00 1.665500000000000036e-01 5.405000000000000082e-02
5.855100000000000193e+00 1.600400000000000045e+00 1.686499999999999944e-01 4.309999999999999942e-02
6.018799999999999706e+00 1.600400000000000045e+00 1.697500000000000120e-01 5.079999999999999793e-02
6.182400000000000340e+00 1.600400000000000045e+00 1.716499999999999970e-01 3.715000000000000246e-02
6.346099999999999852e+00 1.600400000000000045e+00 1.746999999999999942e-01 3.470000000000000168e-02
6.509699999999999598e+00 1.600400000000000045e+00 1.769999999999999907e-01 3.894999999999999851e-02
6.673300000000000232e+00 1.600400000000000045e+00 1.778500000000000081e-01 2.074999999999999761e-02
6.836999999999999744e+00 1.600400000000000045e+00 1.758500000000000063e-01 1.619999999999999912e-02
7.000600000000000378e+00 1.600400000000000045e+00 1.779000000000000026e-01 1.145000000000000011e-02
7.164299999999999891e+00 1.600400000000000045e+00 1.781500000000000028e-01 -5.499999999999999681e-03
7.327899999999999636e+00 1.600400000000000045e+00 1.777500000000000191e-01 -8.649999999999999703e-03
1.275999999999999912e-01 1.436800000000000077e+00 4.464999999999999525e-02 1.053499999999999992e-01
2.913000000000000034e-01 1.436800000000000077e+00 5.115000000000000102e-02 9.865000000000000158e-02
4.549000000000000266e-01 1.436800000000000077e+00 5.695000000000000062e-02 1.070000000000000118e-01
6.186000000000000387e-01 1.436800000000000077e+00 5.845000000000000195e-02 9.904999999999999916e-02
7.822000000000000064e-01 1.436800000000000077e+00 5.949999999999999734e-02 9.359999999999998876e-02
9.458999999999999631e-01 1.436800000000000077e+00 6.595000000000000862e-02 9.485000000000000375e-02
1.109499999999999931e+00 1.436800000000000077e+00 5.219999999999999640e-02 1.077500000000000124e-01
1.273099999999999898e+00 1.436800000000000077e+00 6.279999999999999472e-02 1.044500000000000012e-01
1.436800000000000077e+00 1.436800000000000077e+00 7.069999999999999896e-02 1.032000000000000001e-01
1.600400000000000045e+00 1.436800000000000077e+00 7.480000000000000537e-02 1.022499999999999937e-01
1.764100000000000001e+00 1.436800000000000077e+00 7.320000000000000118e-02 1.101000000000000034e-01
1.927699999999999969e+00 1.436800000000000077e+00 7.169999999999999984e-02 1.132499999999999896e-01
2.091400000000000148e+00 1.436800000000000077e+00 8.400000000000000522e-02 1.094500000000000056e-01
2.254999999999999893e+00 1.436800000000000077e+00 8.790000000000000591e-02 1.073000000000000065e-01
2.418600000000000083e+00 1.436800000000000077e+00 8.690000000000000502e-02 1.096000000000000030e-01
2.582300000000000040e+00 1.436800000000000077e+00 9.475000000000000089e-02 9.909999999999999365e-02
2.745899999999999785e+00 1.436800000000000077e+00 9.584999999999999076e-02 1.044999999999999957e-01
2.909600000000000186e+00 1.436800000000000077e+00 1.029999999999999943e-01 1.040500000000000036e-01
3.073199999999999932e+00 1.436800000000000077e+00 1.050999999999999990e-01 1.030500000000000027e-01
3.236800000000000122e+00 1.436800000000000077e+00 1.092499999999999999e-01 9.904999999999999916e-02
3.400500000000000078e+00 1.436800000000000077e+00 1.154000000000000026e-01 9.290000000000001035e-02
3.564099999999999824e+00 1.436800000000000077e+00 1.194999999999999951e-01 9.435000000000000331e-02
3.727799999999999780e+00 1.436800000000000077e+00 1.252000000000000057e-01 8.905000000000000415e-02
3.891399999999999970e+00 1.436800000000000077e+00 1.286499999999999866e-01 9.329999999999999405e-02
4.055100000000000371e+00 1.436800000000000077e+00 1.275000000000000022e-01 1.041499999999999926e-01
4.218700000000000117e+00 1.436800000000000077e+00 1.367499999999999827e-01 1.101000000000000034e-01
4.382299999999999862e+00 1.436800000000000077e+00 1.366999999999999882e-01 1.083000000000000074e-01
4.546000000000000263e+00 1.436800000000000077e+00 1.442999999999999838e-01 8.535000000000000919e-02
4.709600000000000009e+00 1.436800000000000077e+00 1.514500000000000013e-01 7.480000000000000537e-02
4.873300000000000409e+00 1.436800000000000077e+00 1.557999999999999940e-01 8.460000000000000853e-02
5.036900000000000155e+00 1.436800000000000077e+00 1.597500000000000031e-01 9.029999999999999138e-02
5.200599999999999667e+00 1.436800000000000077e+00 1.641499999999999904e-01 9.370000000000000551e-02
5.364200000000000301e+00 1.436800000000000077e+00 1.664499999999999869e-01 8.674999999999999378e-02
5.527800000000000047e+00 1.436800000000000077e+00 1.694999999999999840e-01 7.929999999999999549e-02
5.691499999999999559e+00 1.436800000000000077e+00 1.783000000000000140e-01 5.590000000000000524e-02
5.855100000000000193e+00 1.436800000000000077e+00 1.768500000000000072e-01 5.605000000000000260e-02
6.018799999999999706e+00 1.436800000000000077e+00 1.757500000000000173e-01 5.780000000000000415e-02
6.182400000000000340e+00 1.436800000000000077e+00 1.835499999999999909e-01 3.150000000000000022e-02
6.346099999999999852e+00 1.436800000000000077e+00 1.857999999999999929e-01 2.614999999999999963e-02
6.509699999999999598e+00 1.436800000000000077e+00 1.859500000000000042e-01 3.910000000000000281e-02
6.673300000000000232e+00 1.436800000000000077e+00 1.877500000000000002e-01 3.569999999999999563e-02
6.836999999999999744e+00 1.436800000000000077e+00 1.880499999999999949e-01 7.499999999999999722e-03
7.000600000000000378e+00 1.436800000000000077e+00 1.875499999999999945e-01 -6.499999999999999702e-03
7.164299999999999891e+00 1.436800000000000077e+00 1.877500000000000002e-01 -1.080000000000000057e-02
7.327899999999999636e+00 1.436800000000000077e+00 1.829000000000000070e-01 -8.999999999999999754e-04
1.275999999999999912e-01 1.273099999999999898e+00 3.654999999999999916e-02 1.140500000000000125e-01
2.913000000000000034e-01 1.273099999999999898e+00 4.105000000000000315e-02 1.122499999999999887e-01
4.549000000000000266e-01 1.273099999999999898e+00 5.745000000000000107e-02 1.039500000000000007e-01
6.186000000000000387e-01 1.273099999999999898e+00 4.694999999999999868e-02 1.117499999999999882e-01
7.822000000000000064e-01 1.273099999999999898e+00 4.860000000000000431e-02 1.207000000000000017e-01
9.458999999999999631e-01 1.273099999999999898e+00 5.614999999999999852e-02 1.195499999999999896e-01
1.109499999999999931e+00 1.273099999999999898e+00 5.989999999999999492e-02 1.144000000000000017e-01
1.273099999999999898e+00 1.273099999999999898e+00 7.169999999999999984e-02 1.128500000000000059e-01
1.436800000000000077e+00 1.273099999999999898e+00 6.590000000000000024e-02 1.184999999999999942e-01
1.600400000000000045e+00 1.273099999999999898e+00 6.590000000000000024e-02 1.209999999999999964e-01
1.764100000000000001e+00 1.273099999999999898e+00 7.209999999999999742e-02 1.215499999999999914e-01
1.927699999999999969e+00 1.273099999999999898e+00 7.835000000000000298e-02 1.214500000000000024e-01
2.091400000000000148e+00 1.273099999999999898e+00 8.360000000000000764e-02 1.188499999999999973e-01
2.254999999999999893e+00 1.273099999999999898e+00 8.615000000000000435e-02 1.133500000000000063e-01
2.418600000000000083e+00 1.273099999999999898e+00 8.859999999999999820e-02 1.199500000000000011e-01
2.582300000000000040e+00 1.273099999999999898e+00 9.904999999999999916e-02 1.067499999999999977e-01
2.745899999999999785e+00 1.273099999999999898e+00 9.959999999999999409e-02 1.078500000000000014e-01
2.909600000000000186e+00 1.273099999999999898e+00 9.715000000000000024e-02 1.226499999999999951e-01
3.073199999999999932e+00 1.273099999999999898e+00 1.083999999999999964e-01 1.129499999999999948e-01
3.236800000000000122e+00 1.273099999999999898e+00 1.144000000000000017e-01 1.048999999999999932e-01
3.400500000000000078e+00 1.273099999999999898e+00 1.173000000000000015e-01 1.028000000000000025e-01
3.564099999999999824e+00 1.273099999999999898e+00 1.282000000000000084e-01 9.820000000000000950e-02
3.727799999999999780e+00 1.273099999999999898e+00 1.282999999999999974e-01 1.097500000000000003e-01
3.891399999999999970e+00 1.273099999999999898e+00 1.217499999999999971e-01 1.193000000000000033e-01
4.055100000000000371e+00 1.273099999999999898e+00 1.381000000000000005e-01 1.000000000000000056e-01
4.218700000000000117e+00 1.273099999999999898e+00 1.440000000000000169e-01 1.010000000000000064e-01
4.382299999999999862e+00 1.273099999999999898e+00 1.424499999999999933e-01 1.000999999999999945e-01
4.546000000000000263e+00 1.273099999999999898e+00 1.494999999999999940e-01 9.965000000000000246e-02
4.709600000000000009e+00 1.273099999999999898e+00 1.575499999999999956e-01 9.415000000000001146e-02
4.873300000000000409e+00 1.273099999999999898e+00 1.586000000000000187e-01 1.062000000000000027e-01
5.036900000000000155e+00 1.273099999999999898e+00 1.644499999999999851e-01 1.100500000000000089e-01
5.200599999999999667e+00 1.273099999999999898e+00 1.638000000000000012e-01 1.116499999999999992e-01
5.364200000000000301e+00 1.273099999999999898e+00 1.742000000000000215e-01 9.329999999999999405e-02
5.527800000000000047e+00 1.273099999999999898e+00 1.828500000000000125e-01 8.404999999999999971e-02
5.691499999999999559e+00 1.273099999999999898e+00 1.825499999999999901e-01 8.039999999999999925e-02
5.855100000000000193e+00 1.273099999999999898e+00 1.840999999999999859e-01 6.854999999999999982e-02
6.018799999999999706e+00 1.273099999999999898e+00 1.859500000000000042e-01 3.989999999999999797e-02
6.182400000000000340e+00 1.273099999999999898e+00 1.942500000000000060e-01 4.124999999999999500e-02
6.346099999999999852e+00 1.273099999999999898e+00 1.981999999999999873e-01 4.614999999999999658e-02
6.509699999999999598e+00 1.273099999999999898e+00 2.001499999999999946e-01 5.175000000000000433e-02
6.673300000000000232e+00 1.273099999999999898e+00 2.002499999999999836e-01 3.045000000000000137e-02
6.836999999999999744e+00 1.273099999999999898e+00 2.093999999999999750e-01 8.349999999999999784e-03
7.000600000000000378e+00 1.273099999999999898e+00 2.028499999999999748e-01 -8.949999999999999623e-03
7.164299999999999891e+00 1.273099999999999898e+00 1.968499999999999972e-01 -3.200000000000000067e-02
7.327899999999999636e+00 1.273099999999999898e+00 1.848500000000000143e-01 -1.404999999999999999e-02
1.275999999999999912e-01 1.109499999999999931e+00 3.515000000000000069e-02 1.237999999999999934e-01
2.913000000000000034e-01 1.109499999999999931e+00 3.874999999999999972e-02 1.234500000000000042e-01
4.549000000000000266e-01 1.109499999999999931e+00 4.015000000000000513e-02 1.245499999999999940e-01
6.186000000000000387e-01 1.109499999999999931e+00 4.744999999999999912e-02 1.314500000000000113e-01
7.822000000000000064e-01 1.109499999999999931e+00 5.549999999999999378e-02 1.302999999999999992e-01
9.458999999999999631e-01 1.109499999999999931e+00 5.589999999999999830e-02 1.310499999999999998e-01
1.109499999999999931e+00 1.109499999999999931e+00 5.834999999999999909e-02 1.320000000000000062e-01
1.273099999999999898e+00 1.109499999999999931e+00 6.704999999999999849e-02 1.239500000000000046e-01
1.436800000000000077e+00 1.109499999999999931e+00 6.404999999999999583e-02 1.250499999999999945e-01
1.600400000000000045e+00 1.109499999999999931e+00 6.404999999999999583e-02 1.351499999999999924e-01
1.764100000000000001e+00 1.109499999999999931e+00 6.990000000000000380e-02 1.340500000000000025e-01
1.927699999999999969e+00 1.109499999999999931e+00 7.730000000000000759e-02 1.305999999999999939e-01
2.091400000000000148e+00 1.109499999999999931e+00 8.379999999999999949e-02 1.259500000000000064e-01
2.254999999999999893e+00 1.109499999999999931e+00 8.945000000000000173e-02 1.267000000000000071e-01
2.418600000000000083e+00 1.109499999999999931e+00 9.550000000000000155e-02 1.239500000000000046e-01
2.582300000000000040e+00 1.109499999999999931e+00 9.409999999999998921e-02 1.282999999999999974e-01
2.745899999999999785e+00 1.109499999999999931e+00 1.096499999999999975e-01 1.127500000000000030e-01
2.909600000000000186e+00 1.109499999999999931e+00 1.067000000000000032e-01 1.225499999999999923e-01
3.073199999999999932e+00 1.109499999999999931e+00 1.074499999999999900e-01 1.315000000000000058e-01
3.236800000000000122e+00 1.109499999999999931e+00 1.207999999999999907e-01 1.139999999999999902e-01
3.400500000000000078e+00 1.109499999999999931e+00 1.254500000000000060e-01 1.118500000000000050e-01
3.564099999999999824e+00 1.109499999999999931e+00 1.310000000000000053e-01 1.102500000000000008e-01
3.727799999999999780e+00 1.109499999999999931e+00 1.177999999999999881e-01 1.257500000000000007e-01
3.891399999999999970e+00 1.109499999999999931e+00 1.288500000000000201e-01 1.156500000000000028e-01
4.055100000000000371e+00 1.109499999999999931e+00 1.367000000000000159e-01 1.155000000000000054e-01
4.218700000000000117e+00 1.109499999999999931e+00 1.357500000000000095e-01 1.304500000000000104e-01
4.382299999999999862e+00 1.109499999999999931e+00 1.400500000000000078e-01 1.320500000000000007e-01
4.546000000000000263e+00 1.109499999999999931e+00 1.517000000000000015e-01 1.164499999999999980e-01
4.709600000000000009e+00 1.109499999999999931e+00 1.534500000000000031e-01 1.227499999999999980e-01
4.873300000000000409e+00 1.109499999999999931e+00 1.602500000000000036e-01 1.254500000000000060e-01
5.036900000000000155e+00 1.109499999999999931e+00 1.632500000000000062e-01 1.347500000000000087e-01
5.200599999999999667e+00 1.109499999999999931e+00 1.715499999999999803e-01 1.244000000000000106e-01
5.364200000000000301e+00 1.109499999999999931e+00 1.786499999999999755e-01 1.137999999999999984e-01
5.527800000000000047e+00 1.109499999999999931e+00 1.882999999999999952e-01 9.879999999999999893e-02
5.691499999999999559e+00 1.109499999999999931e+00 1.964500000000000135e-01 7.469999999999998863e-02
5.855100000000000193e+00 1.109499999999999931e+00 1.968000000000000027e-01 8.455000000000000016e-02
6.018799999999999706e+00 1.109499999999999931e+00 2.016000000000000014e-01 7.044999999999999873e-02
6.182400000000000340e+00 1.109499999999999931e+00 2.057499999999999885e-01 5.870000000000000218e-02
6.346099999999999852e+00 1.109499999999999931e+00 2.082499999999999907e-01 6.245000000000000551e-02
6.509699999999999598e+00 1.109499999999999931e+00 2.148499999999999854e-01 6.144999999999999768e-02
6.673300000000000232e+00 1.109499999999999931e+00 2.149499999999999744e-01 2.310000000000000248e-02
6.836999999999999744e+00 1.109499999999999931e+00 2.223499999999999921e-01 3.899999999999999821e-03
7.000600000000000378e+00 1.109499999999999931e+00 2.199500000000000066e-01 -8.150000000000000994e-03
7.164299999999999891e+00 1.109499999999999931e+00 2.139000000000000068e-01 -8.399999999999999481e-03
7.327899999999999636e+00 1.109499999999999931e+00 2.062499999999999889e-01 -1.535000000000000253e-02
1.275999999999999912e-01 9.458999999999999631e-01 3.185000000000000331e-02 1.425000000000000155e-01
2.913000000000000034e-01 9.458999999999999631e-01 4.149999999999999523e-02 1.396499999999999964e-01
4.549000000000000266e-01 9.458999999999999631e-01 3.279999999999999583e-02 1.405000000000000138e-01
6.186000000000000387e-01 9.458999999999999631e-01 4.290000000000000063e-02 1.493500000000000105e-01
7.822000000000000064e-01 9.458999999999999631e-01 4.320000000000000229e-02 1.460000000000000187e-01
9.458999999999999631e-01 9.458999999999999631e-01 5.235000000000000070e-02 1.412499999999999867e-01
1.109499999999999931e+00 9.458999999999999631e-01 5.465000000000000413e-02 1.452999999999999847e-01
1.273099999999999898e+00 9.458999999999999631e-01 4.954999999999999682e-02 1.567000000000000060e-01
1.436800000000000077e+00 9.458999999999999631e-01 5.745000000000000107e-02 1.467999999999999861e-01
1.600400000000000045e+00 9.458999999999999631e-01 6.364999999999999825e-02 1.520499999999999907e-01
1.764100000000000001e+00 9.458999999999999631e-01 6.894999999999999740e-02 1.529500000000000026e-01
1.927699999999999969e+00 9.458999999999999631e-01 7.230000000000000315e-02 1.537999999999999923e-01
2.091400000000000148e+00 9.458999999999999631e-01 8.410000000000000808e-02 1.403499999999999748e-01
2.254999999999999893e+00 9.458999999999999631e-01 9.945000000000001061e-02 1.210499999999999909e-01
2.418600000000000083e+00 9.458999999999999631e-01 9.040000000000000813e-02 1.430500000000000105e-01
2.582300000000000040e+00 9.458999999999999631e-01 9.539999999999999869e-02 1.426000000000000045e-01
2.745899999999999785e+00 9.458999999999999631e-01 9.944999999999999674e-02 1.322500000000000064e-01
2.909600000000000186e+00 9.458999999999999631e-01 1.060999999999999999e-01 1.376000000000000001e-01
3.073199999999999932e+00 9.458999999999999631e-01 1.096499999999999975e-01 1.474000000000000032e-01
3.236800000000000122e+00 9.458999999999999631e-01 1.160499999999999865e-01 1.363000000000000045e-01
3.400500000000000078e+00 9.458999999999999631e-01 1.225500000000000062e-01 1.252999999999999947e-01
3.564099999999999824e+00 9.458999999999999631e-01 1.200999999999999984e-01 1.377499999999999836e-01
3.727799999999999780e+00 9.458999999999999631e-01 1.348000000000000032e-01 1.312000000000000111e-01
3.891399999999999970e+00 9.458999999999999631e-01 1.463499999999999801e-01 1.087500000000000133e-01
4.055100000000000371e+00 9.458999999999999631e-01 1.368499999999999994e-01 1.365000000000000102e-01
4.218700000000000117e+00 9.458999999999999631e-01 1.457999999999999852e-01 1.396999999999999909e-01
4.382299999999999862e+00 9.458999999999999631e-01 1.376999999999999891e-01 1.713000000000000078e-01
4.546000000000000263e+00 9.458999999999999631e-01 1.583499999999999908e-01 1.433999999999999997e-01
4.709600000000000009e+00 9.458999999999999631e-01 1.641499999999999904e-01 1.466999999999999971e-01
4.873300000000000409e+00 9.458999999999999631e-01 1.697000000000000175e-01 1.239500000000000046e-01
5.036900000000000155e+00 9.458999999999999631e-01 1.716999999999999915e-01 1.406499999999999972e-01
5.200599999999999667e+00 9.458999999999999631e-01 1.824000000000000066e-01 1.232000000000000040e-01
5.364200000000000301e+00 9.458999999999999631e-01 1.882000000000000062e-01 1.279000000000000137e-01
5.527800000000000047e+00 9.458999999999999631e-01 1.955999999999999961e-01 1.209999999999999964e-01
5.691499999999999559e+00 9.458999999999999631e-01 2.172000000000000042e-01 7.955000000000000959e-02
5.855100000000000193e+00 9.458999999999999631e-01 2.184500000000000330e-01 7.839999999999999747e-02
6.018799999999999706e+00 9.458999999999999631e-01 2.233999999999999875e-01 5.505000000000000171e-02
6.182400000000000340e+00 9.458999999999999631e-01 2.192500000000000004e-01 4.755000000000000199e-02
6.346099999999999852e+00 9.458999999999999631e-01 2.252500000000000058e-01 3.284999999999999726e-02
6.509699999999999598e+00 9.458999999999999631e-01 2.279499999999999860e-01 3.044999999999999790e-02
6.673300000000000232e+00 9.458999999999999631e-01 2.429999999999999938e-01 4.295000000000000207e-02
6.836999999999999744e+00 9.458999999999999631e-01 2.463499999999999857e-01 9.799999999999999684e-03
7.000600000000000378e+00 9.458999999999999631e-01 2.384000000000000008e-01 5.800000000000000468e-03
7.164299999999999891e+00 9.458999999999999631e-01 2.364499999999999935e-01 3.515000000000000069e-02
7.327899999999999636e+00 9.458999999999999631e-01 2.162999999999999923e-01 8.744999999999999996e-02
1.275999999999999912e-01 7.822000000000000064e-01 3.565000000000000113e-02 1.516500000000000070e-01
2.913000000000000034e-01 7.822000000000000064e-01 2.350000000000000006e-02 1.601500000000000146e-01
4.549000000000000266e-01 7.822000000000000064e-01 2.120000000000000009e-02 1.637000000000000122e-01
6.186000000000000387e-01 7.822000000000000064e-01 4.070000000000000007e-02 1.618499999999999939e-01
7.822000000000000064e-01 7.822000000000000064e-01 4.140000000000000624e-02 1.703000000000000069e-01
9.458999999999999631e-01 7.822000000000000064e-01 4.204999999999999710e-02 1.712500000000000133e-01
1.109499999999999931e+00 7.822000000000000064e-01 4.695000000000000562e-02 1.654499999999999860e-01
1.273099999999999898e+00 7.822000000000000064e-01 4.245000000000000162e-02 1.824999999999999956e-01
1.436800000000000077e+00 7.822000000000000064e-01 5.455000000000000127e-02 1.717500000000000138e-01
1.600400000000000045e+00 7.822000000000000064e-01 6.464999999999999913e-02 1.683000000000000052e-01
1.764100000000000001e+00 7.822000000000000064e-01 6.335000000000000353e-02 1.726000000000000034e-01
1.927699999999999969e+00 7.822000000000000064e-01 6.590000000000000024e-02 1.764000000000000012e-01
2.091400000000000148e+00 7.822000000000000064e-01 8.290000000000000147e-02 1.659999999999999809e-01
2.254999999999999893e+00 7.822000000000000064e-01 8.225000000000000366e-02 1.648499999999999965e-01
2.418600000000000083e+00 7.822000000000000064e-01 7.810000000000000275e-02 1.743000000000000105e-01
2.582300000000000040e+00 7.822000000000000064e-01 1.078500000000000014e-01 1.560500000000000220e-01
2.745899999999999785e+00 7.822000000000000064e-01 1.013499999999999956e-01 1.573999999999999844e-01
2.909600000000000186e+00 7.822000000000000064e-01 1.145499999999999990e-01 1.546500000000000097e-01
3.073199999999999932e+00 7.822000000000000064e-01 1.095499999999999946e-01 1.683499999999999996e-01
3.236800000000000122e+00 7.822000000000000064e-01 1.177499999999999936e-01 1.672000000000000153e-01
3.400500000000000078e+00 7.822000000000000064e-01 1.133000000000000118e-01 1.585000000000000020e-01
3.564099999999999824e+00 7.822000000000000064e-01 1.248499999999999888e-01 1.598999999999999866e-01
3.727799999999999780e+00 7.822000000000000064e-01 1.451999999999999957e-01 1.401999999999999913e-01
3.891399999999999970e+00 7.822000000000000064e-01 1.481000000000000094e-01 1.407999999999999807e-01
4.055100000000000371e+00 7.822000000000000064e-01 1.521500000000000075e-01 1.381499999999999950e-01
4.218700000000000117e+00 7.822000000000000064e-01 1.559999999999999998e-01 1.534999999999999976e-01
4.382299999999999862e+00 7.822000000000000064e-01 1.426499999999999990e-01 1.873500000000000165e-01
4.546000000000000263e+00 7.822000000000000064e-01 1.586500000000000132e-01 1.768500000000000072e-01
4.709600000000000009e+00 7.822000000000000064e-01 1.669499999999999873e-01 1.628999999999999893e-01
4.873300000000000409e+00 7.822000000000000064e-01 1.845499999999999918e-01 1.506500000000000061e-01
5.036900000000000155e+00 7.822000000000000064e-01 1.865499999999999936e-01 1.451500000000000012e-01
5.200599999999999667e+00 7.822000000000000064e-01 1.950000000000000067e-01 1.486500000000000044e-01
5.364200000000000301e+00 7.822000000000000064e-01 2.161000000000000143e-01 1.410500000000000087e-01
5.527800000000000047e+00 7.822000000000000064e-01 2.075500000000000123e-01 1.471000000000000085e-01
5.691499999999999559e+00 7.822000000000000064e-01 2.296500000000000208e-01 9.260000000000000175e-02
5.855100000000000193e+00 7.822000000000000064e-01 2.300499999999999767e-01 8.749999999999999445e-02
6.018799999999999706e+00 7.822000000000000064e-01 2.418500000000000094e-01 5.344999999999999751e-02
6.182400000000000340e+00 7.822000000000000064e-01 2.353000000000000091e-01 4.184999999999999831e-02
6.346099999999999852e+00 7.822000000000000064e-01 2.413500000000000090e-01 4.005000000000000226e-02
6.509699999999999598e+00 7.822000000000000064e-01 2.586999999999999855e-01 6.260000000000000286e-02
6.673300000000000232e+00 7.822000000000000064e-01 2.663499999999999757e-01 5.409999999999999531e-02
6.836999999999999744e+00 7.822000000000000064e-01 2.671499999999999986e-01 2.595000000000000084e-02
7.000600000000000378e+00 7.822000000000000064e-01 2.650000000000000133e-01 8.999999999999999320e-03
7.164299999999999891e+00 7.822000000000000064e-01 2.396999999999999964e-01 4.034999999999999698e-02
7.327899999999999636e+00 7.822000000000000064e-01 2.300500000000000045e-01 -3.495000000000000190e-02
1.275999999999999912e-01 6.186000000000000387e-01 2.639999999999999986e-02 1.724499999999999922e-01
2.913000000000000034e-01 6.186000000000000387e-01 1.304999999999999910e-02 1.791000000000000092e-01
4.549000000000000266e-01 6.186000000000000387e-01 2.439999999999999808e-02 1.828500000000000125e-01
6.186000000000000387e-01 6.186000000000000387e-01 4.649999999999999967e-02 1.839500000000000024e-01
7.822000000000000064e-01 6.186000000000000387e-01 4.764999999999999791e-02 1.895499999999999963e-01
9.458999999999999631e-01 6.186000000000000387e-01 3.644999999999999629e-02 1.941499999999999893e-01
1.109499999999999931e+00 6.186000000000000387e-01 4.114999999999999908e-02 1.784999999999999920e-01
1.273099999999999898e+00 6.186000000000000387e-01 3.930000000000000160e-02 1.879500000000000060e-01
1.436800000000000077e+00 6.186000000000000387e-01 4.819999999999999979e-02 1.969500000000000139e-01
1.600400000000000045e+00 6.186000000000000387e-01 5.950000000000000427e-02 1.890999999999999903e-01
1.764100000000000001e+00 6.186000000000000387e-01 5.995000000000000329e-02 1.889500000000000068e-01
1.927699999999999969e+00 6.186000000000000387e-01 6.060000000000000109e-02 1.968000000000000027e-01
2.091400000000000148e+00 6.186000000000000387e-01 8.254999999999999838e-02 1.774999999999999911e-01
2.254999999999999893e+00 6.186000000000000387e-01 8.609999999999999598e-02 1.898500000000000187e-01
2.418600000000000083e+00 6.186000000000000387e-01 9.059999999999999998e-02 1.906499999999999861e-01
2.582300000000000040e+00 6.186000000000000387e-01 1.093999999999999972e-01 1.798500000000000099e-01
2.745899999999999785e+00 6.186000000000000387e-01 1.045999999999999985e-01 1.820499999999999896e-01
2.909600000000000186e+00 6.186000000000000387e-01 1.149000000000000021e-01 1.909500000000000086e-01
3.073199999999999932e+00 6.186000000000000387e-01 1.146500000000000019e-01 1.901999999999999802e-01
3.236800000000000122e+00 6.186000000000000387e-01 1.156000000000000083e-01 1.855999999999999872e-01
3.400500000000000078e+00 6.186000000000000387e-01 1.202999999999999903e-01 1.834999999999999964e-01
3.564099999999999824e+00 6.186000000000000387e-01 1.365999999999999992e-01 1.945999999999999952e-01
3.727799999999999780e+00 6.186000000000000387e-01 1.392500000000000127e-01 1.836499999999999799e-01
3.891399999999999970e+00 6.186000000000000387e-01 1.501500000000000057e-01 1.684499999999999886e-01
4.055100000000000371e+00 6.186000000000000387e-01 1.492499999999999938e-01 1.639499999999999846e-01
4.218700000000000117e+00 6.186000000000000387e-01 1.583499999999999908e-01 1.663000000000000034e-01
4.382299999999999862e+00 6.186000000000000387e-01 1.559999999999999998e-01 1.814999999999999947e-01
4.546000000000000263e+00 6.186000000000000387e-01 1.613499999999999934e-01 2.108499999999999819e-01
4.709600000000000009e+00 6.186000000000000387e-01 1.712000000000000188e-01 1.804999999999999938e-01
4.873300000000000409e+00 6.186000000000000387e-01 2.000000000000000111e-01 1.241500000000000103e-01
5.036900000000000155e+00 6.186000000000000387e-01 2.021999999999999909e-01 1.585000000000000020e-01
5.200599999999999667e+00 6.186000000000000387e-01 2.060500000000000109e-01 1.295000000000000040e-01
5.364200000000000301e+00 6.186000000000000387e-01 2.308000000000000052e-01 1.279000000000000137e-01
5.527800000000000047e+00 6.186000000000000387e-01 2.118999999999999773e-01 1.944000000000000172e-01
5.691499999999999559e+00 6.186000000000000387e-01 2.172000000000000042e-01 7.184999999999999720e-02
5.855100000000000193e+00 6.186000000000000387e-01 2.601499999999999924e-01 2.709999999999999909e-02
6.018799999999999706e+00 6.186000000000000387e-01 2.604500000000000148e-01 2.154999999999999971e-02
6.182400000000000340e+00 6.186000000000000387e-01 2.401999999999999968e-01 3.830000000000000071e-02
6.346099999999999852e+00 6.186000000000000387e-01 2.395500000000000129e-01 4.099999999999999478e-02
6.509699999999999598e+00 6.186000000000000387e-01 2.722499999999999920e-01 5.499999999999999334e-02
6.673300000000000232e+00 6.186000000000000387e-01 2.763499999999999845e-01 6.410000000000000420e-02
6.836999999999999744e+00 6.186000000000000387e-01 2.414499999999999980e-01 7.450000000000000025e-03
7.000600000000000378e+00 6.186000000000000387e-01 2.782499999999999973e-01 -1.834999999999999826e-02
7.164299999999999891e+00 6.186000000000000387e-01 2.732999999999999874e-01 -5.594999999999999973e-02
7.327899999999999636e+00 6.186000000000000387e-01 2.220999999999999919e-01 -7.825000000000000011e-02
1.275999999999999912e-01 4.549000000000000266e-01 6.699999999999999359e-03 1.915000000000000036e-01
2.913000000000000034e-01 4.549000000000000266e-01 9.600000000000000894e-03 1.887500000000000011e-01
4.549000000000000266e-01 4.549000000000000266e-01 4.655000000000000110e-02 2.056000000000000050e-01
6.186000000000000387e-01 4.549000000000000266e-01 5.924999999999999711e-02 1.970999999999999974e-01
7.822000000000000064e-01 4.549000000000000266e-01 5.489999999999999741e-02 2.069499999999999951e-01
9.458999999999999631e-01 4.549000000000000266e-01 3.604999999999999871e-02 2.141000000000000125e-01
1.109499999999999931e+00 4.549000000000000266e-01 3.685000000000000081e-02 2.069000000000000006e-01
1.273099999999999898e+00 4.549000000000000266e-01 4.610000000000000209e-02 2.290999999999999981e-01
1.436800000000000077e+00 4.549000000000000266e-01 4.390000000000000152e-02 2.271000000000000241e-01
1.600400000000000045e+00 4.549000000000000266e-01 6.214999999999999691e-02 2.125500000000000167e-01
1.764100000000000001e+00 4.549000000000000266e-01 6.235000000000000264e-02 2.192999999999999949e-01
1.927699999999999969e+00 4.549000000000000266e-01 6.559999999999999165e-02 2.182000000000000051e-01
2.091400000000000148e+00 4.549000000000000266e-01 8.949999999999999623e-02 2.093499999999999805e-01
2.254999999999999893e+00 4.549000000000000266e-01 9.065000000000000835e-02 2.127499999999999947e-01
2.418600000000000083e+00 4.549000000000000266e-01 9.229999999999999316e-02 2.156500000000000083e-01
2.582300000000000040e+00 4.549000000000000266e-01 1.026999999999999996e-01 2.188499999999999890e-01
2.745899999999999785e+00 4.549000000000000266e-01 1.024000000000000049e-01 2.215499999999999969e-01
2.909600000000000186e+00 4.549000000000000266e-01 1.125000000000000028e-01 2.260999999999999954e-01
3.073199999999999932e+00 4.549000000000000266e-01 1.183500000000000107e-01 2.167499999999999982e-01
3.236800000000000122e+00 4.549000000000000266e-01 1.218999999999999945e-01 2.199499999999999789e-01
3.400500000000000078e+00 4.549000000000000266e-01 1.239999999999999991e-01 2.292500000000000093e-01
3.564099999999999824e+00 4.549000000000000266e-01 1.254000000000000115e-01 2.384000000000000008e-01
3.727799999999999780e+00 4.549000000000000266e-01 1.592999999999999972e-01 2.203499999999999903e-01
3.891399999999999970e+00 4.549000000000000266e-01 1.764999999999999902e-01 1.649999999999999800e-01
4.055100000000000371e+00 4.549000000000000266e-01 1.821500000000000064e-01 1.814000000000000057e-01
4.218700000000000117e+00 4.549000000000000266e-01 1.555999999999999883e-01 2.151000000000000134e-01
4.382299999999999862e+00 4.549000000000000266e-01 1.608499999999999930e-01 2.384499999999999953e-01
4.546000000000000263e+00 4.549000000000000266e-01 1.730499999999999816e-01 2.448500000000000121e-01
4.709600000000000009e+00 4.549000000000000266e-01 1.726000000000000034e-01 2.589500000000000135e-01
4.873300000000000409e+00 4.549000000000000266e-01 1.898500000000000187e-01 1.552000000000000046e-01
5.036900000000000155e+00 4.549000000000000266e-01 2.065500000000000114e-01 1.612000000000000099e-01
5.200599999999999667e+00 4.549000000000000266e-01 2.437500000000000222e-01 9.914999999999998814e-02
5.364200000000000301e+00 4.549000000000000266e-01 2.430500000000000160e-01 5.700000000000000205e-02
5.527800000000000047e+00 4.549000000000000266e-01 2.159500000000000031e-01 1.980500000000000038e-01
5.691499999999999559e+00 4.549000000000000266e-01 2.358000000000000096e-01 3.459999999999999881e-02
5.855100000000000193e+00 4.549000000000000266e-01 2.571499999999999897e-01 1.379999999999999977e-02
6.018799999999999706e+00 4.549000000000000266e-01 2.599500000000000144e-01 2.220000000000000098e-02
6.182400000000000340e+00 4.549000000000000266e-01 2.750500000000000167e-01 2.330000000000000127e-02
6.346099999999999852e+00 4.549000000000000266e-01 2.592499999999999805e-01 2.815000000000000141e-02
6.509699999999999598e+00 4.549000000000000266e-01 2.945999999999999730e-01 5.000000000000000104e-03
6.673300000000000232e+00 4.549000000000000266e-01 2.212500000000000022e-01 1.900000000000000300e-02
6.836999999999999744e+00 4.549000000000000266e-01 2.357500000000000151e-01 2.699999999999999709e-03
7.000600000000000378e+00 4.549000000000000266e-01 2.430499999999999883e-01 -2.500000000000000052e-04
7.164299999999999891e+00 4.549000000000000266e-01 2.662499999999999867e-01 -4.079999999999999599e-02
7.327899999999999636e+00 4.549000000000000266e-01 2.208999999999999853e-01 -9.569999999999999341e-02
1.275999999999999912e-01 2.913000000000000034e-01 1.180000000000000146e-02 2.091000000000000081e-01
2.913000000000000034e-01 2.913000000000000034e-01 3.774999999999999883e-02 2.071500000000000008e-01
4.549000000000000266e-01 2.913000000000000034e-01 2.869999999999999982e-02 2.155500000000000194e-01
6.186000000000000387e-01 2.913000000000000034e-01 3.919999999999999873e-02 2.323999999999999955e-01
7.822000000000000064e-01 2.913000000000000034e-01 6.194999999999999812e-02 2.407500000000000195e-01
9.458999999999999631e-01 2.913000000000000034e-01 4.495000000000000384e-02 2.351499999999999979e-01
1.109499999999999931e+00 2.913000000000000034e-01 3.425000000000000266e-02 2.210499999999999965e-01
1.273099999999999898e+00 2.913000000000000034e-01 5.680000000000000326e-02 2.501499999999999835e-01
1.436800000000000077e+00 2.913000000000000034e-01 6.469999999999999363e-02 2.540499999999999980e-01
1.600400000000000045e+00 2.913000000000000034e-01 7.134999999999999676e-02 2.501999999999999780e-01
1.764100000000000001e+00 2.913000000000000034e-01 6.460000000000000464e-02 2.471499999999999808e-01
1.927699999999999969e+00 2.913000000000000034e-01 6.359999999999998987e-02 2.474500000000000033e-01
2.091400000000000148e+00 2.913000000000000034e-01 9.464999999999999802e-02 2.509000000000000119e-01
2.254999999999999893e+00 2.913000000000000034e-01 9.274999999999999911e-02 2.362000000000000210e-01
2.418600000000000083e+00 2.913000000000000034e-01 9.475000000000000089e-02 2.407999999999999863e-01
2.582300000000000040e+00 2.913000000000000034e-01 1.152499999999999913e-01 2.513500000000000179e-01
2.745899999999999785e+00 2.913000000000000034e-01 1.203999999999999931e-01 2.520000000000000018e-01
2.909600000000000186e+00 2.913000000000000034e-01 1.097500000000000003e-01 2.590999999999999970e-01
3.073199999999999932e+00 2.913000000000000034e-01 1.130500000000000116e-01 2.613999999999999657e-01
3.236800000000000122e+00 2.913000000000000034e-01 1.282999999999999974e-01 2.548000000000000265e-01
3.400500000000000078e+00 2.913000000000000034e-01 1.506000000000000116e-01 2.482499999999999707e-01
3.564099999999999824e+00 2.913000000000000034e-01 1.189999999999999947e-01 2.690000000000000169e-01
3.727799999999999780e+00 2.913000000000000034e-01 1.301500000000000157e-01 2.571999999999999842e-01
3.891399999999999970e+00 2.913000000000000034e-01 1.326499999999999901e-01 2.465499999999999914e-01
4.055100000000000371e+00 2.913000000000000034e-01 1.741999999999999937e-01 2.154500000000000026e-01
4.218700000000000117e+00 2.913000000000000034e-01 1.905000000000000027e-01 2.006000000000000005e-01
4.382299999999999862e+00 2.913000000000000034e-01 1.881999999999999784e-01 2.172499999999999987e-01
4.546000000000000263e+00 2.913000000000000034e-01 1.969000000000000195e-01 2.515499999999999958e-01
4.709600000000000009e+00 2.913000000000000034e-01 1.685500000000000054e-01 2.935499999999999776e-01
4.873300000000000409e+00 2.913000000000000034e-01 2.136500000000000066e-01 1.350000000000000089e-01
5.036900000000000155e+00 2.913000000000000034e-01 2.395999999999999797e-01 6.685000000000000664e-02
5.200599999999999667e+00 2.913000000000000034e-01 2.266000000000000236e-01 1.056499999999999939e-01
5.364200000000000301e+00 2.913000000000000034e-01 2.171500000000000097e-01 9.539999999999999869e-02
5.527800000000000047e+00 2.913000000000000034e-01 2.217999999999999972e-01 7.894999999999999241e-02
5.691499999999999559e+00 2.913000000000000034e-01 2.285500000000000032e-01 -1.195000000000000229e-02
5.855100000000000193e+00 2.913000000000000034e-01 2.302000000000000157e-01 9.150000000000001882e-03
6.018799999999999706e+00 2.913000000000000034e-01 2.214999999999999747e-01 1.225000000000000047e-02
6.182400000000000340e+00 2.913000000000000034e-01 2.270999999999999963e-01 1.439999999999999961e-02
6.346099999999999852e+00 2.913000000000000034e-01 2.409000000000000030e-01 1.480000000000000066e-02
6.509699999999999598e+00 2.913000000000000034e-01 2.472000000000000308e-01 1.149999999999998246e-03
6.673300000000000232e+00 2.913000000000000034e-01 2.053999999999999992e-01 6.199999999999999782e-03
6.836999999999999744e+00 2.913000000000000034e-01 1.771500000000000019e-01 -2.599999999999999881e-03
7.000600000000000378e+00 2.913000000000000034e-01 2.073500000000000065e-01 -1.920000000000000179e-02
7.164299999999999891e+00 2.913000000000000034e-01 2.598000000000000309e-01 1.195000000000000229e-02
7.327899999999999636e+00 2.913000000000000034e-01 1.106499999999999984e-01 -2.290000000000000022e-02
1.275999999999999912e-01 1.275999999999999912e-01 2.599999999999999881e-03 2.125499999999999889e-01
2.913000000000000034e-01 1.275999999999999912e-01 2.020000000000000268e-02 2.093999999999999750e-01
4.549000000000000266e-01 1.275999999999999912e-01 1.299999999999999940e-02 2.186000000000000165e-01
6.186000000000000387e-01 1.275999999999999912e-01 6.784999999999999365e-02 2.419499999999999984e-01
7.822000000000000064e-01 1.275999999999999912e-01 6.859999999999999432e-02 2.477500000000000258e-01
9.458999999999999631e-01 1.275999999999999912e-01 3.759999999999999454e-02 2.244999999999999774e-01
1.109499999999999931e+00 1.275999999999999912e-01 4.039999999999999841e-02 2.297000000000000153e-01
1.273099999999999898e+00 1.275999999999999912e-01 6.955000000000000071e-02 2.824499999999999789e-01
1.436800000000000077e+00 1.275999999999999912e-01 7.555000000000000604e-02 2.730000000000000204e-01
1.600400000000000045e+00 1.275999999999999912e-01 8.859999999999999820e-02 2.675000000000000155e-01
1.764100000000000001e+00 1.275999999999999912e-01 6.969999999999999807e-02 2.623499999999999721e-01
1.927699999999999969e+00 1.275999999999999912e-01 5.955000000000000571e-02 2.624499999999999611e-01
2.091400000000000148e+00 1.275999999999999912e-01 6.859999999999999432e-02 2.454999999999999960e-01
2.254999999999999893e+00 1.275999999999999912e-01 8.075000000000000233e-02 2.404999999999999916e-01
2.418600000000000083e+00 1.275999999999999912e-01 8.920000000000000151e-02 2.637499999999999845e-01
2.582300000000000040e+00 1.275999999999999912e-01 1.223499999999999865e-01 2.805999999999999606e-01
2.745899999999999785e+00 1.275999999999999912e-01 1.302499999999999769e-01 2.759500000000000286e-01
2.909600000000000186e+00 1.275999999999999912e-01 1.207500000000000101e-01 2.621499999999999941e-01
3.073199999999999932e+00 1.275999999999999912e-01 1.185499999999999887e-01 2.796499999999999542e-01
3.236800000000000122e+00 1.275999999999999912e-01 1.656499999999999917e-01 2.730500000000000149e-01
3.400500000000000078e+00 1.275999999999999912e-01 1.781000000000000083e-01 2.861000000000000210e-01
3.564099999999999824e+00 1.275999999999999912e-01 1.416499999999999981e-01 3.015499999999999847e-01
3.727799999999999780e+00 1.275999999999999912e-01 1.313499999999999945e-01 2.960500000000000353e-01
3.891399999999999970e+00 1.275999999999999912e-01 1.333000000000000018e-01 2.944499999999999895e-01
4.055100000000000371e+00 1.275999999999999912e-01 1.522499999999999964e-01 3.176999999999999824e-01
4.218700000000000117e+00 1.275999999999999912e-01 1.633999999999999897e-01 2.694499999999999673e-01
4.382299999999999862e+00 1.275999999999999912e-01 1.721999999999999920e-01 2.076500000000000012e-01
4.546000000000000263e+00 1.275999999999999912e-01 1.861500000000000099e-01 1.334000000000000186e-01
4.709600000000000009e+00 1.275999999999999912e-01 1.803500000000000103e-01 2.247000000000000108e-01
4.873300000000000409e+00 1.275999999999999912e-01 2.123499999999999832e-01 1.509500000000000008e-01
5.036900000000000155e+00 1.275999999999999912e-01 2.176500000000000101e-01 7.464999999999999414e-02
5.200599999999999667e+00 1.275999999999999912e-01 1.943000000000000005e-01 5.809999999999999887e-02
5.364200000000000301e+00 1.275999999999999912e-01 2.197000000000000064e-01 8.669999999999999929e-02
5.527800000000000047e+00 1.275999999999999912e-01 2.262000000000000122e-01 4.649999999999999967e-02
5.691499999999999559e+00 1.275999999999999912e-01 2.072999999999999843e-01 -1.059999999999999831e-02
5.855100000000000193e+00 1.275999999999999912e-01 1.753500000000000059e-01 -1.100000000000000110e-02
6.018799999999999706e+00 1.275999999999999912e-01 1.797499999999999931e-01 3.094999999999999835e-02
6.182400000000000340e+00 1.275999999999999912e-01 1.701000000000000012e-01 -1.149999999999999981e-02
6.346099999999999852e+00 1.275999999999999912e-01 2.210999999999999910e-01 1.820000000000000090e-02
6.509699999999999598e+00 1.275999999999999912e-01 1.432499999999999885e-01 2.185000000000000137e-02
6.673300000000000232e+00 1.275999999999999912e-01 1.422999999999999821e-01 1.604999999999999830e-02
6.836999999999999744e+00 1.275999999999999912e-01 1.620000000000000606e-02 2.230000000000000038e-02
7.000600000000000378e+00 1.275999999999999912e-01 1.374999999999999833e-02 2.454999999999999891e-02
7.164299999999999891e+00 1.275999999999999912e-01 -6.399999999999999439e-03 3.314999999999999891e-02
7.327899999999999636e+00 1.275999999999999912e-01 -1.000000000000000888e-03 2.455000000000000238e-02
