1.275999999999999912e-01 1.927699999999999969e+00 3.780000000000000027e-02 2.575000000000000205e-02
2.913000000000000034e-01 1.927699999999999969e+00 3.469999999999999474e-02 3.125000000000000000e-02
4.549000000000000266e-01 1.927699999999999969e+00 3.024999999999999911e-02 3.370000000000000079e-02
6.186000000000000387e-01 1.927699999999999969e+00 2.360000000000000292e-02 3.939999999999999752e-02
7.822000000000000064e-01 1.927699999999999969e+00 1.814999999999999947e-02 4.315000000000000085e-02
9.458999999999999631e-01 1.927699999999999969e+00 1.310000000000000053e-02 4.864999999999999880e-02
1.109499999999999931e+00 1.927699999999999969e+00 1.360000000000000098e-02 4.864999999999999880e-02
1.273099999999999898e+00 1.927699999999999969e+00 1.510000000000000057e-02 4.909999999999999781e-02
1.436800000000000077e+00 1.927699999999999969e+00 2.384999999999999967e-02 4.645000000000000517e-02
1.600400000000000045e+00 1.927699999999999969e+00 1.779999999999999985e-02 5.349999999999999895e-02
1.764100000000000001e+00 1.927699999999999969e+00 1.524999999999999967e-02 5.699999999999999512e-02
1.927699999999999969e+00 1.927699999999999969e+00 2.465000000000000177e-02 4.930000000000000354e-02
2.091400000000000148e+00 1.927699999999999969e+00 3.275000000000000133e-02 4.880000000000000310e-02
2.254999999999999893e+00 1.927699999999999969e+00 3.830000000000000071e-02 5.269999999999999685e-02
2.418600000000000083e+00 1.927699999999999969e+00 3.840000000000000357e-02 5.300000000000000544e-02
2.582300000000000040e+00 1.927699999999999969e+00 3.454999999999999738e-02 5.730000000000000371e-02
2.745899999999999785e+00 1.927699999999999969e+00 3.905000000000000138e-02 5.734999999999999820e-02
2.909600000000000186e+00 1.927699999999999969e+00 4.005000000000000226e-02 5.670000000000000040e-02
3.073199999999999932e+00 1.927699999999999969e+00 4.259999999999999898e-02 5.970000000000000306e-02
3.236800000000000122e+00 1.927699999999999969e+00 4.510000000000000120e-02 5.960000000000000020e-02
3.400500000000000078e+00 1.927699999999999969e+00 5.534999999999999643e-02 5.175000000000000433e-02
3.564099999999999824e+00 1.927699999999999969e+00 5.895000000000000240e-02 4.884999999999999759e-02
3.727799999999999780e+00 1.927699999999999969e+00 5.400000000000000633e-02 5.215000000000000191e-02
3.891399999999999970e+00 1.927699999999999969e+00 6.754999999999999893e-02 4.025000000000000105e-02
4.055100000000000371e+00 1.927699999999999969e+00 6.619999999999999496e-02 4.470000000000000362e-02
4.218700000000000117e+00 1.927699999999999969e+00 6.329999999999999516e-02 5.949999999999999734e-02
4.382299999999999862e+00 1.927699999999999969e+00 6.944999999999999785e-02 5.380000000000000060e-02
4.546000000000000263e+00 1.927699999999999969e+00 8.260000000000000675e-02 3.855000000000000093e-02
4.709600000000000009e+00 1.927699999999999969e+00 8.165000000000000036e-02 4.340000000000000108e-02
4.873300000000000409e+00 1.927699999999999969e+00 8.190000000000000058e-02 4.825000000000000122e-02
5.036900000000000155e+00 1.927699999999999969e+00 8.465000000000000302e-02 4.435000000000000053e-02
5.200599999999999667e+00 1.927699999999999969e+00 8.895000000000000129e-02 4.034999999999999698e-02
5.364200000000000301e+00 1.927699999999999969e+00 9.254999999999999338e-02 4.039999999999999841e-02
5.527800000000000047e+00 1.927699999999999969e+00 9.315000000000001057e-02 4.399999999999999745e-02
5.691499999999999559e+00 1.927699999999999969e+00 9.439999999999999780e-02 4.954999999999999682e-02
5.855100000000000193e+00 1.927699999999999969e+00 9.864999999999998770e-02 3.019999999999999768e-02
6.018799999999999706e+00 1.927699999999999969e+00 1.114499999999999935e-01 1.855000000000000052e-02
6.182400000000000340e+00 1.927699999999999969e+00 1.109499999999999931e-01 1.264999999999999979e-02
6.346099999999999852e+00 1.927699999999999969e+00 1.117500000000000021e-01 1.559999999999999928e-02
6.509699999999999598e+00 1.927699999999999969e+00 1.139999999999999902e-01 9.499999999999999764e-03
6.673300000000000232e+00 1.927699999999999969e+00 1.187000000000000000e-01 -2.249999999999999830e-03
6.836999999999999744e+00 1.927699999999999969e+00 1.151999999999999968e-01 -9.150000000000000147e-03
7.000600000000000378e+00 1.927699999999999969e+00 1.198000000000000037e-01 -1.299999999999999940e-02
7.164299999999999891e+00 1.927699999999999969e+00 1.181999999999999995e-01 -1.809999999999999803e-02
7.327899999999999636e+00 1.927699999999999969e+00 1.159499999999999975e-01 -2.929999999999999966e-02
1.275999999999999912e-01 1.764100000000000001e+00 2.409999999999999989e-02 3.844999999999999807e-02
2.913000000000000034e-01 1.764100000000000001e+00 3.314999999999999891e-02 3.169999999999999901e-02
4.549000000000000266e-01 1.764100000000000001e+00 2.464999999999999830e-02 3.649999999999999772e-02
6.186000000000000387e-01 1.764100000000000001e+00 2.319999999999999840e-02 4.000000000000000083e-02
7.822000000000000064e-01 1.764100000000000001e+00 2.604999999999999677e-02 3.984999999999999654e-02
9.458999999999999631e-01 1.764100000000000001e+00 1.830000000000000029e-02 4.674999999999999989e-02
1.109499999999999931e+00 1.764100000000000001e+00 1.505000000000000088e-02 4.954999999999999682e-02
1.273099999999999898e+00 1.764100000000000001e+00 8.999999999999997585e-04 6.364999999999999825e-02
1.436800000000000077e+00 1.764100000000000001e+00 1.950000000000000344e-03 6.394999999999999296e-02
1.600400000000000045e+00 1.764100000000000001e+00 9.849999999999999381e-03 6.189999999999999669e-02
1.764100000000000001e+00 1.764100000000000001e+00 1.370000000000000037e-02 5.865000000000000074e-02
1.927699999999999969e+00 1.764100000000000001e+00 2.635000000000000189e-02 5.710000000000000492e-02
2.091400000000000148e+00 1.764100000000000001e+00 3.459999999999999881e-02 5.210000000000000048e-02
2.254999999999999893e+00 1.764100000000000001e+00 3.509999999999999926e-02 5.650000000000000161e-02
2.418600000000000083e+00 1.764100000000000001e+00 2.620000000000000107e-02 6.394999999999999296e-02
2.582300000000000040e+00 1.764100000000000001e+00 3.459999999999999881e-02 6.029999999999999943e-02
2.745899999999999785e+00 1.764100000000000001e+00 4.120000000000000051e-02 5.974999999999999756e-02
2.909600000000000186e+00 1.764100000000000001e+00 3.740000000000000269e-02 6.339999999999999802e-02
3.073199999999999932e+00 1.764100000000000001e+00 3.810000000000000192e-02 6.529999999999999694e-02
3.236800000000000122e+00 1.764100000000000001e+00 5.430000000000000104e-02 4.945000000000000090e-02
3.400500000000000078e+00 1.764100000000000001e+00 4.705000000000000154e-02 5.820000000000000173e-02
3.564099999999999824e+00 1.764100000000000001e+00 5.675000000000000183e-02 5.394999999999999796e-02
3.727799999999999780e+00 1.764100000000000001e+00 5.559999999999999665e-02 6.035000000000000087e-02
3.891399999999999970e+00 1.764100000000000001e+00 5.905000000000000526e-02 5.159999999999999309e-02
4.055100000000000371e+00 1.764100000000000001e+00 6.289999999999999758e-02 5.800000000000000294e-02
4.218700000000000117e+00 1.764100000000000001e+00 7.039999999999999036e-02 5.814999999999999336e-02
4.382299999999999862e+00 1.764100000000000001e+00 7.405000000000000471e-02 5.605000000000000260e-02
4.546000000000000263e+00 1.764100000000000001e+00 7.875000000000000056e-02 5.160000000000000003e-02
4.709600000000000009e+00 1.764100000000000001e+00 8.079999999999999682e-02 5.615000000000000546e-02
4.873300000000000409e+00 1.764100000000000001e+00 8.494999999999999774e-02 5.310000000000000137e-02
5.036900000000000155e+00 1.764100000000000001e+00 8.934999999999999887e-02 4.655000000000000110e-02
5.200599999999999667e+00 1.764100000000000001e+00 9.365000000000001101e-02 4.714999999999999747e-02
5.364200000000000301e+00 1.764100000000000001e+00 9.385000000000000286e-02 4.829999999999999571e-02
5.527800000000000047e+00 1.764100000000000001e+00 9.470000000000000639e-02 5.274999999999999828e-02
5.691499999999999559e+00 1.764100000000000001e+00 1.040999999999999981e-01 3.289999999999999869e-02
5.855100000000000193e+00 1.764100000000000001e+00 1.098500000000000032e-01 3.260000000000000397e-02
6.018799999999999706e+00 1.764100000000000001e+00 1.143500000000000072e-01 2.195000000000000076e-02
6.182400000000000340e+00 1.764100000000000001e+00 1.181500000000000050e-01 1.615000000000000116e-02
6.346099999999999852e+00 1.764100000000000001e+00 1.168000000000000149e-01 1.619999999999999912e-02
6.509699999999999598e+00 1.764100000000000001e+00 1.193000000000000033e-01 1.480000000000000066e-02
6.673300000000000232e+00 1.764100000000000001e+00 1.271500000000000130e-01 7.500000000000000156e-04
6.836999999999999744e+00 1.764100000000000001e+00 1.250499999999999945e-01 -8.650000000000001438e-03
7.000600000000000378e+00 1.764100000000000001e+00 1.242999999999999938e-01 -1.294999999999999971e-02
7.164299999999999891e+00 1.764100000000000001e+00 1.233999999999999958e-01 -2.069999999999999965e-02
7.327899999999999636e+00 1.764100000000000001e+00 1.200999999999999984e-01 -4.224999999999999589e-02
1.275999999999999912e-01 1.600400000000000045e+00 2.230000000000000038e-02 4.154999999999999666e-02
2.913000000000000034e-01 1.600400000000000045e+00 2.145000000000000032e-02 4.390000000000000152e-02
4.549000000000000266e-01 1.600400000000000045e+00 1.190000000000000085e-02 5.434999999999999554e-02
6.186000000000000387e-01 1.600400000000000045e+00 2.025000000000000064e-02 4.694999999999999868e-02
7.822000000000000064e-01 1.600400000000000045e+00 3.849999999999999950e-02 3.475000000000000311e-02
9.458999999999999631e-01 1.600400000000000045e+00 1.124999999999999958e-02 5.720000000000000084e-02
1.109499999999999931e+00 1.600400000000000045e+00 5.400000000000000286e-03 6.194999999999999812e-02
1.273099999999999898e+00 1.600400000000000045e+00 4.750000000000000749e-03 6.814999999999998836e-02
1.436800000000000077e+00 1.600400000000000045e+00 1.025000000000000043e-02 6.754999999999999893e-02
1.600400000000000045e+00 1.600400000000000045e+00 1.354999999999999954e-02 6.360000000000000375e-02
1.764100000000000001e+00 1.600400000000000045e+00 1.789999999999999925e-02 6.339999999999999802e-02
1.927699999999999969e+00 1.600400000000000045e+00 1.830000000000000029e-02 6.519999999999999407e-02
2.091400000000000148e+00 1.600400000000000045e+00 2.364999999999999741e-02 6.339999999999999802e-02
2.254999999999999893e+00 1.600400000000000045e+00 2.295000000000000165e-02 6.350000000000000089e-02
2.418600000000000083e+00 1.600400000000000045e+00 3.209999999999999659e-02 6.300000000000000044e-02
2.582300000000000040e+00 1.600400000000000045e+00 3.380000000000000365e-02 5.934999999999999998e-02
2.745899999999999785e+00 1.600400000000000045e+00 3.395000000000000101e-02 6.894999999999999740e-02
2.909600000000000186e+00 1.600400000000000045e+00 3.860000000000000236e-02 6.854999999999999982e-02
3.073199999999999932e+00 1.600400000000000045e+00 4.055000000000000271e-02 6.944999999999999785e-02
3.236800000000000122e+00 1.600400000000000045e+00 5.384999999999999509e-02 5.090000000000000080e-02
3.400500000000000078e+00 1.600400000000000045e+00 4.585000000000000187e-02 6.345000000000000639e-02
3.564099999999999824e+00 1.600400000000000045e+00 5.805000000000000437e-02 5.630000000000000282e-02
3.727799999999999780e+00 1.600400000000000045e+00 6.090000000000000274e-02 5.825000000000000316e-02
3.891399999999999970e+00 1.600400000000000045e+00 5.574999999999999400e-02 6.434999999999999054e-02
4.055100000000000371e+00 1.600400000000000045e+00 6.254999999999999449e-02 6.470000000000000751e-02
4.218700000000000117e+00 1.600400000000000045e+00 7.005000000000000115e-02 6.370000000000000662e-02
4.382299999999999862e+00 1.600400000000000045e+00 7.144999999999999962e-02 6.210000000000000242e-02
4.546000000000000263e+00 1.600400000000000045e+00 7.539999999999999480e-02 5.304999999999999993e-02
4.709600000000000009e+00 1.600400000000000045e+00 8.474999999999999201e-02 5.569999999999999951e-02
4.873300000000000409e+00 1.600400000000000045e+00 8.870000000000000107e-02 5.169999999999999596e-02
5.036900000000000155e+00 1.600400000000000045e+00 9.235000000000000153e-02 5.169999999999999596e-02
5.200599999999999667e+00 1.600400000000000045e+00 9.500000000000000111e-02 5.254999999999999949e-02
5.364200000000000301e+00 1.600400000000000045e+00 9.879999999999999893e-02 5.464999999999999719e-02
5.527800000000000047e+00 1.600400000000000045e+00 1.028499999999999970e-01 4.879999999999999616e-02
5.691499999999999559e+00 1.600400000000000045e+00 1.146999999999999964e-01 3.205000000000000210e-02
5.855100000000000193e+00 1.600400000000000045e+00 1.146999999999999964e-01 3.085000000000000242e-02
6.018799999999999706e+00 1.600400000000000045e+00 1.166000000000000092e-01 3.719999999999999696e-02
6.182400000000000340e+00 1.600400000000000045e+00 1.197000000000000008e-01 2.730000000000000135e-02
6.346099999999999852e+00 1.600400000000000045e+00 1.260000000000000009e-01 1.200000000000000025e-02
6.509699999999999598e+00 1.600400000000000045e+00 1.311999999999999833e-01 1.789999999999999925e-02
6.673300000000000232e+00 1.600400000000000045e+00 1.346999999999999864e-01 -1.449999999999999900e-03
6.836999999999999744e+00 1.600400000000000045e+00 1.318499999999999950e-01 -7.199999999999999803e-03
7.000600000000000378e+00 1.600400000000000045e+00 1.340500000000000025e-01 -8.699999999999999400e-03
7.164299999999999891e+00 1.600400000000000045e+00 1.357000000000000151e-01 -2.744999999999999871e-02
7.327899999999999636e+00 1.600400000000000045e+00 1.333499999999999963e-01 -3.465000000000000024e-02
1.275999999999999912e-01 1.436800000000000077e+00 2.499999999999993547e-04 6.264999999999999736e-02
2.913000000000000034e-01 1.436800000000000077e+00 3.949999999999999518e-03 6.085000000000000131e-02
4.549000000000000266e-01 1.436800000000000077e+00 1.070000000000000118e-02 6.189999999999999669e-02
6.186000000000000387e-01 1.436800000000000077e+00 1.039999999999999952e-02 6.300000000000000044e-02
7.822000000000000064e-01 1.436800000000000077e+00 1.705000000000000265e-02 5.134999999999999981e-02
9.458999999999999631e-01 1.436800000000000077e+00 7.200000000000000670e-03 6.049999999999999822e-02
1.109499999999999931e+00 1.436800000000000077e+00 7.450000000000000892e-03 6.094999999999999724e-02
1.273099999999999898e+00 1.436800000000000077e+00 5.600000000000000810e-03 6.944999999999999785e-02
1.436800000000000077e+00 1.436800000000000077e+00 1.145000000000000011e-02 6.965000000000000357e-02
1.600400000000000045e+00 1.436800000000000077e+00 1.379999999999999977e-02 6.729999999999999871e-02
1.764100000000000001e+00 1.436800000000000077e+00 1.959999999999999937e-02 6.840000000000000246e-02
1.927699999999999969e+00 1.436800000000000077e+00 1.929999999999999771e-02 7.125000000000000777e-02
2.091400000000000148e+00 1.436800000000000077e+00 2.434999999999999665e-02 7.455000000000000515e-02
2.254999999999999893e+00 1.436800000000000077e+00 2.394999999999999907e-02 7.620000000000000384e-02
2.418600000000000083e+00 1.436800000000000077e+00 2.910000000000000087e-02 7.200000000000000844e-02
2.582300000000000040e+00 1.436800000000000077e+00 2.910000000000000087e-02 7.495000000000000273e-02
2.745899999999999785e+00 1.436800000000000077e+00 3.239999999999999825e-02 7.795000000000000540e-02
2.909600000000000186e+00 1.436800000000000077e+00 3.765000000000000291e-02 7.545000000000000318e-02
3.073199999999999932e+00 1.436800000000000077e+00 4.290000000000000063e-02 7.670000000000000429e-02
3.236800000000000122e+00 1.436800000000000077e+00 4.859999999999999737e-02 6.870000000000001106e-02
3.400500000000000078e+00 1.436800000000000077e+00 5.605000000000000260e-02 6.445000000000000728e-02
3.564099999999999824e+00 1.436800000000000077e+00 5.999999999999999778e-02 6.079999999999999294e-02
3.727799999999999780e+00 1.436800000000000077e+00 6.769999999999999629e-02 5.780000000000000415e-02
3.891399999999999970e+00 1.436800000000000077e+00 6.414999999999999869e-02 6.485000000000000486e-02
4.055100000000000371e+00 1.436800000000000077e+00 6.395000000000000684e-02 7.069999999999999896e-02
4.218700000000000117e+00 1.436800000000000077e+00 6.660000000000000642e-02 7.510000000000000009e-02
4.382299999999999862e+00 1.436800000000000077e+00 7.230000000000000315e-02 8.035000000000000475e-02
4.546000000000000263e+00 1.436800000000000077e+00 7.735000000000000209e-02 6.635000000000000620e-02
4.709600000000000009e+00 1.436800000000000077e+00 8.915000000000000702e-02 5.229999999999999927e-02
4.873300000000000409e+00 1.436800000000000077e+00 9.105000000000000593e-02 5.675000000000000183e-02
5.036900000000000155e+00 1.436800000000000077e+00 9.509999999999999010e-02 6.220000000000000528e-02
5.200599999999999667e+00 1.436800000000000077e+00 9.639999999999999958e-02 7.245000000000000051e-02
5.364200000000000301e+00 1.436800000000000077e+00 1.029000000000000054e-01 6.615000000000000047e-02
5.527800000000000047e+00 1.436800000000000077e+00 1.068999999999999950e-01 5.469999999999999862e-02
5.691499999999999559e+00 1.436800000000000077e+00 1.256499999999999839e-01 3.524999999999999661e-02
5.855100000000000193e+00 1.436800000000000077e+00 1.259500000000000064e-01 4.195000000000000118e-02
6.018799999999999706e+00 1.436800000000000077e+00 1.230500000000000066e-01 4.580000000000000043e-02
6.182400000000000340e+00 1.436800000000000077e+00 1.384499999999999897e-01 1.714999999999999858e-02
6.346099999999999852e+00 1.436800000000000077e+00 1.424499999999999933e-01 7.249999999999999500e-03
6.509699999999999598e+00 1.436800000000000077e+00 1.409500000000000197e-01 1.534999999999999906e-02
6.673300000000000232e+00 1.436800000000000077e+00 1.458000000000000129e-01 1.500000000000000031e-03
6.836999999999999744e+00 1.436800000000000077e+00 1.408500000000000030e-01 -1.055000000000000035e-02
7.000600000000000378e+00 1.436800000000000077e+00 1.444999999999999896e-01 -2.234999999999999834e-02
7.164299999999999891e+00 1.436800000000000077e+00 1.443500000000000061e-01 -3.434999999999999859e-02
7.327899999999999636e+00 1.436800000000000077e+00 1.471999999999999975e-01 -2.784999999999999976e-02
1.275999999999999912e-01 1.273099999999999898e+00 -3.000000000000007869e-04 7.064999999999999059e-02
2.913000000000000034e-01 1.273099999999999898e+00 -2.900000000000000234e-03 6.829999999999999960e-02
4.549000000000000266e-01 1.273099999999999898e+00 6.700000000000000226e-03 6.884999999999999454e-02
6.186000000000000387e-01 1.273099999999999898e+00 3.100000000000000325e-03 6.959999999999999520e-02
7.822000000000000064e-01 1.273099999999999898e+00 5.249999999999999459e-03 7.099999999999999367e-02
9.458999999999999631e-01 1.273099999999999898e+00 3.199999999999999720e-03 7.205000000000000293e-02
1.109499999999999931e+00 1.273099999999999898e+00 1.835000000000000173e-02 5.974999999999999756e-02
1.273099999999999898e+00 1.273099999999999898e+00 1.404999999999999999e-02 6.809999999999999387e-02
1.436800000000000077e+00 1.273099999999999898e+00 1.140000000000000041e-02 7.979999999999999594e-02
1.600400000000000045e+00 1.273099999999999898e+00 1.759999999999999759e-02 7.895000000000000628e-02
1.764100000000000001e+00 1.273099999999999898e+00 1.634999999999999995e-02 8.064999999999999947e-02
1.927699999999999969e+00 1.273099999999999898e+00 2.435000000000000012e-02 7.954999999999999571e-02
2.091400000000000148e+00 1.273099999999999898e+00 2.790000000000000119e-02 7.950000000000000122e-02
2.254999999999999893e+00 1.273099999999999898e+00 2.824999999999999734e-02 8.085000000000000520e-02
2.418600000000000083e+00 1.273099999999999898e+00 3.405000000000000387e-02 8.165000000000000036e-02
2.582300000000000040e+00 1.273099999999999898e+00 3.454999999999999738e-02 8.229999999999999816e-02
2.745899999999999785e+00 1.273099999999999898e+00 4.175000000000000239e-02 7.820000000000000562e-02
2.909600000000000186e+00 1.273099999999999898e+00 3.950000000000000039e-02 7.729999999999999372e-02
3.073199999999999932e+00 1.273099999999999898e+00 4.580000000000000043e-02 7.620000000000000384e-02
3.236800000000000122e+00 1.273099999999999898e+00 5.355000000000000038e-02 7.300000000000000933e-02
3.400500000000000078e+00 1.273099999999999898e+00 6.304999999999999494e-02 6.520000000000000795e-02
3.564099999999999824e+00 1.273099999999999898e+00 6.469999999999999363e-02 6.239999999999999714e-02
3.727799999999999780e+00 1.273099999999999898e+00 6.569999999999999452e-02 6.989999999999998992e-02
3.891399999999999970e+00 1.273099999999999898e+00 6.260000000000000286e-02 7.769999999999999130e-02
4.055100000000000371e+00 1.273099999999999898e+00 6.769999999999999629e-02 7.395000000000000184e-02
4.218700000000000117e+00 1.273099999999999898e+00 7.399999999999999634e-02 7.674999999999999878e-02
4.382299999999999862e+00 1.273099999999999898e+00 7.699999999999999900e-02 8.219999999999999529e-02
4.546000000000000263e+00 1.273099999999999898e+00 8.660000000000001030e-02 7.305000000000000382e-02
4.709600000000000009e+00 1.273099999999999898e+00 8.594999999999999862e-02 7.730000000000000759e-02
4.873300000000000409e+00 1.273099999999999898e+00 8.594999999999999862e-02 9.765000000000000069e-02
5.036900000000000155e+00 1.273099999999999898e+00 9.434999999999998943e-02 9.335000000000000242e-02
5.200599999999999667e+00 1.273099999999999898e+00 9.515000000000001235e-02 8.534999999999999531e-02
5.364200000000000301e+00 1.273099999999999898e+00 1.121000000000000052e-01 6.975000000000000644e-02
5.527800000000000047e+00 1.273099999999999898e+00 1.257500000000000007e-01 4.610000000000000209e-02
5.691499999999999559e+00 1.273099999999999898e+00 1.313000000000000000e-01 4.544999999999999735e-02
5.855100000000000193e+00 1.273099999999999898e+00 1.309500000000000108e-01 2.584999999999999798e-02
6.018799999999999706e+00 1.273099999999999898e+00 1.413999999999999979e-01 2.695000000000000173e-02
6.182400000000000340e+00 1.273099999999999898e+00 1.488499999999999823e-01 2.344999999999999862e-02
6.346099999999999852e+00 1.273099999999999898e+00 1.594499999999999806e-01 1.375000000000000007e-02
6.509699999999999598e+00 1.273099999999999898e+00 1.512000000000000011e-01 4.309999999999999942e-02
6.673300000000000232e+00 1.273099999999999898e+00 1.557499999999999996e-01 7.499999999999997988e-04
6.836999999999999744e+00 1.273099999999999898e+00 1.633000000000000007e-01 -1.845000000000000112e-02
7.000600000000000378e+00 1.273099999999999898e+00 1.679499999999999882e-01 -3.679999999999999938e-02
7.164299999999999891e+00 1.273099999999999898e+00 1.608499999999999930e-01 -5.200000000000000455e-02
7.327899999999999636e+00 1.273099999999999898e+00 1.527999999999999914e-01 -4.545000000000000429e-02
1.275999999999999912e-01 1.109499999999999931e+00 -8.499999999999996274e-04 7.724999999999999922e-02
2.913000000000000034e-01 1.109499999999999931e+00 1.700000000000000122e-03 7.769999999999999130e-02
4.549000000000000266e-01 1.109499999999999931e+00 7.550000000000001155e-03 7.749999999999999944e-02
6.186000000000000387e-01 1.109499999999999931e+00 6.500000000000000569e-03 7.655000000000000693e-02
7.822000000000000064e-01 1.109499999999999931e+00 8.400000000000001216e-03 8.089999999999999969e-02
9.458999999999999631e-01 1.109499999999999931e+00 2.350000000000000526e-03 8.549999999999999267e-02
1.109499999999999931e+00 1.109499999999999931e+00 8.550000000000000308e-03 8.165000000000000036e-02
1.273099999999999898e+00 1.109499999999999931e+00 1.310000000000000053e-02 7.455000000000000515e-02
1.436800000000000077e+00 1.109499999999999931e+00 7.800000000000000509e-03 8.580000000000000127e-02
1.600400000000000045e+00 1.109499999999999931e+00 1.379999999999999977e-02 8.984999999999999931e-02
1.764100000000000001e+00 1.109499999999999931e+00 1.565000000000000072e-02 9.245000000000000440e-02
1.927699999999999969e+00 1.109499999999999931e+00 2.105000000000000274e-02 8.890000000000000679e-02
2.091400000000000148e+00 1.109499999999999931e+00 2.305000000000000104e-02 8.474999999999999201e-02
2.254999999999999893e+00 1.109499999999999931e+00 3.049999999999999933e-02 9.049999999999999711e-02
2.418600000000000083e+00 1.109499999999999931e+00 3.600000000000000422e-02 9.120000000000000329e-02
2.582300000000000040e+00 1.109499999999999931e+00 3.405000000000000387e-02 9.539999999999999869e-02
2.745899999999999785e+00 1.109499999999999931e+00 4.540000000000000285e-02 7.870000000000000606e-02
2.909600000000000186e+00 1.109499999999999931e+00 4.624999999999999944e-02 8.815000000000000613e-02
3.073199999999999932e+00 1.109499999999999931e+00 4.465000000000000219e-02 9.620000000000000773e-02
3.236800000000000122e+00 1.109499999999999931e+00 4.900000000000000189e-02 8.459999999999999465e-02
3.400500000000000078e+00 1.109499999999999931e+00 6.429999999999999605e-02 8.205000000000001181e-02
3.564099999999999824e+00 1.109499999999999931e+00 6.419999999999999318e-02 7.150000000000000799e-02
3.727799999999999780e+00 1.109499999999999931e+00 5.970000000000000306e-02 8.524999999999999245e-02
3.891399999999999970e+00 1.109499999999999931e+00 7.044999999999999873e-02 7.159999999999999698e-02
4.055100000000000371e+00 1.109499999999999931e+00 7.610000000000000098e-02 7.900000000000000078e-02
4.218700000000000117e+00 1.109499999999999931e+00 6.319999999999999230e-02 9.895000000000001017e-02
4.382299999999999862e+00 1.109499999999999931e+00 6.590000000000000024e-02 1.178499999999999964e-01
4.546000000000000263e+00 1.109499999999999931e+00 8.039999999999999925e-02 9.695000000000000839e-02
4.709600000000000009e+00 1.109499999999999931e+00 8.100000000000000255e-02 1.038999999999999924e-01
4.873300000000000409e+00 1.109499999999999931e+00 9.114999999999999492e-02 1.128500000000000059e-01
5.036900000000000155e+00 1.109499999999999931e+00 9.720000000000000862e-02 1.121000000000000052e-01
5.200599999999999667e+00 1.109499999999999931e+00 1.009499999999999981e-01 9.945000000000001061e-02
5.364200000000000301e+00 1.109499999999999931e+00 1.157999999999999863e-01 9.090000000000000857e-02
5.527800000000000047e+00 1.109499999999999931e+00 1.233000000000000068e-01 8.465000000000000302e-02
5.691499999999999559e+00 1.109499999999999931e+00 1.401499999999999968e-01 5.235000000000000070e-02
5.855100000000000193e+00 1.109499999999999931e+00 1.449499999999999955e-01 5.974999999999999756e-02
6.018799999999999706e+00 1.109499999999999931e+00 1.490500000000000158e-01 4.404999999999999888e-02
6.182400000000000340e+00 1.109499999999999931e+00 1.557499999999999996e-01 3.189999999999999780e-02
6.346099999999999852e+00 1.109499999999999931e+00 1.671999999999999875e-01 1.859999999999999848e-02
6.509699999999999598e+00 1.109499999999999931e+00 1.540499999999999925e-01 5.789999999999999314e-02
6.673300000000000232e+00 1.109499999999999931e+00 1.693500000000000005e-01 2.399999999999999790e-03
6.836999999999999744e+00 1.109499999999999931e+00 1.733999999999999986e-01 -1.599999999999999860e-03
7.000600000000000378e+00 1.109499999999999931e+00 1.788000000000000145e-01 -3.625000000000000444e-02
7.164299999999999891e+00 1.109499999999999931e+00 1.728500000000000036e-01 -4.964999999999999969e-02
7.327899999999999636e+00 1.109499999999999931e+00 1.675499999999999767e-01 -4.225000000000000283e-02
1.275999999999999912e-01 9.458999999999999631e-01 -1.899999999999999996e-03 9.820000000000000950e-02
2.913000000000000034e-01 9.458999999999999631e-01 -5.500000000000000548e-03 9.579999999999999627e-02
4.549000000000000266e-01 9.458999999999999631e-01 4.150000000000000043e-03 9.329999999999999405e-02
6.186000000000000387e-01 9.458999999999999631e-01 8.250000000000000389e-03 8.884999999999999842e-02
7.822000000000000064e-01 9.458999999999999631e-01 -6.649999999999999661e-03 9.349999999999999978e-02
9.458999999999999631e-01 9.458999999999999631e-01 -1.550000000000000162e-03 9.990000000000000269e-02
1.109499999999999931e+00 9.458999999999999631e-01 1.500000000000000465e-03 1.030500000000000027e-01
1.273099999999999898e+00 9.458999999999999631e-01 -5.400000000000000286e-03 1.075500000000000067e-01
1.436800000000000077e+00 9.458999999999999631e-01 5.999999999999998390e-04 1.058000000000000052e-01
1.600400000000000045e+00 9.458999999999999631e-01 6.150000000000000085e-03 1.040000000000000091e-01
1.764100000000000001e+00 9.458999999999999631e-01 1.159999999999999920e-02 1.050500000000000045e-01
1.927699999999999969e+00 9.458999999999999631e-01 1.505000000000000088e-02 1.068500000000000005e-01
2.091400000000000148e+00 9.458999999999999631e-01 2.189999999999999933e-02 9.765000000000000069e-02
2.254999999999999893e+00 9.458999999999999631e-01 1.909999999999999892e-02 1.004499999999999976e-01
2.418600000000000083e+00 9.458999999999999631e-01 2.139999999999999888e-02 1.132499999999999896e-01
2.582300000000000040e+00 9.458999999999999631e-01 2.954999999999999988e-02 1.079499999999999904e-01
2.745899999999999785e+00 9.458999999999999631e-01 2.860000000000000042e-02 1.088500000000000023e-01
2.909600000000000186e+00 9.458999999999999631e-01 3.559999999999999970e-02 1.094500000000000056e-01
3.073199999999999932e+00 9.458999999999999631e-01 3.964999999999999775e-02 1.146500000000000019e-01
3.236800000000000122e+00 9.458999999999999631e-01 4.100000000000000172e-02 1.140999999999999931e-01
3.400500000000000078e+00 9.458999999999999631e-01 4.025000000000000105e-02 1.227000000000000035e-01
3.564099999999999824e+00 9.458999999999999631e-01 4.480000000000000648e-02 1.369500000000000162e-01
3.727799999999999780e+00 9.458999999999999631e-01 6.790000000000000202e-02 9.945000000000001061e-02
3.891399999999999970e+00 9.458999999999999631e-01 9.285000000000000198e-02 6.840000000000000246e-02
4.055100000000000371e+00 9.458999999999999631e-01 6.645000000000000906e-02 1.147999999999999993e-01
4.218700000000000117e+00 9.458999999999999631e-01 6.725000000000000422e-02 1.177999999999999881e-01
4.382299999999999862e+00 9.458999999999999631e-01 6.279999999999999472e-02 1.490000000000000213e-01
4.546000000000000263e+00 9.458999999999999631e-01 7.380000000000000449e-02 1.350000000000000089e-01
4.709600000000000009e+00 9.458999999999999631e-01 9.064999999999999447e-02 1.221499999999999947e-01
4.873300000000000409e+00 9.458999999999999631e-01 8.999999999999999667e-02 1.257000000000000062e-01
5.036900000000000155e+00 9.458999999999999631e-01 1.039000000000000062e-01 1.125499999999999834e-01
5.200599999999999667e+00 9.458999999999999631e-01 1.121999999999999942e-01 9.429999999999999494e-02
5.364200000000000301e+00 9.458999999999999631e-01 1.236499999999999960e-01 1.053499999999999992e-01
5.527800000000000047e+00 9.458999999999999631e-01 1.273999999999999855e-01 1.157999999999999863e-01
5.691499999999999559e+00 9.458999999999999631e-01 1.524999999999999967e-01 8.019999999999999352e-02
5.855100000000000193e+00 9.458999999999999631e-01 1.605999999999999928e-01 6.104999999999999316e-02
6.018799999999999706e+00 9.458999999999999631e-01 1.713000000000000078e-01 2.160000000000000114e-02
6.182400000000000340e+00 9.458999999999999631e-01 1.758000000000000118e-01 7.550000000000000287e-03
6.346099999999999852e+00 9.458999999999999631e-01 1.669999999999999818e-01 3.649999999999999599e-03
6.509699999999999598e+00 9.458999999999999631e-01 1.774000000000000021e-01 3.749999999999999861e-03
6.673300000000000232e+00 9.458999999999999631e-01 1.800499999999999878e-01 -7.599999999999999985e-03
6.836999999999999744e+00 9.458999999999999631e-01 1.818500000000000116e-01 -3.250000000000000111e-02
7.000600000000000378e+00 9.458999999999999631e-01 1.815499999999999892e-01 -3.454999999999999738e-02
7.164299999999999891e+00 9.458999999999999631e-01 1.835999999999999854e-01 -2.700000000000001010e-03
7.327899999999999636e+00 9.458999999999999631e-01 1.871999999999999775e-01 6.900000000000000577e-02
1.275999999999999912e-01 7.822000000000000064e-01 -9.499999999999999764e-03 1.116499999999999992e-01
2.913000000000000034e-01 7.822000000000000064e-01 -2.405000000000000193e-02 1.129000000000000004e-01
4.549000000000000266e-01 7.822000000000000064e-01 -2.259999999999999856e-02 1.128500000000000059e-01
6.186000000000000387e-01 7.822000000000000064e-01 -5.300000000000000891e-03 1.099499999999999922e-01
7.822000000000000064e-01 7.822000000000000064e-01 -6.049999999999999822e-03 1.144499999999999962e-01
9.458999999999999631e-01 7.822000000000000064e-01 -8.699999999999999400e-03 1.188000000000000028e-01
1.109499999999999931e+00 7.822000000000000064e-01 -6.749999999999999056e-03 1.150499999999999995e-01
1.273099999999999898e+00 7.822000000000000064e-01 -5.499999999999999681e-03 1.167499999999999927e-01
1.436800000000000077e+00 7.822000000000000064e-01 -3.499999999999996170e-04 1.150499999999999856e-01
1.600400000000000045e+00 7.822000000000000064e-01 3.999999999999993144e-04 1.154499999999999971e-01
1.764100000000000001e+00 7.822000000000000064e-01 1.149999999999999981e-03 1.205499999999999905e-01
1.927699999999999969e+00 7.822000000000000064e-01 5.200000000000000629e-03 1.237499999999999989e-01
2.091400000000000148e+00 7.822000000000000064e-01 1.770000000000000046e-02 1.191499999999999920e-01
2.254999999999999893e+00 7.822000000000000064e-01 1.604999999999999830e-02 1.265000000000000013e-01
2.418600000000000083e+00 7.822000000000000064e-01 2.409999999999999989e-02 1.236500000000000099e-01
2.582300000000000040e+00 7.822000000000000064e-01 3.375000000000000222e-02 1.287500000000000033e-01
2.745899999999999785e+00 7.822000000000000064e-01 3.685000000000000081e-02 1.316999999999999837e-01
2.909600000000000186e+00 7.822000000000000064e-01 4.479999999999999954e-02 1.289500000000000091e-01
3.073199999999999932e+00 7.822000000000000064e-01 3.834999999999999520e-02 1.386999999999999900e-01
3.236800000000000122e+00 7.822000000000000064e-01 4.585000000000000187e-02 1.366499999999999937e-01
3.400500000000000078e+00 7.822000000000000064e-01 4.400000000000000439e-02 1.363000000000000045e-01
3.564099999999999824e+00 7.822000000000000064e-01 6.049999999999999822e-02 1.408000000000000085e-01
3.727799999999999780e+00 7.822000000000000064e-01 7.069999999999999896e-02 1.332499999999999796e-01
3.891399999999999970e+00 7.822000000000000064e-01 8.449999999999999178e-02 1.250000000000000000e-01
4.055100000000000371e+00 7.822000000000000064e-01 7.289999999999999258e-02 1.329500000000000126e-01
4.218700000000000117e+00 7.822000000000000064e-01 7.585000000000000075e-02 7.580000000000000626e-02
4.382299999999999862e+00 7.822000000000000064e-01 5.779999999999999721e-02 1.684499999999999886e-01
4.546000000000000263e+00 7.822000000000000064e-01 8.064999999999999947e-02 1.597500000000000031e-01
4.709600000000000009e+00 7.822000000000000064e-01 9.750000000000000333e-02 1.348999999999999921e-01
4.873300000000000409e+00 7.822000000000000064e-01 1.068500000000000005e-01 1.242499999999999993e-01
5.036900000000000155e+00 7.822000000000000064e-01 1.130000000000000032e-01 1.227000000000000035e-01
5.200599999999999667e+00 7.822000000000000064e-01 1.204999999999999960e-01 1.265999999999999903e-01
5.364200000000000301e+00 7.822000000000000064e-01 1.333499999999999963e-01 1.228999999999999954e-01
5.527800000000000047e+00 7.822000000000000064e-01 1.109499999999999931e-01 8.014999999999999902e-02
5.691499999999999559e+00 7.822000000000000064e-01 1.538999999999999813e-01 6.729999999999999871e-02
5.855100000000000193e+00 7.822000000000000064e-01 1.692500000000000115e-01 8.225000000000000366e-02
6.018799999999999706e+00 7.822000000000000064e-01 1.878000000000000225e-01 8.600000000000000006e-03
6.182400000000000340e+00 7.822000000000000064e-01 1.773000000000000131e-01 -5.100000000000000366e-03
6.346099999999999852e+00 7.822000000000000064e-01 1.779499999999999971e-01 -1.314999999999999850e-02
6.509699999999999598e+00 7.822000000000000064e-01 1.758500000000000063e-01 9.650000000000000591e-03
6.673300000000000232e+00 7.822000000000000064e-01 1.938499999999999945e-01 6.600000000000000831e-03
6.836999999999999744e+00 7.822000000000000064e-01 1.901499999999999857e-01 -2.959999999999999784e-02
7.000600000000000378e+00 7.822000000000000064e-01 1.909000000000000141e-01 -4.370000000000000273e-02
7.164299999999999891e+00 7.822000000000000064e-01 1.728500000000000036e-01 -2.809999999999999998e-02
7.327899999999999636e+00 7.822000000000000064e-01 1.794999999999999929e-01 -7.575000000000001177e-02
1.275999999999999912e-01 6.186000000000000387e-01 -2.050000000000000086e-02 1.297500000000000042e-01
2.913000000000000034e-01 6.186000000000000387e-01 -2.570000000000000062e-02 1.303499999999999936e-01
4.549000000000000266e-01 6.186000000000000387e-01 -9.450000000000000067e-03 1.243499999999999883e-01
6.186000000000000387e-01 6.186000000000000387e-01 7.350000000000000630e-03 1.238500000000000018e-01
7.822000000000000064e-01 6.186000000000000387e-01 2.400000000000000223e-03 1.175500000000000017e-01
9.458999999999999631e-01 6.186000000000000387e-01 -6.150000000000000085e-03 1.306500000000000161e-01
1.109499999999999931e+00 6.186000000000000387e-01 -1.210000000000000138e-02 1.248500000000000026e-01
1.273099999999999898e+00 6.186000000000000387e-01 -1.844999999999999765e-02 1.279000000000000137e-01
1.436800000000000077e+00 6.186000000000000387e-01 -9.250000000000001277e-03 1.348499999999999976e-01
1.600400000000000045e+00 6.186000000000000387e-01 -4.049999999999998913e-03 1.393999999999999961e-01
1.764100000000000001e+00 6.186000000000000387e-01 6.000000000000000125e-03 1.449000000000000010e-01
1.927699999999999969e+00 6.186000000000000387e-01 2.500000000000000486e-03 1.426499999999999990e-01
2.091400000000000148e+00 6.186000000000000387e-01 1.255000000000000039e-02 1.270000000000000018e-01
2.254999999999999893e+00 6.186000000000000387e-01 1.965000000000000080e-02 1.450500000000000123e-01
2.418600000000000083e+00 6.186000000000000387e-01 2.785000000000000323e-02 1.406000000000000028e-01
2.582300000000000040e+00 6.186000000000000387e-01 3.590000000000000135e-02 1.512999999999999901e-01
2.745899999999999785e+00 6.186000000000000387e-01 2.845000000000000306e-02 1.653999999999999915e-01
2.909600000000000186e+00 6.186000000000000387e-01 3.880000000000000115e-02 1.639999999999999791e-01
3.073199999999999932e+00 6.186000000000000387e-01 4.564999999999999614e-02 1.565000000000000002e-01
3.236800000000000122e+00 6.186000000000000387e-01 4.565000000000000308e-02 1.576500000000000123e-01
3.400500000000000078e+00 6.186000000000000387e-01 5.015000000000000013e-02 1.793000000000000149e-01
3.564099999999999824e+00 6.186000000000000387e-01 5.580000000000000238e-02 1.763000000000000123e-01
3.727799999999999780e+00 6.186000000000000387e-01 7.264999999999999236e-02 1.496999999999999997e-01
3.891399999999999970e+00 6.186000000000000387e-01 1.009499999999999981e-01 1.207499999999999962e-01
4.055100000000000371e+00 6.186000000000000387e-01 7.869999999999999218e-02 1.704499999999999904e-01
4.218700000000000117e+00 6.186000000000000387e-01 9.490000000000001212e-02 9.715000000000000024e-02
4.382299999999999862e+00 6.186000000000000387e-01 6.875000000000000555e-02 1.849500000000000033e-01
4.546000000000000263e+00 6.186000000000000387e-01 8.114999999999999991e-02 1.945500000000000007e-01
4.709600000000000009e+00 6.186000000000000387e-01 1.021499999999999908e-01 1.617999999999999994e-01
4.873300000000000409e+00 6.186000000000000387e-01 1.139499999999999957e-01 1.193499999999999839e-01
5.036900000000000155e+00 6.186000000000000387e-01 1.175999999999999962e-01 1.204000000000000070e-01
5.200599999999999667e+00 6.186000000000000387e-01 9.440000000000001168e-02 1.275000000000000022e-01
5.364200000000000301e+00 6.186000000000000387e-01 1.381499999999999950e-01 1.192000000000000004e-01
5.527800000000000047e+00 6.186000000000000387e-01 1.033000000000000029e-01 8.100000000000000255e-02
5.691499999999999559e+00 6.186000000000000387e-01 1.365000000000000102e-01 1.389999999999999916e-02
5.855100000000000193e+00 6.186000000000000387e-01 1.780499999999999861e-01 -1.299999999999999940e-02
6.018799999999999706e+00 6.186000000000000387e-01 1.911999999999999811e-01 -1.494999999999999801e-02
6.182400000000000340e+00 6.186000000000000387e-01 1.680000000000000104e-01 -1.164999999999999890e-02
6.346099999999999852e+00 6.186000000000000387e-01 2.014499999999999902e-01 -2.320000000000000187e-02
6.509699999999999598e+00 6.186000000000000387e-01 1.948000000000000009e-01 -2.439999999999999808e-02
6.673300000000000232e+00 6.186000000000000387e-01 1.544999999999999984e-01 -2.205000000000000016e-02
6.836999999999999744e+00 6.186000000000000387e-01 1.507999999999999896e-01 -1.025000000000000043e-02
7.000600000000000378e+00 6.186000000000000387e-01 1.761000000000000065e-01 -4.299999999999999656e-02
7.164299999999999891e+00 6.186000000000000387e-01 1.758500000000000063e-01 -6.049999999999999822e-02
7.327899999999999636e+00 6.186000000000000387e-01 1.432999999999999829e-01 -7.885000000000000342e-02
1.275999999999999912e-01 4.549000000000000266e-01 -1.660000000000000017e-02 1.373000000000000054e-01
2.913000000000000034e-01 4.549000000000000266e-01 -1.669999999999999957e-02 1.340500000000000025e-01
4.549000000000000266e-01 4.549000000000000266e-01 5.850000000000000165e-03 1.309000000000000163e-01
6.186000000000000387e-01 4.549000000000000266e-01 2.545000000000000040e-02 1.197999999999999898e-01
7.822000000000000064e-01 4.549000000000000266e-01 1.890000000000000013e-02 1.292500000000000038e-01
9.458999999999999631e-01 4.549000000000000266e-01 -4.300000000000000003e-03 1.419499999999999929e-01
1.109499999999999931e+00 4.549000000000000266e-01 -1.395000000000000059e-02 1.427499999999999880e-01
1.273099999999999898e+00 4.549000000000000266e-01 -1.449999999999999900e-03 1.561000000000000165e-01
1.436800000000000077e+00 4.549000000000000266e-01 4.999999999999969746e-05 1.487999999999999878e-01
1.600400000000000045e+00 4.549000000000000266e-01 -2.749999999999999840e-03 1.532999999999999918e-01
1.764100000000000001e+00 4.549000000000000266e-01 4.100000000000000346e-03 1.591000000000000192e-01
1.927699999999999969e+00 4.549000000000000266e-01 6.549999999999999399e-03 1.675000000000000100e-01
2.091400000000000148e+00 4.549000000000000266e-01 1.739999999999999880e-02 1.703999999999999959e-01
2.254999999999999893e+00 4.549000000000000266e-01 3.065000000000000016e-02 1.628499999999999948e-01
2.418600000000000083e+00 4.549000000000000266e-01 1.975000000000000019e-02 1.649999999999999800e-01
2.582300000000000040e+00 4.549000000000000266e-01 5.474999999999999312e-02 1.573999999999999844e-01
2.745899999999999785e+00 4.549000000000000266e-01 4.214999999999999997e-02 1.773500000000000076e-01
2.909600000000000186e+00 4.549000000000000266e-01 3.584999999999999992e-02 1.877500000000000002e-01
3.073199999999999932e+00 4.549000000000000266e-01 3.325000000000000178e-02 1.889500000000000068e-01
3.236800000000000122e+00 4.549000000000000266e-01 3.789999999999999619e-02 1.946999999999999842e-01
3.400500000000000078e+00 4.549000000000000266e-01 3.799999999999999906e-02 1.994000000000000217e-01
3.564099999999999824e+00 4.549000000000000266e-01 4.460000000000000075e-02 2.074499999999999955e-01
3.727799999999999780e+00 4.549000000000000266e-01 7.030000000000000138e-02 1.917500000000000038e-01
3.891399999999999970e+00 4.549000000000000266e-01 8.609999999999999598e-02 1.718500000000000028e-01
4.055100000000000371e+00 4.549000000000000266e-01 8.915000000000000702e-02 1.555999999999999883e-01
4.218700000000000117e+00 4.549000000000000266e-01 5.614999999999999852e-02 2.195500000000000229e-01
4.382299999999999862e+00 4.549000000000000266e-01 7.860000000000000320e-02 2.105500000000000149e-01
4.546000000000000263e+00 4.549000000000000266e-01 8.999999999999999667e-02 2.232500000000000040e-01
4.709600000000000009e+00 4.549000000000000266e-01 7.720000000000000473e-02 2.563499999999999668e-01
4.873300000000000409e+00 4.549000000000000266e-01 7.470000000000000251e-02 2.321499999999999952e-01
5.036900000000000155e+00 4.549000000000000266e-01 1.218500000000000139e-01 1.313499999999999945e-01
5.200599999999999667e+00 4.549000000000000266e-01 1.267999999999999960e-01 5.949999999999999734e-02
5.364200000000000301e+00 4.549000000000000266e-01 9.140000000000000902e-02 1.047000000000000014e-01
5.527800000000000047e+00 4.549000000000000266e-01 9.969999999999999696e-02 8.160000000000000586e-02
5.691499999999999559e+00 4.549000000000000266e-01 1.539000000000000090e-01 -2.119999999999999662e-02
5.855100000000000193e+00 4.549000000000000266e-01 1.775499999999999856e-01 -2.154999999999999971e-02
6.018799999999999706e+00 4.549000000000000266e-01 1.824999999999999956e-01 -1.400000000000000203e-02
6.182400000000000340e+00 4.549000000000000266e-01 1.795999999999999819e-01 -2.185000000000000137e-02
6.346099999999999852e+00 4.549000000000000266e-01 1.978499999999999981e-01 -4.490000000000000241e-02
6.509699999999999598e+00 4.549000000000000266e-01 1.814000000000000057e-01 -6.709999999999999298e-02
6.673300000000000232e+00 4.549000000000000266e-01 1.360000000000000098e-01 -5.004999999999999727e-02
6.836999999999999744e+00 4.549000000000000266e-01 1.260000000000000009e-01 -2.705000000000000113e-02
7.000600000000000378e+00 4.549000000000000266e-01 1.229500000000000037e-01 -3.615000000000000158e-02
7.164299999999999891e+00 4.549000000000000266e-01 1.542999999999999927e-01 -4.504999999999999977e-02
7.327899999999999636e+00 4.549000000000000266e-01 1.204000000000000070e-01 -9.184999999999998721e-02
1.275999999999999912e-01 2.913000000000000034e-01 -1.975000000000000019e-02 1.409500000000000197e-01
2.913000000000000034e-01 2.913000000000000034e-01 -1.675000000000000100e-02 1.313000000000000000e-01
4.549000000000000266e-01 2.913000000000000034e-01 -1.864999999999999991e-02 1.431000000000000050e-01
6.186000000000000387e-01 2.913000000000000034e-01 4.000000000000000083e-03 1.260499999999999954e-01
7.822000000000000064e-01 2.913000000000000034e-01 1.940000000000000058e-02 1.482499999999999929e-01
9.458999999999999631e-01 2.913000000000000034e-01 6.499999999999999702e-03 1.558500000000000163e-01
1.109499999999999931e+00 2.913000000000000034e-01 -9.799999999999999684e-03 1.494000000000000050e-01
1.273099999999999898e+00 2.913000000000000034e-01 1.580000000000000154e-02 1.717000000000000193e-01
1.436800000000000077e+00 2.913000000000000034e-01 7.299999999999999198e-03 1.828500000000000125e-01
1.600400000000000045e+00 2.913000000000000034e-01 5.750000000000000770e-03 1.838500000000000134e-01
1.764100000000000001e+00 2.913000000000000034e-01 5.000000000000143219e-05 1.889000000000000123e-01
1.927699999999999969e+00 2.913000000000000034e-01 9.999999999999939493e-05 1.908499999999999919e-01
2.091400000000000148e+00 2.913000000000000034e-01 4.000000000000001818e-04 1.781000000000000083e-01
2.254999999999999893e+00 2.913000000000000034e-01 1.580000000000000154e-02 1.846500000000000086e-01
2.418600000000000083e+00 2.913000000000000034e-01 1.680000000000000243e-02 1.946999999999999842e-01
2.582300000000000040e+00 2.913000000000000034e-01 3.314999999999999891e-02 1.976499999999999924e-01
2.745899999999999785e+00 2.913000000000000034e-01 5.480000000000000149e-02 2.074000000000000010e-01
2.909600000000000186e+00 2.913000000000000034e-01 3.445000000000000145e-02 2.045500000000000096e-01
3.073199999999999932e+00 2.913000000000000034e-01 3.905000000000000138e-02 2.127000000000000002e-01
3.236800000000000122e+00 2.913000000000000034e-01 4.640000000000000374e-02 2.225000000000000033e-01
3.400500000000000078e+00 2.913000000000000034e-01 4.840000000000000552e-02 2.231499999999999873e-01
3.564099999999999824e+00 2.913000000000000034e-01 2.079999999999999905e-02 2.132000000000000006e-01
3.727799999999999780e+00 2.913000000000000034e-01 3.794999999999999762e-02 2.437999999999999889e-01
3.891399999999999970e+00 2.913000000000000034e-01 3.905000000000000138e-02 2.515000000000000013e-01
4.055100000000000371e+00 2.913000000000000034e-01 5.190000000000000169e-02 2.209500000000000075e-01
4.218700000000000117e+00 2.913000000000000034e-01 5.550000000000000072e-02 2.431500000000000050e-01
4.382299999999999862e+00 2.913000000000000034e-01 7.825000000000000011e-02 2.099000000000000032e-01
4.546000000000000263e+00 2.913000000000000034e-01 8.154999999999999749e-02 2.199000000000000121e-01
4.709600000000000009e+00 2.913000000000000034e-01 7.629999999999999283e-02 2.270499999999999741e-01
4.873300000000000409e+00 2.913000000000000034e-01 9.715000000000001412e-02 1.409499999999999920e-01
5.036900000000000155e+00 2.913000000000000034e-01 1.030500000000000027e-01 2.244999999999999774e-02
5.200599999999999667e+00 2.913000000000000034e-01 9.389999999999999736e-02 2.925999999999999712e-01
5.364200000000000301e+00 2.913000000000000034e-01 6.829999999999999960e-02 2.019000000000000239e-01
5.527800000000000047e+00 2.913000000000000034e-01 8.530000000000000082e-02 3.574999999999999706e-02
5.691499999999999559e+00 2.913000000000000034e-01 9.594999999999999363e-02 -1.490000000000000005e-02
5.855100000000000193e+00 2.913000000000000034e-01 1.096499999999999975e-01 -6.199999999999999782e-03
6.018799999999999706e+00 2.913000000000000034e-01 1.274500000000000077e-01 -2.485000000000000056e-02
6.182400000000000340e+00 2.913000000000000034e-01 1.178499999999999964e-01 -2.704999999999999766e-02
6.346099999999999852e+00 2.913000000000000034e-01 1.144999999999999907e-01 -4.290000000000000063e-02
6.509699999999999598e+00 2.913000000000000034e-01 9.215000000000000968e-02 1.009999999999999960e-02
6.673300000000000232e+00 2.913000000000000034e-01 7.685000000000000164e-02 7.349999999999999763e-03
6.836999999999999744e+00 2.913000000000000034e-01 2.384999999999999620e-02 -1.754999999999999963e-02
7.000600000000000378e+00 2.913000000000000034e-01 8.649999999999999356e-02 -3.054999999999999730e-02
7.164299999999999891e+00 2.913000000000000034e-01 9.679999999999999716e-02 -2.029999999999999860e-02
7.327899999999999636e+00 2.913000000000000034e-01 3.899999999999999301e-02 -6.900000000000000751e-03
1.275999999999999912e-01 1.275999999999999912e-01 -5.249999999999999459e-03 1.462499999999999911e-01
2.913000000000000034e-01 1.275999999999999912e-01 -2.244999999999999774e-02 1.467999999999999861e-01
4.549000000000000266e-01 1.275999999999999912e-01 -2.709999999999999909e-02 1.453500000000000070e-01
6.186000000000000387e-01 1.275999999999999912e-01 1.789999999999999925e-02 9.644999999999999407e-02
7.822000000000000064e-01 1.275999999999999912e-01 1.400000000000000029e-02 1.196000000000000119e-01
9.458999999999999631e-01 1.275999999999999912e-01 -5.500000000000001416e-03 1.460499999999999854e-01
1.109499999999999931e+00 1.275999999999999912e-01 1.414999999999999938e-02 1.584499999999999797e-01
1.273099999999999898e+00 1.275999999999999912e-01 1.250000000000000069e-02 1.712500000000000133e-01
1.436800000000000077e+00 1.275999999999999912e-01 2.050000000000000606e-03 1.824999999999999956e-01
1.600400000000000045e+00 1.275999999999999912e-01 -3.150000000000000022e-03 1.705499999999999794e-01
1.764100000000000001e+00 1.275999999999999912e-01 7.950000000000000469e-03 1.931499999999999884e-01
1.927699999999999969e+00 1.275999999999999912e-01 -1.300000000000000808e-03 1.942499999999999782e-01
2.091400000000000148e+00 1.275999999999999912e-01 -1.040000000000000126e-02 1.880000000000000004e-01
2.254999999999999893e+00 1.275999999999999912e-01 7.049999999999998976e-03 1.798500000000000099e-01
2.418600000000000083e+00 1.275999999999999912e-01 1.514999999999999854e-02 2.179999999999999716e-01
2.582300000000000040e+00 1.275999999999999912e-01 2.305000000000000104e-02 2.235999999999999932e-01
2.745899999999999785e+00 1.275999999999999912e-01 4.689999999999999725e-02 2.356499999999999706e-01
2.909600000000000186e+00 1.275999999999999912e-01 4.374999999999999722e-02 2.408500000000000085e-01
3.073199999999999932e+00 1.275999999999999912e-01 4.329999999999999821e-02 1.980999999999999983e-01
3.236800000000000122e+00 1.275999999999999912e-01 6.594999999999999474e-02 2.254999999999999782e-01
3.400500000000000078e+00 1.275999999999999912e-01 6.850000000000000533e-02 2.358999999999999986e-01
3.564099999999999824e+00 1.275999999999999912e-01 5.645000000000000018e-02 2.431500000000000050e-01
3.727799999999999780e+00 1.275999999999999912e-01 4.550000000000000572e-02 2.715500000000000136e-01
3.891399999999999970e+00 1.275999999999999912e-01 3.260000000000000397e-02 2.616999999999999882e-01
4.055100000000000371e+00 1.275999999999999912e-01 7.059999999999999609e-02 2.411500000000000310e-01
4.218700000000000117e+00 1.275999999999999912e-01 6.534999999999999143e-02 2.592999999999999750e-01
4.382299999999999862e+00 1.275999999999999912e-01 8.974999999999999645e-02 2.093499999999999805e-01
4.546000000000000263e+00 1.275999999999999912e-01 1.268499999999999905e-01 2.335999999999999743e-01
4.709600000000000009e+00 1.275999999999999912e-01 5.995000000000000329e-02 3.499499999999999833e-01
4.873300000000000409e+00 1.275999999999999912e-01 6.264999999999999736e-02 2.295999999999999985e-01
5.036900000000000155e+00 1.275999999999999912e-01 7.599999999999999811e-02 1.762500000000000178e-01
5.200599999999999667e+00 1.275999999999999912e-01 7.885000000000000342e-02 3.239999999999999825e-02
5.364200000000000301e+00 1.275999999999999912e-01 7.359999999999999876e-02 1.063000000000000056e-01
5.527800000000000047e+00 1.275999999999999912e-01 8.035000000000000475e-02 7.944999999999999285e-02
5.691499999999999559e+00 1.275999999999999912e-01 4.899999999999999495e-02 1.685000000000000039e-02
5.855100000000000193e+00 1.275999999999999912e-01 6.099999999999999867e-02 -1.400000000000000203e-03
6.018799999999999706e+00 1.275999999999999912e-01 3.575000000000000400e-02 2.500000000000000139e-02
6.182400000000000340e+00 1.275999999999999912e-01 -1.955000000000000487e-02 -1.338499999999999968e-01
6.346099999999999852e+00 1.275999999999999912e-01 7.399999999999999634e-02 -5.410000000000000225e-02
6.509699999999999598e+00 1.275999999999999912e-01 2.549999999999999836e-02 1.330000000000000106e-02
6.673300000000000232e+00 1.275999999999999912e-01 6.580000000000001126e-02 1.015000000000000104e-02
6.836999999999999744e+00 1.275999999999999912e-01 -7.324999999999999567e-02 3.065000000000000016e-02
7.000600000000000378e+00 1.275999999999999912e-01 -9.645000000000000795e-02 4.080000000000000293e-02
7.164299999999999891e+00 1.275999999999999912e-01 -9.295000000000000484e-02 6.035000000000000087e-02
7.327899999999999636e+00 1.275999999999999912e-01 -9.334999999999998854e-02 5.449999999999999983e-02
