  0.1276	  1.9277	  0.0130	 -0.0390	  0.0000
  0.2913	  1.9277	  0.0077	 -0.0379	  0.0000
  0.4549	  1.9277	 -0.0011	 -0.0426	  0.0000
  0.6186	  1.9277	 -0.0011	 -0.0475	  0.0000
  0.7822	  1.9277	 -0.0092	 -0.0498	  0.0000
  0.9459	  1.9277	 -0.0203	 -0.0519	  0.0000
  1.1095	  1.9277	 -0.0251	 -0.0617	  0.0000
  1.2731	  1.9277	 -0.0274	 -0.0629	  0.0000
  1.4368	  1.9277	 -0.0253	 -0.0628	  0.0000
  1.6004	  1.9277	 -0.0376	 -0.0679	  0.0000
  1.7641	  1.9277	 -0.0410	 -0.0649	  0.0000
  1.9277	  1.9277	 -0.0434	 -0.0618	  0.0000
  2.0914	  1.9277	 -0.0377	 -0.0583	  0.0000
  2.2550	  1.9277	 -0.0352	 -0.0575	  0.0000
  2.4186	  1.9277	 -0.0433	 -0.0556	  0.0000
  2.5823	  1.9277	 -0.0492	 -0.0548	  0.0000
  2.7459	  1.9277	 -0.0533	 -0.0561	  0.0000
  2.9096	  1.9277	 -0.0529	 -0.0543	  0.0000
  3.0732	  1.9277	 -0.0625	 -0.0535	  0.0000
  3.2368	  1.9277	 -0.0658	 -0.0508	  0.0000
  3.4005	  1.9277	 -0.0651	 -0.0447	  0.0000
  3.5641	  1.9277	 -0.0662	 -0.0383	  0.0000
  3.7278	  1.9277	 -0.0761	 -0.0476	  0.0000
  3.8914	  1.9277	 -0.0727	 -0.0372	  0.0000
  4.0551	  1.9277	 -0.0807	 -0.0404	  0.0000
  4.2187	  1.9277	 -0.0896	 -0.0456	  0.0000
  4.3823	  1.9277	 -0.0842	 -0.0376	  0.0000
  4.5460	  1.9277	 -0.0702	 -0.0168	  0.0000
  4.7096	  1.9277	 -0.0842	 -0.0282	  0.0000
  4.8733	  1.9277	 -0.0940	 -0.0303	  0.0000
  5.0369	  1.9277	 -0.0927	 -0.0264	  0.0000
  5.2006	  1.9277	 -0.0854	 -0.0196	  0.0000
  5.3642	  1.9277	 -0.0838	 -0.0164	  0.0000
  5.5278	  1.9277	 -0.0847	 -0.0142	  0.0000
  5.6915	  1.9277	 -0.0925	 -0.0208	  0.0000
  5.8551	  1.9277	 -0.0863	 -0.0126	  0.0000
  6.0188	  1.9277	 -0.0738	 -0.0024	  0.0000
  6.1824	  1.9277	 -0.0765	  0.0017	  0.0000
  6.3461	  1.9277	 -0.0788	 -0.0009	  0.0000
  6.5097	  1.9277	 -0.0775	  0.0021	  0.0000
  6.6733	  1.9277	 -0.0708	  0.0111	  0.0000
  6.8370	  1.9277	 -0.0720	  0.0093	  0.0000
  7.0006	  1.9277	 -0.0631	  0.0123	  0.0000
  7.1643	  1.9277	 -0.0620	  0.0177	  0.0000
  7.3279	  1.9277	 -0.0615	  0.0168	  0.0000
  0.1276	  1.7641	  0.0142	 -0.0463	  0.0000
  0.2913	  1.7641	  0.0111	 -0.0436	  0.0000
  0.4549	  1.7641	 -0.0001	 -0.0487	  0.0000
  0.6186	  1.7641	  0.0007	 -0.0542	  0.0000
  0.7822	  1.7641	  0.0023	 -0.0539	  0.0000
  0.9459	  1.7641	 -0.0151	 -0.0599	  0.0000
  1.1095	  1.7641	 -0.0234	 -0.0551	  0.0000
  1.2731	  1.7641	 -0.0304	 -0.0708	  0.0000
  1.4368	  1.7641	 -0.0299	 -0.0721	  0.0000
  1.6004	  1.7641	 -0.0479	 -0.0737	  0.0000
  1.7641	  1.7641	 -0.0380	 -0.0686	  0.0000
  1.9277	  1.7641	 -0.0396	 -0.0699	  0.0000
  2.0914	  1.7641	 -0.0278	 -0.0640	  0.0000
  2.2550	  1.7641	 -0.0382	 -0.0651	  0.0000
  2.4186	  1.7641	 -0.0490	 -0.0648	  0.0000
  2.5823	  1.7641	 -0.0474	 -0.0586	  0.0000
  2.7459	  1.7641	 -0.0488	 -0.0579	  0.0000
  2.9096	  1.7641	 -0.0536	 -0.0578	  0.0000
  3.0732	  1.7641	 -0.0610	 -0.0564	  0.0000
  3.2368	  1.7641	 -0.0613	 -0.0494	  0.0000
  3.4005	  1.7641	 -0.0667	 -0.0482	  0.0000
  3.5641	  1.7641	 -0.0705	 -0.0481	  0.0000
  3.7278	  1.7641	 -0.0719	 -0.0466	  0.0000
  3.8914	  1.7641	 -0.0779	 -0.0515	  0.0000
  4.0551	  1.7641	 -0.0788	 -0.0433	  0.0000
  4.2187	  1.7641	 -0.0843	 -0.0440	  0.0000
  4.3823	  1.7641	 -0.0841	 -0.0409	  0.0000
  4.5460	  1.7641	 -0.0882	 -0.0355	  0.0000
  4.7096	  1.7641	 -0.0901	 -0.0320	  0.0000
  4.8733	  1.7641	 -0.0926	 -0.0309	  0.0000
  5.0369	  1.7641	 -0.0941	 -0.0246	  0.0000
  5.2006	  1.7641	 -0.0843	 -0.0183	  0.0000
  5.3642	  1.7641	 -0.0866	 -0.0191	  0.0000
  5.5278	  1.7641	 -0.0868	 -0.0191	  0.0000
  5.6915	  1.7641	 -0.0880	 -0.0140	  0.0000
  5.8551	  1.7641	 -0.0858	 -0.0094	  0.0000
  6.0188	  1.7641	 -0.0833	 -0.0043	  0.0000
  6.1824	  1.7641	 -0.0789	  0.0031	  0.0000
  6.3461	  1.7641	 -0.0763	  0.0032	  0.0000
  6.5097	  1.7641	 -0.0805	  0.0056	  0.0000
  6.6733	  1.7641	 -0.0753	  0.0105	  0.0000
  6.8370	  1.7641	 -0.0700	  0.0129	  0.0000
  7.0006	  1.7641	 -0.0657	  0.0149	  0.0000
  7.1643	  1.7641	 -0.0575	  0.0298	  0.0000
  7.3279	  1.7641	 -0.0539	  0.0299	  0.0000
  0.1276	  1.6004	  0.0147	 -0.0539	  0.0000
  0.2913	  1.6004	  0.0052	 -0.0609	  0.0000
  0.4549	  1.6004	  0.0008	 -0.0628	  0.0000
  0.6186	  1.6004	  0.0047	 -0.0605	  0.0000
  0.7822	  1.6004	  0.0094	 -0.0544	  0.0000
  0.9459	  1.6004	 -0.0090	 -0.0605	  0.0000
  1.1095	  1.6004	 -0.0066	 -0.0601	  0.0000
  1.2731	  1.6004	 -0.0319	 -0.0809	  0.0000
  1.4368	  1.6004	 -0.0297	 -0.0808	  0.0000
  1.6004	  1.6004	 -0.0411	 -0.0825	  0.0000
  1.7641	  1.6004	 -0.0449	 -0.0811	  0.0000
  1.9277	  1.6004	 -0.0503	 -0.0796	  0.0000
  2.0914	  1.6004	 -0.0317	 -0.0724	  0.0000
  2.2550	  1.6004	 -0.0371	 -0.0706	  0.0000
  2.4186	  1.6004	 -0.0382	 -0.0617	  0.0000
  2.5823	  1.6004	 -0.0446	 -0.0621	  0.0000
  2.7459	  1.6004	 -0.0550	 -0.0674	  0.0000
  2.9096	  1.6004	 -0.0525	 -0.0635	  0.0000
  3.0732	  1.6004	 -0.0578	 -0.0619	  0.0000
  3.2368	  1.6004	 -0.0594	 -0.0564	  0.0000
  3.4005	  1.6004	 -0.0640	 -0.0508	  0.0000
  3.5641	  1.6004	 -0.0674	 -0.0485	  0.0000
  3.7278	  1.6004	 -0.0723	 -0.0516	  0.0000
  3.8914	  1.6004	 -0.0770	 -0.0582	  0.0000
  4.0551	  1.6004	 -0.0858	 -0.0526	  0.0000
  4.2187	  1.6004	 -0.0856	 -0.0476	  0.0000
  4.3823	  1.6004	 -0.0877	 -0.0452	  0.0000
  4.5460	  1.6004	 -0.0941	 -0.0447	  0.0000
  4.7096	  1.6004	 -0.0899	 -0.0338	  0.0000
  4.8733	  1.6004	 -0.0928	 -0.0306	  0.0000
  5.0369	  1.6004	 -0.0930	 -0.0261	  0.0000
  5.2006	  1.6004	 -0.0906	 -0.0276	  0.0000
  5.3642	  1.6004	 -0.0977	 -0.0288	  0.0000
  5.5278	  1.6004	 -0.0894	 -0.0186	  0.0000
  5.6915	  1.6004	 -0.0871	 -0.0074	  0.0000
  5.8551	  1.6004	 -0.0858	 -0.0034	  0.0000
  6.0188	  1.6004	 -0.0814	 -0.0042	  0.0000
  6.1824	  1.6004	 -0.0826	 -0.0013	  0.0000
  6.3461	  1.6004	 -0.0767	  0.0046	  0.0000
  6.5097	  1.6004	 -0.0826	  0.0020	  0.0000
  6.6733	  1.6004	 -0.0771	  0.0044	  0.0000
  6.8370	  1.6004	 -0.0707	  0.0137	  0.0000
  7.0006	  1.6004	 -0.0693	  0.0161	  0.0000
  7.1643	  1.6004	 -0.0653	  0.0217	  0.0000
  7.3279	  1.6004	 -0.0629	  0.0228	  0.0000
  0.1276	  1.4368	  0.0055	 -0.0670	  0.0000
  0.2913	  1.4368	  0.0021	 -0.0728	  0.0000
  0.4549	  1.4368	  0.0010	 -0.0737	  0.0000
  0.6186	  1.4368	  0.0051	 -0.0719	  0.0000
  0.7822	  1.4368	 -0.0164	 -0.0789	  0.0000
  0.9459	  1.4368	 -0.0145	 -0.0757	  0.0000
  1.1095	  1.4368	 -0.0126	 -0.0751	  0.0000
  1.2731	  1.4368	 -0.0270	 -0.0895	  0.0000
  1.4368	  1.4368	 -0.0270	 -0.0873	  0.0000
  1.6004	  1.4368	 -0.0369	 -0.0888	  0.0000
  1.7641	  1.4368	 -0.0387	 -0.0900	  0.0000
  1.9277	  1.4368	 -0.0403	 -0.0886	  0.0000
  2.0914	  1.4368	 -0.0453	 -0.0828	  0.0000
  2.2550	  1.4368	 -0.0491	 -0.0814	  0.0000
  2.4186	  1.4368	 -0.0517	 -0.0774	  0.0000
  2.5823	  1.4368	 -0.0590	 -0.0785	  0.0000
  2.7459	  1.4368	 -0.0657	 -0.0777	  0.0000
  2.9096	  1.4368	 -0.0537	 -0.0697	  0.0000
  3.0732	  1.4368	 -0.0632	 -0.0700	  0.0000
  3.2368	  1.4368	 -0.0634	 -0.0681	  0.0000
  3.4005	  1.4368	 -0.0634	 -0.0528	  0.0000
  3.5641	  1.4368	 -0.0674	 -0.0486	  0.0000
  3.7278	  1.4368	 -0.0777	 -0.0637	  0.0000
  3.8914	  1.4368	 -0.0766	 -0.0662	  0.0000
  4.0551	  1.4368	 -0.0861	 -0.0651	  0.0000
  4.2187	  1.4368	 -0.0906	 -0.0592	  0.0000
  4.3823	  1.4368	 -0.0883	 -0.0508	  0.0000
  4.5460	  1.4368	 -0.0893	 -0.0476	  0.0000
  4.7096	  1.4368	 -0.0899	 -0.0378	  0.0000
  4.8733	  1.4368	 -0.0976	 -0.0390	  0.0000
  5.0369	  1.4368	 -0.0987	 -0.0352	  0.0000
  5.2006	  1.4368	 -0.0982	 -0.0356	  0.0000
  5.3642	  1.4368	 -0.1006	 -0.0333	  0.0000
  5.5278	  1.4368	 -0.0914	 -0.0154	  0.0000
  5.6915	  1.4368	 -0.0888	 -0.0052	  0.0000
  5.8551	  1.4368	 -0.0907	 -0.0083	  0.0000
  6.0188	  1.4368	 -0.0928	 -0.0099	  0.0000
  6.1824	  1.4368	 -0.0832	  0.0014	  0.0000
  6.3461	  1.4368	 -0.0795	  0.0060	  0.0000
  6.5097	  1.4368	 -0.0817	  0.0044	  0.0000
  6.6733	  1.4368	 -0.0852	  0.0034	  0.0000
  6.8370	  1.4368	 -0.0841	  0.0098	  0.0000
  7.0006	  1.4368	 -0.0717	  0.0191	  0.0000
  7.1643	  1.4368	 -0.0719	  0.0242	  0.0000
  7.3279	  1.4368	 -0.0749	  0.0196	  0.0000
  0.1276	  1.2731	  0.0046	 -0.0816	  0.0000
  0.2913	  1.2731	 -0.0025	 -0.0806	  0.0000
  0.4549	  1.2731	  0.0020	 -0.0807	  0.0000
  0.6186	  1.2731	 -0.0074	 -0.0811	  0.0000
  0.7822	  1.2731	 -0.0094	 -0.0944	  0.0000
  0.9459	  1.2731	 -0.0123	 -0.0951	  0.0000
  1.1095	  1.2731	 -0.0048	 -0.0874	  0.0000
  1.2731	  1.2731	 -0.0137	 -0.0921	  0.0000
  1.4368	  1.2731	 -0.0271	 -0.1013	  0.0000
  1.6004	  1.2731	 -0.0332	 -0.1016	  0.0000
  1.7641	  1.2731	 -0.0388	 -0.0983	  0.0000
  1.9277	  1.2731	 -0.0347	 -0.0940	  0.0000
  2.0914	  1.2731	 -0.0427	 -0.0950	  0.0000
  2.2550	  1.2731	 -0.0467	 -0.0903	  0.0000
  2.4186	  1.2731	 -0.0543	 -0.0913	  0.0000
  2.5823	  1.2731	 -0.0551	 -0.0874	  0.0000
  2.7459	  1.2731	 -0.0540	 -0.0781	  0.0000
  2.9096	  1.2731	 -0.0610	 -0.0758	  0.0000
  3.0732	  1.2731	 -0.0720	 -0.0738	  0.0000
  3.2368	  1.2731	 -0.0718	 -0.0754	  0.0000
  3.4005	  1.2731	 -0.0633	 -0.0675	  0.0000
  3.5641	  1.2731	 -0.0693	 -0.0592	  0.0000
  3.7278	  1.2731	 -0.0879	 -0.0799	  0.0000
  3.8914	  1.2731	 -0.0835	 -0.0722	  0.0000
  4.0551	  1.2731	 -0.0847	 -0.0651	  0.0000
  4.2187	  1.2731	 -0.0890	 -0.0648	  0.0000
  4.3823	  1.2731	 -0.0875	 -0.0578	  0.0000
  4.5460	  1.2731	 -0.0920	 -0.0478	  0.0000
  4.7096	  1.2731	 -0.0976	 -0.0491	  0.0000
  4.8733	  1.2731	 -0.1000	 -0.0514	  0.0000
  5.0369	  1.2731	 -0.1038	 -0.0466	  0.0000
  5.2006	  1.2731	 -0.1028	 -0.0383	  0.0000
  5.3642	  1.2731	 -0.0989	 -0.0233	  0.0000
  5.5278	  1.2731	 -0.0940	 -0.0146	  0.0000
  5.6915	  1.2731	 -0.0862	 -0.0035	  0.0000
  5.8551	  1.2731	 -0.0931	 -0.0060	  0.0000
  6.0188	  1.2731	 -0.1031	 -0.0040	  0.0000
  6.1824	  1.2731	 -0.0859	  0.0033	  0.0000
  6.3461	  1.2731	 -0.0921	  0.0002	  0.0000
  6.5097	  1.2731	 -0.0975	 -0.0066	  0.0000
  6.6733	  1.2731	 -0.0915	  0.0067	  0.0000
  6.8370	  1.2731	 -0.0902	  0.0102	  0.0000
  7.0006	  1.2731	 -0.0836	  0.0215	  0.0000
  7.1643	  1.2731	 -0.0738	  0.0305	  0.0000
  7.3279	  1.2731	 -0.0731	  0.0330	  0.0000
  0.1276	  1.1095	  0.0006	 -0.0963	  0.0000
  0.2913	  1.1095	  0.0037	 -0.0962	  0.0000
  0.4549	  1.1095	  0.0006	 -0.1035	  0.0000
  0.6186	  1.1095	  0.0046	 -0.1032	  0.0000
  0.7822	  1.1095	 -0.0027	 -0.1016	  0.0000
  0.9459	  1.1095	 -0.0070	 -0.1065	  0.0000
  1.1095	  1.1095	 -0.0077	 -0.1057	  0.0000
  1.2731	  1.1095	 -0.0096	 -0.1082	  0.0000
  1.4368	  1.1095	 -0.0289	 -0.1188	  0.0000
  1.6004	  1.1095	 -0.0335	 -0.1166	  0.0000
  1.7641	  1.1095	 -0.0379	 -0.1141	  0.0000
  1.9277	  1.1095	 -0.0425	 -0.1121	  0.0000
  2.0914	  1.1095	 -0.0430	 -0.1030	  0.0000
  2.2550	  1.1095	 -0.0468	 -0.1034	  0.0000
  2.4186	  1.1095	 -0.0485	 -0.1001	  0.0000
  2.5823	  1.1095	 -0.0598	 -0.1021	  0.0000
  2.7459	  1.1095	 -0.0625	 -0.0942	  0.0000
  2.9096	  1.1095	 -0.0639	 -0.0891	  0.0000
  3.0732	  1.1095	 -0.0740	 -0.0972	  0.0000
  3.2368	  1.1095	 -0.0798	 -0.1010	  0.0000
  3.4005	  1.1095	 -0.0820	 -0.0940	  0.0000
  3.5641	  1.1095	 -0.0846	 -0.0837	  0.0000
  3.7278	  1.1095	 -0.0911	 -0.0874	  0.0000
  3.8914	  1.1095	 -0.0786	 -0.0701	  0.0000
  4.0551	  1.1095	 -0.0837	 -0.0657	  0.0000
  4.2187	  1.1095	 -0.1012	 -0.0747	  0.0000
  4.3823	  1.1095	 -0.1002	 -0.0729	  0.0000
  4.5460	  1.1095	 -0.0986	 -0.0581	  0.0000
  4.7096	  1.1095	 -0.1043	 -0.0549	  0.0000
  4.8733	  1.1095	 -0.1014	 -0.0484	  0.0000
  5.0369	  1.1095	 -0.1105	 -0.0514	  0.0000
  5.2006	  1.1095	 -0.1106	 -0.0467	  0.0000
  5.3642	  1.1095	 -0.1080	 -0.0256	  0.0000
  5.5278	  1.1095	 -0.1036	 -0.0224	  0.0000
  5.6915	  1.1095	 -0.0998	 -0.0101	  0.0000
  5.8551	  1.1095	 -0.1013	 -0.0107	  0.0000
  6.0188	  1.1095	 -0.1034	 -0.0139	  0.0000
  6.1824	  1.1095	 -0.0990	 -0.0046	  0.0000
  6.3461	  1.1095	 -0.1002	  0.0004	  0.0000
  6.5097	  1.1095	 -0.1023	 -0.0097	  0.0000
  6.6733	  1.1095	 -0.1038	  0.0047	  0.0000
  6.8370	  1.1095	 -0.1016	  0.0118	  0.0000
  7.0006	  1.1095	 -0.0961	  0.0131	  0.0000
  7.1643	  1.1095	 -0.0851	  0.0322	  0.0000
  7.3279	  1.1095	 -0.0926	  0.0277	  0.0000
  0.1276	  0.9459	  0.0005	 -0.1136	  0.0000
  0.2913	  0.9459	 -0.0006	 -0.1145	  0.0000
  0.4549	  0.9459	  0.0016	 -0.1189	  0.0000
  0.6186	  0.9459	  0.0068	 -0.1214	  0.0000
  0.7822	  0.9459	 -0.0100	 -0.1337	  0.0000
  0.9459	  0.9459	 -0.0101	 -0.1336	  0.0000
  1.1095	  0.9459	 -0.0146	 -0.1297	  0.0000
  1.2731	  0.9459	 -0.0301	 -0.1393	  0.0000
  1.4368	  0.9459	 -0.0373	 -0.1417	  0.0000
  1.6004	  0.9459	 -0.0376	 -0.1351	  0.0000
  1.7641	  0.9459	 -0.0433	 -0.1291	  0.0000
  1.9277	  0.9459	 -0.0536	 -0.1291	  0.0000
  2.0914	  0.9459	 -0.0326	 -0.1177	  0.0000
  2.2550	  0.9459	 -0.0452	 -0.1149	  0.0000
  2.4186	  0.9459	 -0.0698	 -0.1256	  0.0000
  2.5823	  0.9459	 -0.0616	 -0.1108	  0.0000
  2.7459	  0.9459	 -0.0652	 -0.1062	  0.0000
  2.9096	  0.9459	 -0.0711	 -0.0970	  0.0000
  3.0732	  0.9459	 -0.0754	 -0.1066	  0.0000
  3.2368	  0.9459	 -0.0819	 -0.1027	  0.0000
  3.4005	  0.9459	 -0.0898	 -0.1034	  0.0000
  3.5641	  0.9459	 -0.0892	 -0.0996	  0.0000
  3.7278	  0.9459	 -0.0876	 -0.0859	  0.0000
  3.8914	  0.9459	 -0.0789	 -0.0703	  0.0000
  4.0551	  0.9459	 -0.0854	 -0.0735	  0.0000
  4.2187	  0.9459	 -0.0977	 -0.0740	  0.0000
  4.3823	  0.9459	 -0.1044	 -0.0864	  0.0000
  4.5460	  0.9459	 -0.1086	 -0.0741	  0.0000
  4.7096	  0.9459	 -0.1118	 -0.0652	  0.0000
  4.8733	  0.9459	 -0.1119	 -0.0563	  0.0000
  5.0369	  0.9459	 -0.1185	 -0.0560	  0.0000
  5.2006	  0.9459	 -0.1182	 -0.0424	  0.0000
  5.3642	  0.9459	 -0.1197	 -0.0432	  0.0000
  5.5278	  0.9459	 -0.1268	 -0.0448	  0.0000
  5.6915	  0.9459	 -0.1118	 -0.0232	  0.0000
  5.8551	  0.9459	 -0.1090	 -0.0121	  0.0000
  6.0188	  0.9459	 -0.1111	 -0.0073	  0.0000
  6.1824	  0.9459	 -0.1058	 -0.0059	  0.0000
  6.3461	  0.9459	 -0.1166	 -0.0116	  0.0000
  6.5097	  0.9459	 -0.1255	 -0.0210	  0.0000
  6.6733	  0.9459	 -0.1236	 -0.0079	  0.0000
  6.8370	  0.9459	 -0.1199	  0.0049	  0.0000
  7.0006	  0.9459	 -0.1147	  0.0193	  0.0000
  7.1643	  0.9459	 -0.1142	  0.0263	  0.0000
  7.3279	  0.9459	 -0.1145	  0.0294	  0.0000
  0.1276	  0.7822	 -0.0028	 -0.1359	  0.0000
  0.2913	  0.7822	 -0.0066	 -0.1456	  0.0000
  0.4549	  0.7822	 -0.0052	 -0.1377	  0.0000
  0.6186	  0.7822	 -0.0034	 -0.1493	  0.0000
  0.7822	  0.7822	 -0.0082	 -0.1597	  0.0000
  0.9459	  0.7822	 -0.0107	 -0.1600	  0.0000
  1.1095	  0.7822	 -0.0129	 -0.1486	  0.0000
  1.2731	  0.7822	 -0.0270	 -0.1505	  0.0000
  1.4368	  0.7822	 -0.0285	 -0.1486	  0.0000
  1.6004	  0.7822	 -0.0370	 -0.1452	  0.0000
  1.7641	  0.7822	 -0.0473	 -0.1450	  0.0000
  1.9277	  0.7822	 -0.0554	 -0.1500	  0.0000
  2.0914	  0.7822	 -0.0561	 -0.1389	  0.0000
  2.2550	  0.7822	 -0.0636	 -0.1447	  0.0000
  2.4186	  0.7822	 -0.0689	 -0.1396	  0.0000
  2.5823	  0.7822	 -0.0772	 -0.1481	  0.0000
  2.7459	  0.7822	 -0.0849	 -0.1409	  0.0000
  2.9096	  0.7822	 -0.0717	 -0.1055	  0.0000
  3.0732	  0.7822	 -0.0814	 -0.1149	  0.0000
  3.2368	  0.7822	 -0.0876	 -0.1114	  0.0000
  3.4005	  0.7822	 -0.0912	 -0.1076	  0.0000
  3.5641	  0.7822	 -0.0914	 -0.0981	  0.0000
  3.7278	  0.7822	 -0.0943	 -0.0948	  0.0000
  3.8914	  0.7822	 -0.0998	 -0.0847	  0.0000
  4.0551	  0.7822	 -0.1048	 -0.0862	  0.0000
  4.2187	  0.7822	 -0.0973	 -0.0725	  0.0000
  4.3823	  0.7822	 -0.1107	 -0.0816	  0.0000
  4.5460	  0.7822	 -0.1218	 -0.0868	  0.0000
  4.7096	  0.7822	 -0.1136	 -0.0708	  0.0000
  4.8733	  0.7822	 -0.1241	 -0.0682	  0.0000
  5.0369	  0.7822	 -0.1299	 -0.0589	  0.0000
  5.2006	  0.7822	 -0.1327	 -0.0510	  0.0000
  5.3642	  0.7822	 -0.1314	 -0.0473	  0.0000
  5.5278	  0.7822	 -0.1395	 -0.0357	  0.0000
  5.6915	  0.7822	 -0.1147	 -0.0084	  0.0000
  5.8551	  0.7822	 -0.1177	 -0.0106	  0.0000
  6.0188	  0.7822	 -0.1159	 -0.0067	  0.0000
  6.1824	  0.7822	 -0.1122	 -0.0121	  0.0000
  6.3461	  0.7822	 -0.1334	 -0.0356	  0.0000
  6.5097	  0.7822	 -0.1446	 -0.0286	  0.0000
  6.6733	  0.7822	 -0.1516	 -0.0062	  0.0000
  6.8370	  0.7822	 -0.1517	 -0.0019	  0.0000
  7.0006	  0.7822	 -0.1564	  0.0118	  0.0000
  7.1643	  0.7822	 -0.1406	  0.0254	  0.0000
  7.3279	  0.7822	 -0.1334	  0.0483	  0.0000
  0.1276	  0.6186	 -0.0026	 -0.1584	  0.0000
  0.2913	  0.6186	 -0.0051	 -0.1586	  0.0000
  0.4549	  0.6186	 -0.0062	 -0.1584	  0.0000
  0.6186	  0.6186	  0.0006	 -0.1756	  0.0000
  0.7822	  0.6186	 -0.0054	 -0.1787	  0.0000
  0.9459	  0.6186	 -0.0138	 -0.1822	  0.0000
  1.1095	  0.6186	 -0.0166	 -0.1712	  0.0000
  1.2731	  0.6186	 -0.0313	 -0.1661	  0.0000
  1.4368	  0.6186	 -0.0424	 -0.1774	  0.0000
  1.6004	  0.6186	 -0.0482	 -0.1764	  0.0000
  1.7641	  0.6186	 -0.0560	 -0.1857	  0.0000
  1.9277	  0.6186	 -0.0582	 -0.1710	  0.0000
  2.0914	  0.6186	 -0.0598	 -0.1475	  0.0000
  2.2550	  0.6186	 -0.0651	 -0.1553	  0.0000
  2.4186	  0.6186	 -0.0751	 -0.1576	  0.0000
  2.5823	  0.6186	 -0.0835	 -0.1536	  0.0000
  2.7459	  0.6186	 -0.0893	 -0.1538	  0.0000
  2.9096	  0.6186	 -0.0941	 -0.1451	  0.0000
  3.0732	  0.6186	 -0.0948	 -0.1324	  0.0000
  3.2368	  0.6186	 -0.1010	 -0.1377	  0.0000
  3.4005	  0.6186	 -0.1060	 -0.1322	  0.0000
  3.5641	  0.6186	 -0.0978	 -0.1138	  0.0000
  3.7278	  0.6186	 -0.1013	 -0.1003	  0.0000
  3.8914	  0.6186	 -0.1051	 -0.0841	  0.0000
  4.0551	  0.6186	 -0.1090	 -0.0794	  0.0000
  4.2187	  0.6186	 -0.1036	 -0.0732	  0.0000
  4.3823	  0.6186	 -0.1278	 -0.0981	  0.0000
  4.5460	  0.6186	 -0.1345	 -0.1065	  0.0000
  4.7096	  0.6186	 -0.1397	 -0.1000	  0.0000
  4.8733	  0.6186	 -0.1413	 -0.0568	  0.0000
  5.0369	  0.6186	 -0.1504	 -0.0487	  0.0000
  5.2006	  0.6186	 -0.1545	 -0.0351	  0.0000
  5.3642	  0.6186	 -0.1420	 -0.0239	  0.0000
  5.5278	  0.6186	 -0.1361	 -0.0240	  0.0000
  5.6915	  0.6186	 -0.1424	 -0.0120	  0.0000
  5.8551	  0.6186	 -0.1411	 -0.0087	  0.0000
  6.0188	  0.6186	 -0.1296	 -0.0233	  0.0000
  6.1824	  0.6186	 -0.1367	 -0.0404	  0.0000
  6.3461	  0.6186	 -0.1561	 -0.0465	  0.0000
  6.5097	  0.6186	 -0.1664	 -0.0392	  0.0000
  6.6733	  0.6186	 -0.1550	 -0.0411	  0.0000
  6.8370	  0.6186	 -0.1693	 -0.0132	  0.0000
  7.0006	  0.6186	 -0.1667	  0.0036	  0.0000
  7.1643	  0.6186	 -0.1569	  0.0318	  0.0000
  7.3279	  0.6186	 -0.1455	  0.0647	  0.0000
  0.1276	  0.4549	 -0.0090	 -0.1744	  0.0000
  0.2913	  0.4549	 -0.0119	 -0.1723	  0.0000
  0.4549	  0.4549	 -0.0106	 -0.1792	  0.0000
  0.6186	  0.4549	 -0.0050	 -0.1864	  0.0000
  0.7822	  0.4549	 -0.0054	 -0.2013	  0.0000
  0.9459	  0.4549	 -0.0145	 -0.2067	  0.0000
  1.1095	  0.4549	 -0.0229	 -0.1964	  0.0000
  1.2731	  0.4549	 -0.0362	 -0.2131	  0.0000
  1.4368	  0.4549	 -0.0446	 -0.2228	  0.0000
  1.6004	  0.4549	 -0.0532	 -0.2145	  0.0000
  1.7641	  0.4549	 -0.0562	 -0.2136	  0.0000
  1.9277	  0.4549	 -0.0642	 -0.2043	  0.0000
  2.0914	  0.4549	 -0.0758	 -0.2059	  0.0000
  2.2550	  0.4549	 -0.0864	 -0.2020	  0.0000
  2.4186	  0.4549	 -0.0937	 -0.1988	  0.0000
  2.5823	  0.4549	 -0.1019	 -0.1837	  0.0000
  2.7459	  0.4549	 -0.1053	 -0.1779	  0.0000
  2.9096	  0.4549	 -0.0982	 -0.1661	  0.0000
  3.0732	  0.4549	 -0.1003	 -0.1546	  0.0000
  3.2368	  0.4549	 -0.1029	 -0.1594	  0.0000
  3.4005	  0.4549	 -0.1087	 -0.1491	  0.0000
  3.5641	  0.4549	 -0.1136	 -0.1534	  0.0000
  3.7278	  0.4549	 -0.1236	 -0.1590	  0.0000
  3.8914	  0.4549	 -0.1172	 -0.1202	  1.0000
  4.0551	  0.4549	 -0.1313	 -0.0974	  0.0000
  4.2187	  0.4549	 -0.1350	 -0.0904	  0.0000
  4.3823	  0.4549	 -0.1418	 -0.0946	  0.0000
  4.5460	  0.4549	 -0.1464	 -0.1097	  0.0000
  4.7096	  0.4549	 -0.1532	 -0.1059	  0.0000
  4.8733	  0.4549	 -0.1459	 -0.0479	  1.0000
  5.0369	  0.4549	 -0.1630	 -0.0239	  0.0000
  5.2006	  0.4549	 -0.1688	 -0.0001	  0.0000
  5.3642	  0.4549	 -0.1630	 -0.0045	  0.0000
  5.5278	  0.4549	 -0.1549	  0.0116	  0.0000
  5.6915	  0.4549	 -0.1419	  0.0161	  0.0000
  5.8551	  0.4549	 -0.1433	  0.0065	  0.0000
  6.0188	  0.4549	 -0.1375	 -0.0259	  0.0000
  6.1824	  0.4549	 -0.1238	 -0.0101	  1.0000
  6.3461	  0.4549	 -0.1270	 -0.0109	  1.0000
  6.5097	  0.4549	 -0.1740	 -0.0346	  0.0000
  6.6733	  0.4549	 -0.1286	 -0.0053	  1.0000
  6.8370	  0.4549	 -0.1682	 -0.0086	  0.0000
  7.0006	  0.4549	 -0.1656	  0.0021	  0.0000
  7.1643	  0.4549	 -0.1525	  0.0118	  0.0000
  7.3279	  0.4549	 -0.1369	  0.0707	  0.0000
  0.1276	  0.2913	 -0.0096	 -0.2058	  0.0000
  0.2913	  0.2913	 -0.0216	 -0.2090	  0.0000
  0.4549	  0.2913	 -0.0161	 -0.2126	  0.0000
  0.6186	  0.2913	 -0.0152	 -0.2256	  0.0000
  0.7822	  0.2913	 -0.0192	 -0.2462	  0.0000
  0.9459	  0.2913	 -0.0328	 -0.2359	  0.0000
  1.1095	  0.2913	 -0.0376	 -0.2086	  0.0000
  1.2731	  0.2913	 -0.0375	 -0.2651	  0.0000
  1.4368	  0.2913	 -0.0512	 -0.2556	  0.0000
  1.6004	  0.2913	 -0.0583	 -0.2493	  0.0000
  1.7641	  0.2913	 -0.0665	 -0.2481	  0.0000
  1.9277	  0.2913	 -0.0750	 -0.2427	  0.0000
  2.0914	  0.2913	 -0.0891	 -0.2307	  0.0000
  2.2550	  0.2913	 -0.0985	 -0.2255	  0.0000
  2.4186	  0.2913	 -0.1057	 -0.2295	  0.0000
  2.5823	  0.2913	 -0.1038	 -0.2164	  0.0000
  2.7459	  0.2913	 -0.1088	 -0.2113	  0.0000
  2.9096	  0.2913	 -0.1070	 -0.1945	  0.0000
  3.0732	  0.2913	 -0.1093	 -0.1867	  0.0000
  3.2368	  0.2913	 -0.1267	 -0.1838	  0.0000
  3.4005	  0.2913	 -0.1329	 -0.1808	  0.0000
  3.5641	  0.2913	 -0.1293	 -0.2073	  0.0000
  3.7278	  0.2913	 -0.1471	 -0.2212	  0.0000
  3.8914	  0.2913	 -0.1333	 -0.2136	  0.0000
  4.0551	  0.2913	 -0.1280	 -0.1167	  1.0000
  4.2187	  0.2913	 -0.1329	 -0.1034	  1.0000
  4.3823	  0.2913	 -0.1484	 -0.0645	  0.0000
  4.5460	  0.2913	 -0.1834	 -0.0922	  0.0000
  4.7096	  0.2913	 -0.1688	 -0.0496	  0.0000
  4.8733	  0.2913	 -0.1840	 -0.0204	  0.0000
  5.0369	  0.2913	 -0.1871	 -0.0098	  0.0000
  5.2006	  0.2913	 -0.1799	  0.0183	  0.0000
  5.3642	  0.2913	 -0.1718	  0.0238	  0.0000
  5.5278	  0.2913	 -0.1400	  0.0249	  0.0000
  5.6915	  0.2913	 -0.0955	  0.0371	  0.0000
  5.8551	  0.2913	 -0.0788	  0.0260	  0.0000
  6.0188	  0.2913	 -0.1261	 -0.0085	  1.0000
  6.1824	  0.2913	 -0.1256	 -0.0096	  1.0000
  6.3461	  0.2913	 -0.1293	 -0.0114	  1.0000
  6.5097	  0.2913	 -0.1373	 -0.0815	  0.0000
  6.6733	  0.2913	 -0.1452	  0.0485	  0.0000
  6.8370	  0.2913	 -0.1369	  0.0437	  0.0000
  7.0006	  0.2913	 -0.0861	  0.0217	  0.0000
  7.1643	  0.2913	 -0.0854	  0.0213	  0.0000
  7.3279	  0.2913	 -0.1019	  0.0759	  0.0000
  0.1276	  0.1276	 -0.0064	 -0.2188	  0.0000
  0.2913	  0.1276	 -0.0161	 -0.2333	  0.0000
  0.4549	  0.1276	 -0.0150	 -0.2265	  0.0000
  0.6186	  0.1276	 -0.0358	 -0.2628	  0.0000
  0.7822	  0.1276	 -0.0402	 -0.2725	  0.0000
  0.9459	  0.1276	 -0.0317	 -0.2573	  0.0000
  1.1095	  0.1276	 -0.0383	 -0.2663	  0.0000
  1.2731	  0.1276	 -0.0450	 -0.2811	  0.0000
  1.4368	  0.1276	 -0.0635	 -0.2707	  0.0000
  1.6004	  0.1276	 -0.0778	 -0.2794	  0.0000
  1.7641	  0.1276	 -0.0789	 -0.2815	  0.0000
  1.9277	  0.1276	 -0.0813	 -0.2714	  0.0000
  2.0914	  0.1276	 -0.0890	 -0.2577	  0.0000
  2.2550	  0.1276	 -0.0964	 -0.2508	  0.0000
  2.4186	  0.1276	 -0.1088	 -0.2444	  0.0000
  2.5823	  0.1276	 -0.1119	 -0.2481	  0.0000
  2.7459	  0.1276	 -0.1219	 -0.2503	  0.0000
  2.9096	  0.1276	 -0.1336	 -0.2742	  0.0000
  3.0732	  0.1276	 -0.1283	 -0.2019	  0.0000
  3.2368	  0.1276	 -0.1430	 -0.1950	  0.0000
  3.4005	  0.1276	 -0.1486	 -0.2226	  0.0000
  3.5641	  0.1276	 -0.1488	 -0.2392	  0.0000
  3.7278	  0.1276	 -0.1438	 -0.2473	  0.0000
  3.8914	  0.1276	 -0.1217	 -0.2127	  0.0000
  4.0551	  0.1276	 -0.1342	 -0.1243	  1.0000
  4.2187	  0.1276	 -0.1397	 -0.1087	  1.0000
  4.3823	  0.1276	 -0.1893	 -0.0229	  0.0000
  4.5460	  0.1276	 -0.1910	 -0.0267	  0.0000
  4.7096	  0.1276	 -0.1797	 -0.0205	  0.0000
  4.8733	  0.1276	 -0.1597	 -0.0401	  1.0000
  5.0369	  0.1276	 -0.1579	 -0.0277	  1.0000
  5.2006	  0.1276	 -0.1506	  0.0643	  0.0000
  5.3642	  0.1276	 -0.1473	 -0.0005	  1.0000
  5.5278	  0.1276	 -0.1268	  0.0555	  0.0000
  5.6915	  0.1276	 -0.1339	  0.0537	  0.0000
  5.8551	  0.1276	 -0.1214	  0.0311	  0.0000
  6.0188	  0.1276	 -0.0728	 -0.0152	  0.0000
  6.1824	  0.1276	 -0.0113	  0.0012	  0.0000
  6.3461	  0.1276	 -0.1285	 -0.0106	  1.0000
  6.5097	  0.1276	 -0.0961	 -0.0100	  0.0000
  6.6733	  0.1276	 -0.1002	 -0.0027	  0.0000
  6.8370	  0.1276	 -0.1307	  0.0038	  1.0000
  7.0006	  0.1276	 -0.0618	  0.0049	  0.0000
  7.1643	  0.1276	 -0.0694	  0.0021	  0.0000
  7.3279	  0.1276	 -0.0820	  0.0143	  0.0000
