  0.1276	  1.9277	  0.0331	 -0.0271	  0.0000
  0.2913	  1.9277	  0.0306	 -0.0260	  0.0000
  0.4549	  1.9277	  0.0239	 -0.0362	  0.0000
  0.6186	  1.9277	  0.0280	 -0.0383	  0.0000
  0.7822	  1.9277	  0.0176	 -0.0431	  0.0000
  0.9459	  1.9277	  0.0059	 -0.0449	  0.0000
  1.1095	  1.9277	  0.0030	 -0.0500	  0.0000
  1.2731	  1.9277	  0.0043	 -0.0481	  0.0000
  1.4368	  1.9277	  0.0027	 -0.0459	  0.0000
  1.6004	  1.9277	 -0.0057	 -0.0517	  0.0000
  1.7641	  1.9277	 -0.0136	 -0.0529	  0.0000
  1.9277	  1.9277	 -0.0085	 -0.0479	  0.0000
  2.0914	  1.9277	 -0.0125	 -0.0486	  0.0000
  2.2550	  1.9277	 -0.0130	 -0.0486	  0.0000
  2.4186	  1.9277	 -0.0186	 -0.0512	  0.0000
  2.5823	  1.9277	 -0.0224	 -0.0510	  0.0000
  2.7459	  1.9277	 -0.0286	 -0.0566	  0.0000
  2.9096	  1.9277	 -0.0301	 -0.0524	  0.0000
  3.0732	  1.9277	 -0.0386	 -0.0573	  0.0000
  3.2368	  1.9277	 -0.0417	 -0.0560	  0.0000
  3.4005	  1.9277	 -0.0440	 -0.0528	  0.0000
  3.5641	  1.9277	 -0.0463	 -0.0497	  0.0000
  3.7278	  1.9277	 -0.0505	 -0.0498	  0.0000
  3.8914	  1.9277	 -0.0481	 -0.0385	  0.0000
  4.0551	  1.9277	 -0.0583	 -0.0455	  0.0000
  4.2187	  1.9277	 -0.0624	 -0.0523	  0.0000
  4.3823	  1.9277	 -0.0653	 -0.0455	  0.0000
  4.5460	  1.9277	 -0.0663	 -0.0298	  0.0000
  4.7096	  1.9277	 -0.0694	 -0.0329	  0.0000
  4.8733	  1.9277	 -0.0729	 -0.0414	  0.0000
  5.0369	  1.9277	 -0.0733	 -0.0364	  0.0000
  5.2006	  1.9277	 -0.0744	 -0.0364	  0.0000
  5.3642	  1.9277	 -0.0837	 -0.0369	  0.0000
  5.5278	  1.9277	 -0.0869	 -0.0365	  0.0000
  5.6915	  1.9277	 -0.0915	 -0.0444	  0.0000
  5.8551	  1.9277	 -0.0877	 -0.0288	  0.0000
  6.0188	  1.9277	 -0.0780	 -0.0163	  0.0000
  6.1824	  1.9277	 -0.0783	 -0.0108	  0.0000
  6.3461	  1.9277	 -0.0829	 -0.0156	  0.0000
  6.5097	  1.9277	 -0.0830	 -0.0097	  0.0000
  6.6733	  1.9277	 -0.0826	 -0.0007	  0.0000
  6.8370	  1.9277	 -0.0811	  0.0056	  0.0000
  7.0006	  1.9277	 -0.0741	  0.0065	  0.0000
  7.1643	  1.9277	 -0.0787	  0.0099	  0.0000
  7.3279	  1.9277	 -0.0764	  0.0187	  0.0000
  0.1276	  1.7641	  0.0377	 -0.0336	  0.0000
  0.2913	  1.7641	  0.0419	 -0.0373	  0.0000
  0.4549	  1.7641	  0.0253	 -0.0376	  0.0000
  0.6186	  1.7641	  0.0341	 -0.0371	  0.0000
  0.7822	  1.7641	  0.0285	 -0.0376	  0.0000
  0.9459	  1.7641	  0.0172	 -0.0493	  0.0000
  1.1095	  1.7641	  0.0102	 -0.0556	  0.0000
  1.2731	  1.7641	 -0.0017	 -0.0588	  0.0000
  1.4368	  1.7641	 -0.0075	 -0.0589	  0.0000
  1.6004	  1.7641	 -0.0053	 -0.0597	  0.0000
  1.7641	  1.7641	 -0.0129	 -0.0619	  0.0000
  1.9277	  1.7641	 -0.0080	 -0.0623	  0.0000
  2.0914	  1.7641	 -0.0035	 -0.0543	  0.0000
  2.2550	  1.7641	 -0.0085	 -0.0536	  0.0000
  2.4186	  1.7641	 -0.0215	 -0.0603	  0.0000
  2.5823	  1.7641	 -0.0214	 -0.0600	  0.0000
  2.7459	  1.7641	 -0.0269	 -0.0638	  0.0000
  2.9096	  1.7641	 -0.0294	 -0.0645	  0.0000
  3.0732	  1.7641	 -0.0365	 -0.0650	  0.0000
  3.2368	  1.7641	 -0.0379	 -0.0556	  0.0000
  3.4005	  1.7641	 -0.0433	 -0.0578	  0.0000
  3.5641	  1.7641	 -0.0442	 -0.0550	  0.0000
  3.7278	  1.7641	 -0.0480	 -0.0537	  0.0000
  3.8914	  1.7641	 -0.0502	 -0.0494	  0.0000
  4.0551	  1.7641	 -0.0570	 -0.0502	  0.0000
  4.2187	  1.7641	 -0.0592	 -0.0543	  0.0000
  4.3823	  1.7641	 -0.0638	 -0.0446	  0.0000
  4.5460	  1.7641	 -0.0675	 -0.0395	  0.0000
  4.7096	  1.7641	 -0.0689	 -0.0470	  0.0000
  4.8733	  1.7641	 -0.0737	 -0.0559	  0.0000
  5.0369	  1.7641	 -0.0731	 -0.0317	  0.0000
  5.2006	  1.7641	 -0.0797	 -0.0407	  0.0000
  5.3642	  1.7641	 -0.0856	 -0.0475	  0.0000
  5.5278	  1.7641	 -0.0847	 -0.0552	  0.0000
  5.6915	  1.7641	 -0.0885	 -0.0367	  0.0000
  5.8551	  1.7641	 -0.0885	 -0.0252	  0.0000
  6.0188	  1.7641	 -0.0857	 -0.0213	  0.0000
  6.1824	  1.7641	 -0.0834	 -0.0119	  0.0000
  6.3461	  1.7641	 -0.0851	 -0.0125	  0.0000
  6.5097	  1.7641	 -0.0858	 -0.0133	  0.0000
  6.6733	  1.7641	 -0.0829	  0.0032	  0.0000
  6.8370	  1.7641	 -0.0858	  0.0058	  0.0000
  7.0006	  1.7641	 -0.0877	  0.0075	  0.0000
  7.1643	  1.7641	 -0.0812	  0.0152	  0.0000
  7.3279	  1.7641	 -0.0669	  0.0398	  0.0000
  0.1276	  1.6004	  0.0373	 -0.0361	  0.0000
  0.2913	  1.6004	  0.0391	 -0.0415	  0.0000
  0.4549	  1.6004	  0.0204	 -0.0515	  0.0000
  0.6186	  1.6004	  0.0336	 -0.0470	  0.0000
  0.7822	  1.6004	  0.0303	 -0.0423	  0.0000
  0.9459	  1.6004	  0.0190	 -0.0569	  0.0000
  1.1095	  1.6004	  0.0095	 -0.0590	  0.0000
  1.2731	  1.6004	  0.0024	 -0.0692	  0.0000
  1.4368	  1.6004	  0.0029	 -0.0675	  0.0000
  1.6004	  1.6004	  0.0000	 -0.0693	  0.0000
  1.7641	  1.6004	 -0.0045	 -0.0673	  0.0000
  1.9277	  1.6004	 -0.0048	 -0.0697	  0.0000
  2.0914	  1.6004	 -0.0015	 -0.0615	  0.0000
  2.2550	  1.6004	 -0.0106	 -0.0626	  0.0000
  2.4186	  1.6004	 -0.0152	 -0.0610	  0.0000
  2.5823	  1.6004	 -0.0187	 -0.0591	  0.0000
  2.7459	  1.6004	 -0.0382	 -0.0787	  0.0000
  2.9096	  1.6004	 -0.0443	 -0.0773	  0.0000
  3.0732	  1.6004	 -0.0387	 -0.0733	  0.0000
  3.2368	  1.6004	 -0.0387	 -0.0646	  0.0000
  3.4005	  1.6004	 -0.0432	 -0.0676	  0.0000
  3.5641	  1.6004	 -0.0458	 -0.0672	  0.0000
  3.7278	  1.6004	 -0.0493	 -0.0588	  0.0000
  3.8914	  1.6004	 -0.0520	 -0.0598	  0.0000
  4.0551	  1.6004	 -0.0578	 -0.0605	  0.0000
  4.2187	  1.6004	 -0.0601	 -0.0601	  0.0000
  4.3823	  1.6004	 -0.0638	 -0.0532	  0.0000
  4.5460	  1.6004	 -0.0719	 -0.0378	  0.0000
  4.7096	  1.6004	 -0.0718	 -0.0370	  0.0000
  4.8733	  1.6004	 -0.0724	 -0.0428	  0.0000
  5.0369	  1.6004	 -0.0773	 -0.0467	  0.0000
  5.2006	  1.6004	 -0.0829	 -0.0478	  0.0000
  5.3642	  1.6004	 -0.0860	 -0.0505	  0.0000
  5.5278	  1.6004	 -0.0874	 -0.0446	  0.0000
  5.6915	  1.6004	 -0.0903	 -0.0331	  0.0000
  5.8551	  1.6004	 -0.0949	 -0.0283	  0.0000
  6.0188	  1.6004	 -0.0963	 -0.0321	  0.0000
  6.1824	  1.6004	 -0.0869	 -0.0188	  0.0000
  6.3461	  1.6004	 -0.0859	 -0.0069	  0.0000
  6.5097	  1.6004	 -0.0916	 -0.0104	  0.0000
  6.6733	  1.6004	 -0.0885	  0.0019	  0.0000
  6.8370	  1.6004	 -0.0885	  0.0079	  0.0000
  7.0006	  1.6004	 -0.0922	  0.0084	  0.0000
  7.1643	  1.6004	 -0.0905	  0.0193	  0.0000
  7.3279	  1.6004	 -0.0888	  0.0236	  0.0000
  0.1276	  1.4368	  0.0269	 -0.0453	  0.0000
  0.2913	  1.4368	  0.0268	 -0.0504	  0.0000
  0.4549	  1.4368	  0.0259	 -0.0572	  0.0000
  0.6186	  1.4368	  0.0296	 -0.0547	  0.0000
  0.7822	  1.4368	  0.0197	 -0.0664	  0.0000
  0.9459	  1.4368	  0.0130	 -0.0739	  0.0000
  1.1095	  1.4368	  0.0136	 -0.0736	  0.0000
  1.2731	  1.4368	  0.0009	 -0.0795	  0.0000
  1.4368	  1.4368	  0.0021	 -0.0786	  0.0000
  1.6004	  1.4368	 -0.0028	 -0.0810	  0.0000
  1.7641	  1.4368	 -0.0057	 -0.0839	  0.0000
  1.9277	  1.4368	 -0.0103	 -0.0863	  0.0000
  2.0914	  1.4368	 -0.0146	 -0.0797	  0.0000
  2.2550	  1.4368	 -0.0226	 -0.0839	  0.0000
  2.4186	  1.4368	 -0.0263	 -0.0898	  0.0000
  2.5823	  1.4368	 -0.0310	 -0.0882	  0.0000
  2.7459	  1.4368	 -0.0349	 -0.0894	  0.0000
  2.9096	  1.4368	 -0.0398	 -0.0826	  0.0000
  3.0732	  1.4368	 -0.0435	 -0.0869	  0.0000
  3.2368	  1.4368	 -0.0467	 -0.0807	  0.0000
  3.4005	  1.4368	 -0.0396	 -0.0664	  0.0000
  3.5641	  1.4368	 -0.0441	 -0.0638	  0.0000
  3.7278	  1.4368	 -0.0492	 -0.0642	  0.0000
  3.8914	  1.4368	 -0.0521	 -0.0618	  0.0000
  4.0551	  1.4368	 -0.0566	 -0.0700	  0.0000
  4.2187	  1.4368	 -0.0641	 -0.0743	  0.0000
  4.3823	  1.4368	 -0.0698	 -0.0739	  0.0000
  4.5460	  1.4368	 -0.0697	 -0.0571	  0.0000
  4.7096	  1.4368	 -0.0739	 -0.0512	  0.0000
  4.8733	  1.4368	 -0.0772	 -0.0535	  0.0000
  5.0369	  1.4368	 -0.0807	 -0.0490	  0.0000
  5.2006	  1.4368	 -0.0842	 -0.0577	  0.0000
  5.3642	  1.4368	 -0.0873	 -0.0476	  0.0000
  5.5278	  1.4368	 -0.0892	 -0.0406	  0.0000
  5.6915	  1.4368	 -0.0970	 -0.0335	  0.0000
  5.8551	  1.4368	 -0.1013	 -0.0313	  0.0000
  6.0188	  1.4368	 -0.1025	 -0.0254	  0.0000
  6.1824	  1.4368	 -0.0905	  0.0024	  0.0000
  6.3461	  1.4368	 -0.0907	  0.0010	  0.0000
  6.5097	  1.4368	 -0.0976	 -0.0057	  0.0000
  6.6733	  1.4368	 -0.1037	  0.0017	  0.0000
  6.8370	  1.4368	 -0.0945	  0.0226	  0.0000
  7.0006	  1.4368	 -0.0934	  0.0159	  0.0000
  7.1643	  1.4368	 -0.0966	  0.0220	  0.0000
  7.3279	  1.4368	 -0.0939	  0.0176	  0.0000
  0.1276	  1.2731	  0.0401	 -0.0534	  0.0000
  0.2913	  1.2731	  0.0313	 -0.0587	  0.0000
  0.4549	  1.2731	  0.0355	 -0.0717	  0.0000
  0.6186	  1.2731	  0.0295	 -0.0650	  0.0000
  0.7822	  1.2731	  0.0179	 -0.0801	  0.0000
  0.9459	  1.2731	  0.0243	 -0.0828	  0.0000
  1.1095	  1.2731	  0.0264	 -0.0779	  0.0000
  1.2731	  1.2731	  0.0165	 -0.0868	  0.0000
  1.4368	  1.2731	  0.0073	 -0.0949	  0.0000
  1.6004	  1.2731	  0.0025	 -0.0948	  0.0000
  1.7641	  1.2731	 -0.0016	 -0.0958	  0.0000
  1.9277	  1.2731	 -0.0022	 -0.0899	  0.0000
  2.0914	  1.2731	 -0.0121	 -0.0911	  0.0000
  2.2550	  1.2731	 -0.0166	 -0.0909	  0.0000
  2.4186	  1.2731	 -0.0244	 -0.0837	  0.0000
  2.5823	  1.2731	 -0.0275	 -0.0949	  0.0000
  2.7459	  1.2731	 -0.0309	 -0.0973	  0.0000
  2.9096	  1.2731	 -0.0399	 -0.0993	  0.0000
  3.0732	  1.2731	 -0.0425	 -0.0890	  0.0000
  3.2368	  1.2731	 -0.0440	 -0.0856	  0.0000
  3.4005	  1.2731	 -0.0513	 -0.0824	  0.0000
  3.5641	  1.2731	 -0.0458	 -0.0658	  0.0000
  3.7278	  1.2731	 -0.0556	 -0.0851	  0.0000
  3.8914	  1.2731	 -0.0624	 -0.0878	  0.0000
  4.0551	  1.2731	 -0.0657	 -0.0761	  0.0000
  4.2187	  1.2731	 -0.0650	 -0.0798	  0.0000
  4.3823	  1.2731	 -0.0628	 -0.0718	  0.0000
  4.5460	  1.2731	 -0.0677	 -0.0634	  0.0000
  4.7096	  1.2731	 -0.0832	 -0.0748	  0.0000
  4.8733	  1.2731	 -0.0849	 -0.0992	  0.0000
  5.0369	  1.2731	 -0.0920	 -0.0933	  0.0000
  5.2006	  1.2731	 -0.0927	 -0.0776	  0.0000
  5.3642	  1.2731	 -0.0937	 -0.0543	  0.0000
  5.5278	  1.2731	 -0.1005	 -0.0276	  0.0000
  5.6915	  1.2731	 -0.1038	 -0.0362	  0.0000
  5.8551	  1.2731	 -0.0951	 -0.0199	  0.0000
  6.0188	  1.2731	 -0.0967	 -0.0198	  0.0000
  6.1824	  1.2731	 -0.0988	 -0.0052	  0.0000
  6.3461	  1.2731	 -0.1022	 -0.0049	  0.0000
  6.5097	  1.2731	 -0.1209	 -0.0298	  0.0000
  6.6733	  1.2731	 -0.1089	  0.0079	  0.0000
  6.8370	  1.2731	 -0.1080	  0.0125	  0.0000
  7.0006	  1.2731	 -0.1032	  0.0224	  0.0000
  7.1643	  1.2731	 -0.0893	  0.0338	  0.0000
  7.3279	  1.2731	 -0.0915	  0.0299	  0.0000
  0.1276	  1.1095	  0.0288	 -0.0737	  0.0000
  0.2913	  1.1095	  0.0347	 -0.0710	  0.0000
  0.4549	  1.1095	  0.0249	 -0.0855	  0.0000
  0.6186	  1.1095	  0.0335	 -0.0863	  0.0000
  0.7822	  1.1095	  0.0265	 -0.0927	  0.0000
  0.9459	  1.1095	  0.0219	 -0.0973	  0.0000
  1.1095	  1.1095	  0.0206	 -0.0993	  0.0000
  1.2731	  1.1095	  0.0208	 -0.1004	  0.0000
  1.4368	  1.1095	  0.0087	 -0.1014	  0.0000
  1.6004	  1.1095	  0.0022	 -0.1095	  0.0000
  1.7641	  1.1095	 -0.0001	 -0.1052	  0.0000
  1.9277	  1.1095	 -0.0016	 -0.1006	  0.0000
  2.0914	  1.1095	 -0.0129	 -0.0979	  0.0000
  2.2550	  1.1095	 -0.0125	 -0.0998	  0.0000
  2.4186	  1.1095	 -0.0199	 -0.0942	  0.0000
  2.5823	  1.1095	 -0.0278	 -0.1114	  0.0000
  2.7459	  1.1095	 -0.0347	 -0.1094	  0.0000
  2.9096	  1.1095	 -0.0400	 -0.1144	  0.0000
  3.0732	  1.1095	 -0.0448	 -0.1115	  0.0000
  3.2368	  1.1095	 -0.0489	 -0.0924	  0.0000
  3.4005	  1.1095	 -0.0507	 -0.0858	  0.0000
  3.5641	  1.1095	 -0.0536	 -0.0786	  0.0000
  3.7278	  1.1095	 -0.0538	 -0.1019	  0.0000
  3.8914	  1.1095	 -0.0590	 -0.0592	  0.0000
  4.0551	  1.1095	 -0.0625	 -0.0713	  0.0000
  4.2187	  1.1095	 -0.0678	 -0.1028	  0.0000
  4.3823	  1.1095	 -0.0705	 -0.1012	  0.0000
  4.5460	  1.1095	 -0.0759	 -0.0903	  0.0000
  4.7096	  1.1095	 -0.0798	 -0.0834	  0.0000
  4.8733	  1.1095	 -0.0839	 -0.0853	  0.0000
  5.0369	  1.1095	 -0.0922	 -0.1134	  0.0000
  5.2006	  1.1095	 -0.0985	 -0.0911	  0.0000
  5.3642	  1.1095	 -0.0976	 -0.0604	  0.0000
  5.5278	  1.1095	 -0.1012	 -0.0547	  0.0000
  5.6915	  1.1095	 -0.1092	 -0.0254	  0.0000
  5.8551	  1.1095	 -0.1097	 -0.0471	  0.0000
  6.0188	  1.1095	 -0.1128	 -0.0352	  0.0000
  6.1824	  1.1095	 -0.1104	 -0.0210	  0.0000
  6.3461	  1.1095	 -0.1110	 -0.0130	  0.0000
  6.5097	  1.1095	 -0.1320	 -0.0485	  0.0000
  6.6733	  1.1095	 -0.1163	  0.0097	  0.0000
  6.8370	  1.1095	 -0.1177	  0.0072	  0.0000
  7.0006	  1.1095	 -0.1030	  0.0259	  0.0000
  7.1643	  1.1095	 -0.1044	  0.0311	  0.0000
  7.3279	  1.1095	 -0.1023	  0.0352	  0.0000
  0.1276	  0.9459	  0.0277	 -0.0930	  0.0000
  0.2913	  0.9459	  0.0242	 -0.0938	  0.0000
  0.4549	  0.9459	  0.0224	 -0.0981	  0.0000
  0.6186	  0.9459	  0.0327	 -0.0938	  0.0000
  0.7822	  0.9459	  0.0242	 -0.1017	  0.0000
  0.9459	  0.9459	  0.0189	 -0.1102	  0.0000
  1.1095	  0.9459	  0.0169	 -0.1107	  0.0000
  1.2731	  0.9459	  0.0103	 -0.1121	  0.0000
  1.4368	  0.9459	  0.0020	 -0.1184	  0.0000
  1.6004	  0.9459	 -0.0026	 -0.1283	  0.0000
  1.7641	  0.9459	 -0.0062	 -0.1246	  0.0000
  1.9277	  0.9459	 -0.0045	 -0.1186	  0.0000
  2.0914	  0.9459	 -0.0033	 -0.0949	  0.0000
  2.2550	  0.9459	 -0.0154	 -0.1152	  0.0000
  2.4186	  0.9459	 -0.0287	 -0.1377	  0.0000
  2.5823	  0.9459	 -0.0358	 -0.1323	  0.0000
  2.7459	  0.9459	 -0.0358	 -0.1174	  0.0000
  2.9096	  0.9459	 -0.0398	 -0.1218	  0.0000
  3.0732	  0.9459	 -0.0449	 -0.1209	  0.0000
  3.2368	  0.9459	 -0.0494	 -0.1084	  0.0000
  3.4005	  0.9459	 -0.0531	 -0.1217	  0.0000
  3.5641	  0.9459	 -0.0609	 -0.1402	  0.0000
  3.7278	  0.9459	 -0.0637	 -0.0960	  0.0000
  3.8914	  0.9459	 -0.0629	 -0.0677	  0.0000
  4.0551	  0.9459	 -0.0664	 -0.1116	  0.0000
  4.2187	  0.9459	 -0.0745	 -0.0875	  0.0000
  4.3823	  0.9459	 -0.0740	 -0.1539	  0.0000
  4.5460	  0.9459	 -0.0835	 -0.1091	  0.0000
  4.7096	  0.9459	 -0.0885	 -0.1068	  0.0000
  4.8733	  0.9459	 -0.0857	 -0.1037	  0.0000
  5.0369	  0.9459	 -0.0954	 -0.1056	  0.0000
  5.2006	  0.9459	 -0.0985	 -0.0641	  0.0000
  5.3642	  0.9459	 -0.1189	 -0.0852	  0.0000
  5.5278	  0.9459	 -0.1153	 -0.0871	  0.0000
  5.6915	  0.9459	 -0.1175	 -0.0383	  0.0000
  5.8551	  0.9459	 -0.1189	 -0.0368	  0.0000
  6.0188	  0.9459	 -0.1076	 -0.0145	  0.0000
  6.1824	  0.9459	 -0.1126	 -0.0022	  0.0000
  6.3461	  0.9459	 -0.1095	 -0.0096	  0.0000
  6.5097	  0.9459	 -0.1233	 -0.0091	  0.0000
  6.6733	  0.9459	 -0.1241	  0.0013	  0.0000
  6.8370	  0.9459	 -0.1214	  0.0213	  0.0000
  7.0006	  0.9459	 -0.1084	  0.0296	  0.0000
  7.1643	  0.9459	 -0.1279	  0.0088	  0.0000
  7.3279	  0.9459	 -0.1301	 -0.0044	  0.0000
  0.1276	  0.7822	  0.0295	 -0.1010	  0.0000
  0.2913	  0.7822	  0.0220	 -0.1051	  0.0000
  0.4549	  0.7822	  0.0270	 -0.0932	  0.0000
  0.6186	  0.7822	  0.0222	 -0.1038	  0.0000
  0.7822	  0.7822	  0.0227	 -0.1296	  0.0000
  0.9459	  0.7822	  0.0162	 -0.1266	  0.0000
  1.1095	  0.7822	  0.0132	 -0.1360	  0.0000
  1.2731	  0.7822	  0.0072	 -0.1445	  0.0000
  1.4368	  0.7822	  0.0055	 -0.1416	  0.0000
  1.6004	  0.7822	  0.0003	 -0.1411	  0.0000
  1.7641	  0.7822	 -0.0084	 -0.1380	  0.0000
  1.9277	  0.7822	 -0.0150	 -0.1427	  0.0000
  2.0914	  0.7822	 -0.0150	 -0.1329	  0.0000
  2.2550	  0.7822	 -0.0298	 -0.1562	  0.0000
  2.4186	  0.7822	 -0.0336	 -0.1592	  0.0000
  2.5823	  0.7822	 -0.0407	 -0.1443	  0.0000
  2.7459	  0.7822	 -0.0454	 -0.1398	  0.0000
  2.9096	  0.7822	 -0.0500	 -0.1444	  0.0000
  3.0732	  0.7822	 -0.0504	 -0.1465	  0.0000
  3.2368	  0.7822	 -0.0567	 -0.1389	  0.0000
  3.4005	  0.7822	 -0.0575	 -0.1401	  0.0000
  3.5641	  0.7822	 -0.0684	 -0.1450	  0.0000
  3.7278	  0.7822	 -0.0670	 -0.1308	  0.0000
  3.8914	  0.7822	 -0.0738	 -0.1101	  0.0000
  4.0551	  0.7822	 -0.0707	 -0.1360	  0.0000
  4.2187	  0.7822	 -0.0740	 -0.1294	  0.0000
  4.3823	  0.7822	 -0.0670	 -0.1848	  0.0000
  4.5460	  0.7822	 -0.0880	 -0.1387	  0.0000
  4.7096	  0.7822	 -0.0915	 -0.1303	  0.0000
  4.8733	  0.7822	 -0.0917	 -0.1130	  0.0000
  5.0369	  0.7822	 -0.0924	 -0.0717	  0.0000
  5.2006	  0.7822	 -0.1123	 -0.0914	  0.0000
  5.3642	  0.7822	 -0.1194	 -0.0824	  0.0000
  5.5278	  0.7822	 -0.1099	 -0.0524	  0.0000
  5.6915	  0.7822	 -0.1045	 -0.0199	  0.0000
  5.8551	  0.7822	 -0.1097	 -0.0153	  0.0000
  6.0188	  0.7822	 -0.1069	 -0.0074	  0.0000
  6.1824	  0.7822	 -0.1054	 -0.0049	  0.0000
  6.3461	  0.7822	 -0.0978	  0.0025	  0.0000
  6.5097	  0.7822	 -0.1219	 -0.0090	  0.0000
  6.6733	  0.7822	 -0.1239	 -0.0112	  0.0000
  6.8370	  0.7822	 -0.1265	 -0.0047	  0.0000
  7.0006	  0.7822	 -0.1248	  0.0111	  0.0000
  7.1643	  0.7822	 -0.1189	  0.0282	  0.0000
  7.3279	  0.7822	 -0.1070	  0.0438	  0.0000
  0.1276	  0.6186	  0.0256	 -0.1218	  0.0000
  0.2913	  0.6186	  0.0267	 -0.1294	  0.0000
  0.4549	  0.6186	  0.0291	 -0.1228	  0.0000
  0.6186	  0.6186	  0.0243	 -0.1283	  0.0000
  0.7822	  0.6186	  0.0211	 -0.1473	  0.0000
  0.9459	  0.6186	  0.0156	 -0.1466	  0.0000
  1.1095	  0.6186	  0.0107	 -0.1340	  0.0000
  1.2731	  0.6186	  0.0087	 -0.1470	  0.0000
  1.4368	  0.6186	  0.0024	 -0.1513	  0.0000
  1.6004	  0.6186	 -0.0034	 -0.1535	  0.0000
  1.7641	  0.6186	 -0.0066	 -0.1493	  0.0000
  1.9277	  0.6186	 -0.0159	 -0.1611	  0.0000
  2.0914	  0.6186	 -0.0159	 -0.1474	  0.0000
  2.2550	  0.6186	 -0.0317	 -0.1805	  0.0000
  2.4186	  0.6186	 -0.0353	 -0.1590	  0.0000
  2.5823	  0.6186	 -0.0423	 -0.1706	  0.0000
  2.7459	  0.6186	 -0.0488	 -0.1711	  0.0000
  2.9096	  0.6186	 -0.0559	 -0.1777	  0.0000
  3.0732	  0.6186	 -0.0571	 -0.1692	  0.0000
  3.2368	  0.6186	 -0.0559	 -0.1562	  0.0000
  3.4005	  0.6186	 -0.0599	 -0.1774	  0.0000
  3.5641	  0.6186	 -0.0727	 -0.1729	  0.0000
  3.7278	  0.6186	 -0.0793	 -0.1129	  0.0000
  3.8914	  0.6186	 -0.0846	 -0.1001	  0.0000
  4.0551	  0.6186	 -0.0703	 -0.1379	  1.0000
  4.2187	  0.6186	 -0.0727	 -0.1315	  1.0000
  4.3823	  0.6186	 -0.0769	 -0.1890	  0.0000
  4.5460	  0.6186	 -0.0858	 -0.1791	  0.0000
  4.7096	  0.6186	 -0.0780	 -0.0960	  1.0000
  4.8733	  0.6186	 -0.0900	 -0.0744	  0.0000
  5.0369	  0.6186	 -0.0981	 -0.0783	  0.0000
  5.2006	  0.6186	 -0.1032	 -0.0631	  0.0000
  5.3642	  0.6186	 -0.1076	 -0.0363	  0.0000
  5.5278	  0.6186	 -0.0945	 -0.0044	  0.0000
  5.6915	  0.6186	 -0.0893	 -0.0032	  0.0000
  5.8551	  0.6186	 -0.0974	  0.0012	  0.0000
  6.0188	  0.6186	 -0.1029	  0.0086	  0.0000
  6.1824	  0.6186	 -0.1024	 -0.0051	  0.0000
  6.3461	  0.6186	 -0.1031	 -0.0041	  0.0000
  6.5097	  0.6186	 -0.1031	  0.0008	  0.0000
  6.6733	  0.6186	 -0.1058	 -0.0079	  0.0000
  6.8370	  0.6186	 -0.0967	 -0.0055	  0.0000
  7.0006	  0.6186	 -0.0930	  0.0216	  0.0000
  7.1643	  0.6186	 -0.0863	  0.0425	  0.0000
  7.3279	  0.6186	 -0.0745	  0.0616	  0.0000
  0.1276	  0.4549	  0.0298	 -0.1365	  0.0000
  0.2913	  0.4549	  0.0273	 -0.1352	  0.0000
  0.4549	  0.4549	  0.0287	 -0.1383	  0.0000
  0.6186	  0.4549	  0.0164	 -0.1412	  0.0000
  0.7822	  0.4549	  0.0128	 -0.1510	  0.0000
  0.9459	  0.4549	  0.0109	 -0.1629	  0.0000
  1.1095	  0.4549	  0.0112	 -0.1600	  0.0000
  1.2731	  0.4549	  0.0004	 -0.1726	  0.0000
  1.4368	  0.4549	  0.0013	 -0.1806	  0.0000
  1.6004	  0.4549	 -0.0062	 -0.1861	  0.0000
  1.7641	  0.4549	 -0.0094	 -0.1893	  0.0000
  1.9277	  0.4549	 -0.0179	 -0.1845	  0.0000
  2.0914	  0.4549	 -0.0202	 -0.1707	  0.0000
  2.2550	  0.4549	 -0.0328	 -0.1872	  0.0000
  2.4186	  0.4549	 -0.0389	 -0.1827	  0.0000
  2.5823	  0.4549	 -0.0452	 -0.1830	  0.0000
  2.7459	  0.4549	 -0.0519	 -0.2030	  0.0000
  2.9096	  0.4549	 -0.0562	 -0.2085	  0.0000
  3.0732	  0.4549	 -0.0567	 -0.2010	  0.0000
  3.2368	  0.4549	 -0.0552	 -0.2042	  0.0000
  3.4005	  0.4549	 -0.0597	 -0.2008	  0.0000
  3.5641	  0.4549	 -0.0726	 -0.2142	  0.0000
  3.7278	  0.4549	 -0.0857	 -0.1768	  0.0000
  3.8914	  0.4549	 -0.0897	 -0.1242	  0.0000
  4.0551	  0.4549	 -0.0960	 -0.1321	  0.0000
  4.2187	  0.4549	 -0.0737	 -0.1388	  1.0000
  4.3823	  0.4549	 -0.0887	 -0.2072	  0.0000
  4.5460	  0.4549	 -0.0861	 -0.2293	  0.0000
  4.7096	  0.4549	 -0.0802	 -0.2297	  0.0000
  4.8733	  0.4549	 -0.0796	 -0.0863	  1.0000
  5.0369	  0.4549	 -0.0942	 -0.0502	  0.0000
  5.2006	  0.4549	 -0.0964	 -0.0451	  0.0000
  5.3642	  0.4549	 -0.0773	 -0.0294	  1.0000
  5.5278	  0.4549	 -0.0725	  0.0179	  0.0000
  5.6915	  0.4549	 -0.0803	  0.0102	  0.0000
  5.8551	  0.4549	 -0.0877	  0.0015	  0.0000
  6.0188	  0.4549	 -0.0815	 -0.0016	  0.0000
  6.1824	  0.4549	 -0.0722	  0.0174	  0.0000
  6.3461	  0.4549	 -0.0840	  0.0128	  0.0000
  6.5097	  0.4549	 -0.0746	  0.0087	  0.0000
  6.6733	  0.4549	 -0.0531	  0.0049	  0.0000
  6.8370	  0.4549	 -0.0555	  0.0096	  0.0000
  7.0006	  0.4549	 -0.0563	  0.0213	  0.0000
  7.1643	  0.4549	 -0.0545	  0.0495	  0.0000
  7.3279	  0.4549	 -0.0480	  0.0591	  0.0000
  0.1276	  0.2913	  0.0276	 -0.1478	  0.0000
  0.2913	  0.2913	  0.0169	 -0.1348	  0.0000
  0.4549	  0.2913	  0.0174	 -0.1337	  0.0000
  0.6186	  0.2913	  0.0153	 -0.1505	  0.0000
  0.7822	  0.2913	  0.0135	 -0.1713	  0.0000
  0.9459	  0.2913	  0.0120	 -0.1751	  0.0000
  1.1095	  0.2913	  0.0094	 -0.1697	  0.0000
  1.2731	  0.2913	  0.0006	 -0.1950	  0.0000
  1.4368	  0.2913	 -0.0046	 -0.2081	  0.0000
  1.6004	  0.2913	 -0.0088	 -0.2021	  0.0000
  1.7641	  0.2913	 -0.0104	 -0.2033	  0.0000
  1.9277	  0.2913	 -0.0156	 -0.2004	  0.0000
  2.0914	  0.2913	 -0.0280	 -0.2071	  0.0000
  2.2550	  0.2913	 -0.0378	 -0.2095	  0.0000
  2.4186	  0.2913	 -0.0409	 -0.2162	  0.0000
  2.5823	  0.2913	 -0.0469	 -0.2326	  0.0000
  2.7459	  0.2913	 -0.0522	 -0.2262	  0.0000
  2.9096	  0.2913	 -0.0516	 -0.2309	  0.0000
  3.0732	  0.2913	 -0.0537	 -0.2340	  0.0000
  3.2368	  0.2913	 -0.0591	 -0.2300	  0.0000
  3.4005	  0.2913	 -0.0681	 -0.2293	  0.0000
  3.5641	  0.2913	 -0.0682	 -0.2409	  0.0000
  3.7278	  0.2913	 -0.0736	 -0.1996	  0.0000
  3.8914	  0.2913	 -0.0532	 -0.2469	  0.0000
  4.0551	  0.2913	 -0.0719	 -0.1538	  1.0000
  4.2187	  0.2913	 -0.0737	 -0.1457	  1.0000
  4.3823	  0.2913	 -0.0838	 -0.1960	  0.0000
  4.5460	  0.2913	 -0.0756	 -0.1116	  1.0000
  4.7096	  0.2913	 -0.0815	 -0.1907	  0.0000
  4.8733	  0.2913	 -0.0821	 -0.0308	  0.0000
  5.0369	  0.2913	 -0.0550	 -0.0105	  0.0000
  5.2006	  0.2913	 -0.0565	  0.0020	  0.0000
  5.3642	  0.2913	 -0.0548	  0.0091	  0.0000
  5.5278	  0.2913	 -0.0444	  0.0071	  0.0000
  5.6915	  0.2913	 -0.0441	  0.0075	  0.0000
  5.8551	  0.2913	 -0.0219	  0.0145	  0.0000
  6.0188	  0.2913	 -0.0333	  0.0085	  0.0000
  6.1824	  0.2913	 -0.0371	  0.0176	  0.0000
  6.3461	  0.2913	 -0.0399	  0.0199	  0.0000
  6.5097	  0.2913	 -0.0338	  0.0059	  0.0000
  6.6733	  0.2913	 -0.0279	  0.0065	  0.0000
  6.8370	  0.2913	 -0.0301	  0.0093	  0.0000
  7.0006	  0.2913	  0.0016	  0.0260	  0.0000
  7.1643	  0.2913	  0.0190	  0.0458	  0.0000
  7.3279	  0.2913	 -0.0050	  0.0454	  0.0000
  0.1276	  0.1276	  0.0297	 -0.1402	  0.0000
  0.2913	  0.1276	  0.0097	 -0.1414	  0.0000
  0.4549	  0.1276	  0.0146	 -0.1535	  0.0000
  0.6186	  0.1276	  0.0111	 -0.1572	  0.0000
  0.7822	  0.1276	  0.0128	 -0.1737	  0.0000
  0.9459	  0.1276	  0.0144	 -0.1889	  0.0000
  1.1095	  0.1276	  0.0109	 -0.1908	  0.0000
  1.2731	  0.1276	  0.0034	 -0.2030	  0.0000
  1.4368	  0.1276	 -0.0017	 -0.2226	  0.0000
  1.6004	  0.1276	 -0.0104	 -0.2188	  0.0000
  1.7641	  0.1276	 -0.0094	 -0.2394	  0.0000
  1.9277	  0.1276	 -0.0151	 -0.2193	  0.0000
  2.0914	  0.1276	 -0.0293	 -0.2323	  0.0000
  2.2550	  0.1276	 -0.0313	 -0.2332	  0.0000
  2.4186	  0.1276	 -0.0424	 -0.2383	  0.0000
  2.5823	  0.1276	 -0.0414	 -0.2419	  0.0000
  2.7459	  0.1276	 -0.0432	 -0.2545	  0.0000
  2.9096	  0.1276	 -0.0487	 -0.2372	  0.0000
  3.0732	  0.1276	 -0.0499	 -0.2322	  0.0000
  3.2368	  0.1276	 -0.0663	 -0.2262	  0.0000
  3.4005	  0.1276	 -0.0720	 -0.2446	  0.0000
  3.5641	  0.1276	 -0.0597	 -0.2463	  0.0000
  3.7278	  0.1276	 -0.0511	 -0.2752	  0.0000
  3.8914	  0.1276	 -0.0547	 -0.2267	  0.0000
  4.0551	  0.1276	 -0.0703	 -0.1980	  0.0000
  4.2187	  0.1276	 -0.0259	  0.0390	  0.0000
  4.3823	  0.1276	 -0.0446	  0.0309	  0.0000
  4.5460	  0.1276	 -0.0677	  0.0077	  0.0000
  4.7096	  0.1276	 -0.0728	 -0.0874	  1.0000
  4.8733	  0.1276	 -0.0484	 -0.0089	  0.0000
  5.0369	  0.1276	 -0.0462	  0.0127	  0.0000
  5.2006	  0.1276	 -0.0205	  0.0409	  0.0000
  5.3642	  0.1276	 -0.0056	  0.0410	  0.0000
  5.5278	  0.1276	 -0.0055	  0.0267	  0.0000
  5.6915	  0.1276	 -0.0027	  0.0283	  0.0000
  5.8551	  0.1276	 -0.0012	  0.0339	  0.0000
  6.0188	  0.1276	  0.0133	  0.0080	  0.0000
  6.1824	  0.1276	  0.0109	  0.0148	  0.0000
  6.3461	  0.1276	 -0.0042	  0.0283	  0.0000
  6.5097	  0.1276	  0.0103	  0.0333	  0.0000
  6.6733	  0.1276	  0.0013	  0.0241	  0.0000
  6.8370	  0.1276	  0.0286	  0.0463	  0.0000
  7.0006	  0.1276	  0.0292	  0.0373	  0.0000
  7.1643	  0.1276	  0.0252	  0.0429	  0.0000
  7.3279	  0.1276	  0.0249	  0.0422	  0.0000
