  0.1276	  1.9277	  0.0643	 -0.0028	  0.0000
  0.2913	  1.9277	  0.0618	  0.0003	  0.0000
  0.4549	  1.9277	  0.0572	 -0.0007	  0.0000
  0.6186	  1.9277	  0.0513	 -0.0043	  0.0000
  0.7822	  1.9277	  0.0463	 -0.0035	  0.0000
  0.9459	  1.9277	  0.0422	 -0.0044	  0.0000
  1.1095	  1.9277	  0.0362	 -0.0062	  0.0000
  1.2731	  1.9277	  0.0414	 -0.0060	  0.0000
  1.4368	  1.9277	  0.0424	 -0.0095	  0.0000
  1.6004	  1.9277	  0.0385	 -0.0100	  0.0000
  1.7641	  1.9277	  0.0346	 -0.0084	  0.0000
  1.9277	  1.9277	  0.0492	 -0.0112	  0.0000
  2.0914	  1.9277	  0.0399	 -0.0138	  0.0000
  2.2550	  1.9277	  0.0449	 -0.0102	  0.0000
  2.4186	  1.9277	  0.0439	 -0.0136	  0.0000
  2.5823	  1.9277	  0.0448	 -0.0162	  0.0000
  2.7459	  1.9277	  0.0398	 -0.0164	  0.0000
  2.9096	  1.9277	  0.0393	 -0.0181	  0.0000
  3.0732	  1.9277	  0.0365	 -0.0168	  0.0000
  3.2368	  1.9277	  0.0336	 -0.0215	  0.0000
  3.4005	  1.9277	  0.0354	 -0.0211	  0.0000
  3.5641	  1.9277	  0.0330	 -0.0234	  0.0000
  3.7278	  1.9277	  0.0326	 -0.0225	  0.0000
  3.8914	  1.9277	  0.0270	 -0.0204	  0.0000
  4.0551	  1.9277	  0.0232	 -0.0250	  0.0000
  4.2187	  1.9277	  0.0245	 -0.0357	  0.0000
  4.3823	  1.9277	  0.0254	 -0.0308	  0.0000
  4.5460	  1.9277	  0.0254	 -0.0213	  0.0000
  4.7096	  1.9277	  0.0215	 -0.0279	  0.0000
  4.8733	  1.9277	  0.0182	 -0.0360	  0.0000
  5.0369	  1.9277	  0.0167	 -0.0321	  0.0000
  5.2006	  1.9277	  0.0139	 -0.0359	  0.0000
  5.3642	  1.9277	  0.0088	 -0.0339	  0.0000
  5.5278	  1.9277	  0.0062	 -0.0375	  0.0000
  5.6915	  1.9277	  0.0029	 -0.0415	  0.0000
  5.8551	  1.9277	  0.0014	 -0.0356	  0.0000
  6.0188	  1.9277	 -0.0017	 -0.0308	  0.0000
  6.1824	  1.9277	 -0.0029	 -0.0311	  0.0000
  6.3461	  1.9277	 -0.0078	 -0.0351	  0.0000
  6.5097	  1.9277	 -0.0085	 -0.0254	  0.0000
  6.6733	  1.9277	 -0.0098	 -0.0234	  0.0000
  6.8370	  1.9277	 -0.0107	 -0.0150	  0.0000
  7.0006	  1.9277	 -0.0086	 -0.0138	  0.0000
  7.1643	  1.9277	 -0.0110	 -0.0109	  0.0000
  7.3279	  1.9277	 -0.0108	 -0.0046	  0.0000
  0.1276	  1.7641	  0.0549	 -0.0031	  0.0000
  0.2913	  1.7641	  0.0596	 -0.0060	  0.0000
  0.4549	  1.7641	  0.0531	 -0.0023	  0.0000
  0.6186	  1.7641	  0.0500	 -0.0007	  0.0000
  0.7822	  1.7641	  0.0586	 -0.0021	  0.0000
  0.9459	  1.7641	  0.0473	 -0.0027	  0.0000
  1.1095	  1.7641	  0.0348	 -0.0067	  0.0000
  1.2731	  1.7641	  0.0371	 -0.0066	  0.0000
  1.4368	  1.7641	  0.0343	 -0.0088	  0.0000
  1.6004	  1.7641	  0.0367	 -0.0091	  0.0000
  1.7641	  1.7641	  0.0370	 -0.0094	  0.0000
  1.9277	  1.7641	  0.0413	 -0.0120	  0.0000
  2.0914	  1.7641	  0.0499	 -0.0154	  0.0000
  2.2550	  1.7641	  0.0475	 -0.0150	  0.0000
  2.4186	  1.7641	  0.0402	 -0.0159	  0.0000
  2.5823	  1.7641	  0.0430	 -0.0166	  0.0000
  2.7459	  1.7641	  0.0449	 -0.0191	  0.0000
  2.9096	  1.7641	  0.0401	 -0.0224	  0.0000
  3.0732	  1.7641	  0.0395	 -0.0222	  0.0000
  3.2368	  1.7641	  0.0422	 -0.0195	  0.0000
  3.4005	  1.7641	  0.0384	 -0.0222	  0.0000
  3.5641	  1.7641	  0.0375	 -0.0278	  0.0000
  3.7278	  1.7641	  0.0306	 -0.0274	  0.0000
  3.8914	  1.7641	  0.0318	 -0.0271	  0.0000
  4.0551	  1.7641	  0.0268	 -0.0361	  0.0000
  4.2187	  1.7641	  0.0276	 -0.0331	  0.0000
  4.3823	  1.7641	  0.0255	 -0.0320	  0.0000
  4.5460	  1.7641	  0.0242	 -0.0320	  0.0000
  4.7096	  1.7641	  0.0219	 -0.0372	  0.0000
  4.8733	  1.7641	  0.0178	 -0.0391	  0.0000
  5.0369	  1.7641	  0.0182	 -0.0307	  0.0000
  5.2006	  1.7641	  0.0123	 -0.0386	  0.0000
  5.3642	  1.7641	  0.0098	 -0.0433	  0.0000
  5.5278	  1.7641	  0.0077	 -0.0439	  0.0000
  5.6915	  1.7641	  0.0033	 -0.0363	  0.0000
  5.8551	  1.7641	  0.0022	 -0.0363	  0.0000
  6.0188	  1.7641	 -0.0035	 -0.0404	  0.0000
  6.1824	  1.7641	 -0.0051	 -0.0359	  0.0000
  6.3461	  1.7641	 -0.0102	 -0.0358	  0.0000
  6.5097	  1.7641	 -0.0130	 -0.0298	  0.0000
  6.6733	  1.7641	 -0.0099	 -0.0242	  0.0000
  6.8370	  1.7641	 -0.0124	 -0.0197	  0.0000
  7.0006	  1.7641	 -0.0132	 -0.0176	  0.0000
  7.1643	  1.7641	 -0.0109	 -0.0076	  0.0000
  7.3279	  1.7641	 -0.0125	  0.0037	  0.0000
  0.1276	  1.6004	  0.0515	 -0.0048	  0.0000
  0.2913	  1.6004	  0.0533	 -0.0028	  0.0000
  0.4549	  1.6004	  0.0426	 -0.0024	  0.0000
  0.6186	  1.6004	  0.0542	 -0.0041	  0.0000
  0.7822	  1.6004	  0.0596	 -0.0022	  0.0000
  0.9459	  1.6004	  0.0490	 -0.0046	  0.0000
  1.1095	  1.6004	  0.0432	 -0.0081	  0.0000
  1.2731	  1.6004	  0.0426	 -0.0113	  0.0000
  1.4368	  1.6004	  0.0444	 -0.0116	  0.0000
  1.6004	  1.6004	  0.0403	 -0.0131	  0.0000
  1.7641	  1.6004	  0.0388	 -0.0114	  0.0000
  1.9277	  1.6004	  0.0391	 -0.0144	  0.0000
  2.0914	  1.6004	  0.0497	 -0.0153	  0.0000
  2.2550	  1.6004	  0.0428	 -0.0158	  0.0000
  2.4186	  1.6004	  0.0431	 -0.0165	  0.0000
  2.5823	  1.6004	  0.0400	 -0.0178	  0.0000
  2.7459	  1.6004	  0.0425	 -0.0218	  0.0000
  2.9096	  1.6004	  0.0401	 -0.0234	  0.0000
  3.0732	  1.6004	  0.0407	 -0.0236	  0.0000
  3.2368	  1.6004	  0.0385	 -0.0278	  0.0000
  3.4005	  1.6004	  0.0340	 -0.0287	  0.0000
  3.5641	  1.6004	  0.0349	 -0.0304	  0.0000
  3.7278	  1.6004	  0.0330	 -0.0267	  0.0000
  3.8914	  1.6004	  0.0329	 -0.0341	  0.0000
  4.0551	  1.6004	  0.0302	 -0.0303	  0.0000
  4.2187	  1.6004	  0.0308	 -0.0332	  0.0000
  4.3823	  1.6004	  0.0261	 -0.0370	  0.0000
  4.5460	  1.6004	  0.0259	 -0.0364	  0.0000
  4.7096	  1.6004	  0.0242	 -0.0366	  0.0000
  4.8733	  1.6004	  0.0200	 -0.0414	  0.0000
  5.0369	  1.6004	  0.0158	 -0.0450	  0.0000
  5.2006	  1.6004	  0.0115	 -0.0486	  0.0000
  5.3642	  1.6004	  0.0084	 -0.0549	  0.0000
  5.5278	  1.6004	  0.0066	 -0.0490	  0.0000
  5.6915	  1.6004	  0.0028	 -0.0485	  0.0000
  5.8551	  1.6004	  0.0001	 -0.0431	  0.0000
  6.0188	  1.6004	 -0.0072	 -0.0481	  0.0000
  6.1824	  1.6004	 -0.0095	 -0.0355	  0.0000
  6.3461	  1.6004	 -0.0104	 -0.0308	  0.0000
  6.5097	  1.6004	 -0.0157	 -0.0403	  0.0000
  6.6733	  1.6004	 -0.0165	 -0.0293	  0.0000
  6.8370	  1.6004	 -0.0189	 -0.0274	  0.0000
  7.0006	  1.6004	 -0.0179	 -0.0243	  0.0000
  7.1643	  1.6004	 -0.0186	 -0.0090	  0.0000
  7.3279	  1.6004	 -0.0196	  0.0021	  0.0000
  0.1276	  1.4368	  0.0502	 -0.0053	  0.0000
  0.2913	  1.4368	  0.0446	 -0.0067	  0.0000
  0.4549	  1.4368	  0.0427	 -0.0069	  0.0000
  0.6186	  1.4368	  0.0488	 -0.0066	  0.0000
  0.7822	  1.4368	  0.0451	 -0.0044	  0.0000
  0.9459	  1.4368	  0.0494	 -0.0075	  0.0000
  1.1095	  1.4368	  0.0536	 -0.0071	  0.0000
  1.2731	  1.4368	  0.0445	 -0.0107	  0.0000
  1.4368	  1.4368	  0.0518	 -0.0119	  0.0000
  1.6004	  1.4368	  0.0459	 -0.0116	  0.0000
  1.7641	  1.4368	  0.0431	 -0.0143	  0.0000
  1.9277	  1.4368	  0.0424	 -0.0162	  0.0000
  2.0914	  1.4368	  0.0451	 -0.0173	  0.0000
  2.2550	  1.4368	  0.0421	 -0.0192	  0.0000
  2.4186	  1.4368	  0.0456	 -0.0210	  0.0000
  2.5823	  1.4368	  0.0391	 -0.0262	  0.0000
  2.7459	  1.4368	  0.0376	 -0.0294	  0.0000
  2.9096	  1.4368	  0.0368	 -0.0278	  0.0000
  3.0732	  1.4368	  0.0356	 -0.0281	  0.0000
  3.2368	  1.4368	  0.0382	 -0.0317	  0.0000
  3.4005	  1.4368	  0.0409	 -0.0300	  0.0000
  3.5641	  1.4368	  0.0383	 -0.0332	  0.0000
  3.7278	  1.4368	  0.0392	 -0.0336	  0.0000
  3.8914	  1.4368	  0.0386	 -0.0355	  0.0000
  4.0551	  1.4368	  0.0337	 -0.0412	  0.0000
  4.2187	  1.4368	  0.0342	 -0.0501	  0.0000
  4.3823	  1.4368	  0.0300	 -0.0499	  0.0000
  4.5460	  1.4368	  0.0248	 -0.0414	  0.0000
  4.7096	  1.4368	  0.0250	 -0.0418	  0.0000
  4.8733	  1.4368	  0.0214	 -0.0470	  0.0000
  5.0369	  1.4368	  0.0174	 -0.0501	  0.0000
  5.2006	  1.4368	  0.0142	 -0.0522	  0.0000
  5.3642	  1.4368	  0.0099	 -0.0600	  0.0000
  5.5278	  1.4368	  0.0074	 -0.0552	  0.0000
  5.6915	  1.4368	  0.0009	 -0.0458	  0.0000
  5.8551	  1.4368	 -0.0032	 -0.0428	  0.0000
  6.0188	  1.4368	 -0.0089	 -0.0477	  0.0000
  6.1824	  1.4368	 -0.0103	 -0.0317	  0.0000
  6.3461	  1.4368	 -0.0128	 -0.0289	  0.0000
  6.5097	  1.4368	 -0.0188	 -0.0388	  0.0000
  6.6733	  1.4368	 -0.0251	 -0.0402	  0.0000
  6.8370	  1.4368	 -0.0160	 -0.0203	  0.0000
  7.0006	  1.4368	 -0.0158	 -0.0151	  0.0000
  7.1643	  1.4368	 -0.0211	 -0.0114	  0.0000
  7.3279	  1.4368	 -0.0378	 -0.0279	  0.0000
  0.1276	  1.2731	  0.0490	 -0.0090	  0.0000
  0.2913	  1.2731	  0.0422	 -0.0088	  0.0000
  0.4549	  1.2731	  0.0440	 -0.0109	  0.0000
  0.6186	  1.2731	  0.0483	 -0.0071	  0.0000
  0.7822	  1.2731	  0.0418	 -0.0119	  0.0000
  0.9459	  1.2731	  0.0496	 -0.0139	  0.0000
  1.1095	  1.2731	  0.0642	 -0.0096	  0.0000
  1.2731	  1.2731	  0.0543	 -0.0125	  0.0000
  1.4368	  1.2731	  0.0515	 -0.0125	  0.0000
  1.6004	  1.2731	  0.0524	 -0.0167	  0.0000
  1.7641	  1.2731	  0.0472	 -0.0164	  0.0000
  1.9277	  1.2731	  0.0521	 -0.0173	  0.0000
  2.0914	  1.2731	  0.0541	 -0.0220	  0.0000
  2.2550	  1.2731	  0.0523	 -0.0225	  0.0000
  2.4186	  1.2731	  0.0457	 -0.0264	  0.0000
  2.5823	  1.2731	  0.0441	 -0.0272	  0.0000
  2.7459	  1.2731	  0.0411	 -0.0295	  0.0000
  2.9096	  1.2731	  0.0395	 -0.0325	  0.0000
  3.0732	  1.2731	  0.0405	 -0.0325	  0.0000
  3.2368	  1.2731	  0.0413	 -0.0342	  0.0000
  3.4005	  1.2731	  0.0434	 -0.0380	  0.0000
  3.5641	  1.2731	  0.0409	 -0.0381	  0.0000
  3.7278	  1.2731	  0.0394	 -0.0406	  0.0000
  3.8914	  1.2731	  0.0406	 -0.0473	  0.0000
  4.0551	  1.2731	  0.0360	 -0.0425	  0.0000
  4.2187	  1.2731	  0.0343	 -0.0488	  0.0000
  4.3823	  1.2731	  0.0315	 -0.0443	  0.0000
  4.5460	  1.2731	  0.0290	 -0.0502	  0.0000
  4.7096	  1.2731	  0.0292	 -0.0584	  0.0000
  4.8733	  1.2731	  0.0229	 -0.0643	  0.0000
  5.0369	  1.2731	  0.0165	 -0.0644	  0.0000
  5.2006	  1.2731	  0.0147	 -0.0517	  0.0000
  5.3642	  1.2731	  0.0080	 -0.0480	  0.0000
  5.5278	  1.2731	  0.0077	 -0.0447	  0.0000
  5.6915	  1.2731	  0.0020	 -0.0531	  0.0000
  5.8551	  1.2731	 -0.0020	 -0.0428	  0.0000
  6.0188	  1.2731	 -0.0047	 -0.0490	  0.0000
  6.1824	  1.2731	 -0.0098	 -0.0397	  0.0000
  6.3461	  1.2731	 -0.0190	 -0.0515	  0.0000
  6.5097	  1.2731	 -0.0219	 -0.0550	  0.0000
  6.6733	  1.2731	 -0.0283	 -0.0484	  0.0000
  6.8370	  1.2731	 -0.0242	 -0.0267	  0.0000
  7.0006	  1.2731	 -0.0189	 -0.0120	  0.0000
  7.1643	  1.2731	 -0.0202	 -0.0034	  0.0000
  7.3279	  1.2731	 -0.0282	 -0.0210	  0.0000
  0.1276	  1.1095	  0.0382	 -0.0128	  0.0000
  0.2913	  1.1095	  0.0470	 -0.0071	  0.0000
  0.4549	  1.1095	  0.0373	 -0.0115	  0.0000
  0.6186	  1.1095	  0.0420	 -0.0093	  0.0000
  0.7822	  1.1095	  0.0451	 -0.0113	  0.0000
  0.9459	  1.1095	  0.0441	 -0.0150	  0.0000
  1.1095	  1.1095	  0.0523	 -0.0108	  0.0000
  1.2731	  1.1095	  0.0544	 -0.0115	  0.0000
  1.4368	  1.1095	  0.0497	 -0.0152	  0.0000
  1.6004	  1.1095	  0.0504	 -0.0179	  0.0000
  1.7641	  1.1095	  0.0481	 -0.0170	  0.0000
  1.9277	  1.1095	  0.0530	 -0.0215	  0.0000
  2.0914	  1.1095	  0.0526	 -0.0223	  0.0000
  2.2550	  1.1095	  0.0557	 -0.0244	  0.0000
  2.4186	  1.1095	  0.0494	 -0.0283	  0.0000
  2.5823	  1.1095	  0.0484	 -0.0302	  0.0000
  2.7459	  1.1095	  0.0486	 -0.0309	  0.0000
  2.9096	  1.1095	  0.0469	 -0.0344	  0.0000
  3.0732	  1.1095	  0.0454	 -0.0363	  0.0000
  3.2368	  1.1095	  0.0448	 -0.0365	  0.0000
  3.4005	  1.1095	  0.0452	 -0.0359	  0.0000
  3.5641	  1.1095	  0.0420	 -0.0400	  0.0000
  3.7278	  1.1095	  0.0397	 -0.0490	  0.0000
  3.8914	  1.1095	  0.0423	 -0.0397	  0.0000
  4.0551	  1.1095	  0.0381	 -0.0476	  0.0000
  4.2187	  1.1095	  0.0425	 -0.0503	  0.0000
  4.3823	  1.1095	  0.0395	 -0.0492	  0.0000
  4.5460	  1.1095	  0.0331	 -0.0558	  0.0000
  4.7096	  1.1095	  0.0305	 -0.0689	  0.0000
  4.8733	  1.1095	  0.0302	 -0.0760	  0.0000
  5.0369	  1.1095	  0.0243	 -0.0794	  0.0000
  5.2006	  1.1095	  0.0173	 -0.0722	  0.0000
  5.3642	  1.1095	  0.0119	 -0.0789	  0.0000
  5.5278	  1.1095	  0.0049	 -0.0699	  0.0000
  5.6915	  1.1095	 -0.0018	 -0.0599	  0.0000
  5.8551	  1.1095	 -0.0037	 -0.0659	  0.0000
  6.0188	  1.1095	 -0.0045	 -0.0659	  0.0000
  6.1824	  1.1095	 -0.0084	 -0.0529	  0.0000
  6.3461	  1.1095	 -0.0183	 -0.0495	  0.0000
  6.5097	  1.1095	 -0.0189	 -0.0446	  0.0000
  6.6733	  1.1095	 -0.0262	 -0.0461	  0.0000
  6.8370	  1.1095	 -0.0263	 -0.0397	  0.0000
  7.0006	  1.1095	 -0.0343	 -0.0312	  0.0000
  7.1643	  1.1095	 -0.0367	 -0.0266	  0.0000
  7.3279	  1.1095	 -0.0454	 -0.0327	  0.0000
  0.1276	  0.9459	  0.0304	 -0.0258	  0.0000
  0.2913	  0.9459	  0.0352	 -0.0148	  0.0000
  0.4549	  0.9459	  0.0336	 -0.0129	  0.0000
  0.6186	  0.9459	  0.0410	 -0.0100	  0.0000
  0.7822	  0.9459	  0.0374	 -0.0124	  0.0000
  0.9459	  0.9459	  0.0399	 -0.0154	  0.0000
  1.1095	  0.9459	  0.0464	 -0.0121	  0.0000
  1.2731	  0.9459	  0.0414	 -0.0132	  0.0000
  1.4368	  0.9459	  0.0391	 -0.0159	  0.0000
  1.6004	  0.9459	  0.0453	 -0.0186	  0.0000
  1.7641	  0.9459	  0.0483	 -0.0214	  0.0000
  1.9277	  0.9459	  0.0491	 -0.0213	  0.0000
  2.0914	  0.9459	  0.0579	 -0.0170	  0.0000
  2.2550	  0.9459	  0.0463	 -0.0263	  0.0000
  2.4186	  0.9459	  0.0484	 -0.0329	  0.0000
  2.5823	  0.9459	  0.0457	 -0.0354	  0.0000
  2.7459	  0.9459	  0.0473	 -0.0359	  0.0000
  2.9096	  0.9459	  0.0454	 -0.0401	  0.0000
  3.0732	  0.9459	  0.0451	 -0.0445	  0.0000
  3.2368	  0.9459	  0.0442	 -0.0440	  0.0000
  3.4005	  0.9459	  0.0455	 -0.0455	  0.0000
  3.5641	  0.9459	  0.0468	 -0.0490	  0.0000
  3.7278	  0.9459	  0.0439	 -0.0421	  0.0000
  3.8914	  0.9459	  0.0429	 -0.0466	  0.0000
  4.0551	  0.9459	  0.0425	 -0.0550	  0.0000
  4.2187	  0.9459	  0.0430	 -0.0580	  0.0000
  4.3823	  0.9459	  0.0454	 -0.0800	  0.0000
  4.5460	  0.9459	  0.0418	 -0.0766	  0.0000
  4.7096	  0.9459	  0.0350	 -0.0736	  0.0000
  4.8733	  0.9459	  0.0329	 -0.0689	  0.0000
  5.0369	  0.9459	  0.0262	 -0.0785	  0.0000
  5.2006	  0.9459	  0.0160	 -0.0828	  0.0000
  5.3642	  0.9459	  0.0119	 -0.0851	  0.0000
  5.5278	  0.9459	  0.0086	 -0.0868	  0.0000
  5.6915	  0.9459	 -0.0003	 -0.0740	  0.0000
  5.8551	  0.9459	 -0.0003	 -0.0757	  0.0000
  6.0188	  0.9459	 -0.0067	 -0.0618	  0.0000
  6.1824	  0.9459	 -0.0082	 -0.0522	  0.0000
  6.3461	  0.9459	 -0.0141	 -0.0573	  0.0000
  6.5097	  0.9459	 -0.0189	 -0.0462	  0.0000
  6.6733	  0.9459	 -0.0203	 -0.0393	  0.0000
  6.8370	  0.9459	 -0.0067	 -0.0120	  0.0000
  7.0006	  0.9459	 -0.0330	 -0.0378	  0.0000
  7.1643	  0.9459	 -0.0454	 -0.0710	  0.0000
  7.3279	  0.9459	 -0.0470	 -0.0681	  0.0000
  0.1276	  0.7822	  0.0259	 -0.0259	  0.0000
  0.2913	  0.7822	  0.0222	 -0.0214	  0.0000
  0.4549	  0.7822	  0.0282	 -0.0010	  0.0000
  0.6186	  0.7822	  0.0333	 -0.0046	  0.0000
  0.7822	  0.7822	  0.0274	 -0.0123	  0.0000
  0.9459	  0.7822	  0.0352	 -0.0108	  0.0000
  1.1095	  0.7822	  0.0447	 -0.0071	  0.0000
  1.2731	  0.7822	  0.0344	 -0.0067	  0.0000
  1.4368	  0.7822	  0.0392	 -0.0090	  0.0000
  1.6004	  0.7822	  0.0475	 -0.0119	  0.0000
  1.7641	  0.7822	  0.0498	 -0.0162	  0.0000
  1.9277	  0.7822	  0.0485	 -0.0195	  0.0000
  2.0914	  0.7822	  0.0567	 -0.0146	  0.0000
  2.2550	  0.7822	  0.0458	 -0.0251	  0.0000
  2.4186	  0.7822	  0.0482	 -0.0289	  0.0000
  2.5823	  0.7822	  0.0502	 -0.0289	  0.0000
  2.7459	  0.7822	  0.0527	 -0.0376	  0.0000
  2.9096	  0.7822	  0.0477	 -0.0421	  0.0000
  3.0732	  0.7822	  0.0474	 -0.0474	  0.0000
  3.2368	  0.7822	  0.0480	 -0.0474	  0.0000
  3.4005	  0.7822	  0.0473	 -0.0483	  0.0000
  3.5641	  0.7822	  0.0480	 -0.0543	  0.0000
  3.7278	  0.7822	  0.0462	 -0.0543	  0.0000
  3.8914	  0.7822	  0.0442	 -0.0531	  0.0000
  4.0551	  0.7822	  0.0459	 -0.0547	  0.0000
  4.2187	  0.7822	  0.0446	 -0.0625	  0.0000
  4.3823	  0.7822	  0.0464	 -0.0838	  0.0000
  4.5460	  0.7822	  0.0463	 -0.0903	  0.0000
  4.7096	  0.7822	  0.0430	 -0.0928	  0.0000
  4.8733	  0.7822	  0.0396	 -0.0933	  0.0000
  5.0369	  0.7822	  0.0389	 -0.0840	  0.0000
  5.2006	  0.7822	  0.0281	 -0.0972	  0.0000
  5.3642	  0.7822	  0.0206	 -0.0904	  0.0000
  5.5278	  0.7822	  0.0132	 -0.0871	  0.0000
  5.6915	  0.7822	  0.0035	 -0.0863	  0.0000
  5.8551	  0.7822	  0.0004	 -0.0839	  0.0000
  6.0188	  0.7822	 -0.0022	 -0.0600	  0.0000
  6.1824	  0.7822	 -0.0008	 -0.0419	  0.0000
  6.3461	  0.7822	  0.0069	 -0.0197	  0.0000
  6.5097	  0.7822	 -0.0163	 -0.1102	  0.0000
  6.6733	  0.7822	 -0.0152	 -0.0713	  0.0000
  6.8370	  0.7822	 -0.0164	 -0.0343	  0.0000
  7.0006	  0.7822	 -0.0166	 -0.0332	  0.0000
  7.1643	  0.7822	 -0.0313	 -0.0662	  0.0000
  7.3279	  0.7822	 -0.0179	 -0.0187	  0.0000
  0.1276	  0.6186	  0.0172	 -0.0255	  0.0000
  0.2913	  0.6186	  0.0115	 -0.0220	  0.0000
  0.4549	  0.6186	  0.0140	 -0.0141	  0.0000
  0.6186	  0.6186	  0.0196	 -0.0131	  0.0000
  0.7822	  0.6186	  0.0213	 -0.0166	  0.0000
  0.9459	  0.6186	  0.0231	 -0.0143	  0.0000
  1.1095	  0.6186	  0.0250	  0.0000	  0.0000
  1.2731	  0.6186	  0.0300	 -0.0075	  0.0000
  1.4368	  0.6186	  0.0342	 -0.0128	  0.0000
  1.6004	  0.6186	  0.0429	 -0.0100	  0.0000
  1.7641	  0.6186	  0.0414	 -0.0128	  0.0000
  1.9277	  0.6186	  0.0463	 -0.0200	  0.0000
  2.0914	  0.6186	  0.0524	 -0.0162	  0.0000
  2.2550	  0.6186	  0.0475	 -0.0281	  0.0000
  2.4186	  0.6186	  0.0564	 -0.0237	  0.0000
  2.5823	  0.6186	  0.0514	 -0.0291	  0.0000
  2.7459	  0.6186	  0.0581	 -0.0371	  0.0000
  2.9096	  0.6186	  0.0544	 -0.0371	  0.0000
  3.0732	  0.6186	  0.0552	 -0.0488	  0.0000
  3.2368	  0.6186	  0.0528	 -0.0541	  0.0000
  3.4005	  0.6186	  0.0505	 -0.0522	  0.0000
  3.5641	  0.6186	  0.0509	 -0.0590	  0.0000
  3.7278	  0.6186	  0.0498	 -0.0584	  0.0000
  3.8914	  0.6186	  0.0494	 -0.0565	  0.0000
  4.0551	  0.6186	  0.0511	 -0.0527	  0.0000
  4.2187	  0.6186	  0.0539	 -0.0566	  0.0000
  4.3823	  0.6186	  0.0560	 -0.0790	  0.0000
  4.5460	  0.6186	  0.0524	 -0.0910	  0.0000
  4.7096	  0.6186	  0.0490	 -0.0811	  0.0000
  4.8733	  0.6186	  0.0483	 -0.0886	  0.0000
  5.0369	  0.6186	  0.0457	 -0.0968	  0.0000
  5.2006	  0.6186	  0.0400	 -0.1010	  0.0000
  5.3642	  0.6186	  0.0343	 -0.0919	  0.0000
  5.5278	  0.6186	  0.0189	 -0.0715	  0.0000
  5.6915	  0.6186	  0.0102	 -0.0587	  0.0000
  5.8551	  0.6186	  0.0052	 -0.0507	  0.0000
  6.0188	  0.6186	 -0.0002	 -0.0417	  0.0000
  6.1824	  0.6186	  0.0004	 -0.0664	  0.0000
  6.3461	  0.6186	  0.0063	 -0.0242	  0.0000
  6.5097	  0.6186	  0.0132	 -0.0078	  0.0000
  6.6733	  0.6186	  0.0044	 -0.1404	  0.0000
  6.8370	  0.6186	 -0.0106	 -0.1005	  0.0000
  7.0006	  0.6186	  0.0378	 -0.0103	  0.0000
  7.1643	  0.6186	  0.0120	 -0.0338	  0.0000
  7.3279	  0.6186	 -0.0070	 -0.0321	  0.0000
  0.1276	  0.4549	  0.0066	 -0.0301	  0.0000
  0.2913	  0.4549	  0.0073	 -0.0264	  0.0000
  0.4549	  0.4549	  0.0078	 -0.0074	  0.0000
  0.6186	  0.4549	  0.0069	 -0.0050	  0.0000
  0.7822	  0.4549	  0.0099	  0.0010	  0.0000
  0.9459	  0.4549	  0.0139	 -0.0045	  0.0000
  1.1095	  0.4549	  0.0155	 -0.0025	  0.0000
  1.2731	  0.4549	  0.0261	 -0.0020	  0.0000
  1.4368	  0.4549	  0.0313	 -0.0088	  0.0000
  1.6004	  0.4549	  0.0338	 -0.0054	  0.0000
  1.7641	  0.4549	  0.0424	 -0.0015	  0.0000
  1.9277	  0.4549	  0.0434	 -0.0070	  0.0000
  2.0914	  0.4549	  0.0527	 -0.0069	  0.0000
  2.2550	  0.4549	  0.0549	 -0.0155	  0.0000
  2.4186	  0.4549	  0.0589	 -0.0190	  0.0000
  2.5823	  0.4549	  0.0627	 -0.0187	  0.0000
  2.7459	  0.4549	  0.0558	 -0.0422	  0.0000
  2.9096	  0.4549	  0.0603	 -0.0460	  0.0000
  3.0732	  0.4549	  0.0598	 -0.0509	  0.0000
  3.2368	  0.4549	  0.0588	 -0.0546	  0.0000
  3.4005	  0.4549	  0.0580	 -0.0614	  0.0000
  3.5641	  0.4549	  0.0620	 -0.0671	  0.0000
  3.7278	  0.4549	  0.0601	 -0.0599	  0.0000
  3.8914	  0.4549	  0.0585	 -0.0554	  0.0000
  4.0551	  0.4549	  0.0620	 -0.0592	  0.0000
  4.2187	  0.4549	  0.0575	 -0.0629	  0.0000
  4.3823	  0.4549	  0.0618	 -0.0787	  0.0000
  4.5460	  0.4549	  0.0657	 -0.0782	  0.0000
  4.7096	  0.4549	  0.0727	 -0.0662	  0.0000
  4.8733	  0.4549	  0.0678	 -0.0965	  0.0000
  5.0369	  0.4549	  0.0652	 -0.1084	  0.0000
  5.2006	  0.4549	  0.0589	 -0.1161	  0.0000
  5.3642	  0.4549	  0.0520	 -0.1018	  0.0000
  5.5278	  0.4549	  0.0526	 -0.1261	  0.0000
  5.6915	  0.4549	  0.0194	 -0.0482	  0.0000
  5.8551	  0.4549	  0.0165	 -0.0741	  0.0000
  6.0188	  0.4549	  0.0323	 -0.1391	  0.0000
  6.1824	  0.4549	 -0.0014	 -0.0205	  0.0000
  6.3461	  0.4549	  0.0012	 -0.0393	  0.0000
  6.5097	  0.4549	  0.0126	 -0.0278	  0.0000
  6.6733	  0.4549	  0.0390	 -0.0607	  0.0000
  6.8370	  0.4549	 -0.0349	 -0.0783	  1.0000
  7.0006	  0.4549	  0.0609	 -0.0436	  0.0000
  7.1643	  0.4549	  0.0398	 -0.0468	  0.0000
  7.3279	  0.4549	  0.0207	 -0.0427	  0.0000
  0.1276	  0.2913	 -0.0035	 -0.0224	  0.0000
  0.2913	  0.2913	 -0.0036	 -0.0089	  0.0000
  0.4549	  0.2913	 -0.0011	  0.0033	  0.0000
  0.6186	  0.2913	 -0.0023	  0.0083	  0.0000
  0.7822	  0.2913	 -0.0000	  0.0167	  0.0000
  0.9459	  0.2913	  0.0069	  0.0019	  0.0000
  1.1095	  0.2913	  0.0123	 -0.0046	  0.0000
  1.2731	  0.2913	  0.0231	  0.0002	  0.0000
  1.4368	  0.2913	  0.0281	  0.0152	  0.0000
  1.6004	  0.2913	  0.0314	  0.0099	  0.0000
  1.7641	  0.2913	  0.0394	 -0.0032	  0.0000
  1.9277	  0.2913	  0.0443	 -0.0038	  0.0000
  2.0914	  0.2913	  0.0519	 -0.0020	  0.0000
  2.2550	  0.2913	  0.0563	 -0.0075	  0.0000
  2.4186	  0.2913	  0.0559	 -0.0266	  0.0000
  2.5823	  0.2913	  0.0687	 -0.0221	  0.0000
  2.7459	  0.2913	  0.0617	 -0.0370	  0.0000
  2.9096	  0.2913	  0.0673	 -0.0471	  0.0000
  3.0732	  0.2913	  0.0686	 -0.0512	  0.0000
  3.2368	  0.2913	  0.0666	 -0.0510	  0.0000
  3.4005	  0.2913	  0.0675	 -0.0497	  0.0000
  3.5641	  0.2913	  0.0697	 -0.0532	  0.0000
  3.7278	  0.2913	  0.0709	 -0.0557	  0.0000
  3.8914	  0.2913	  0.0697	 -0.0572	  0.0000
  4.0551	  0.2913	  0.0722	 -0.0602	  0.0000
  4.2187	  0.2913	  0.0730	 -0.0547	  0.0000
  4.3823	  0.2913	  0.0802	 -0.0659	  0.0000
  4.5460	  0.2913	  0.0928	 -0.0810	  0.0000
  4.7096	  0.2913	  0.0863	 -0.0854	  0.0000
  4.8733	  0.2913	  0.1020	 -0.1114	  0.0000
  5.0369	  0.2913	  0.1028	 -0.1247	  0.0000
  5.2006	  0.2913	  0.0943	 -0.1279	  0.0000
  5.3642	  0.2913	  0.0887	 -0.1325	  0.0000
  5.5278	  0.2913	  0.0811	 -0.1560	  0.0000
  5.6915	  0.2913	  0.0983	 -0.1873	  0.0000
  5.8551	  0.2913	  0.0531	 -0.1605	  0.0000
  6.0188	  0.2913	  0.0459	 -0.1525	  0.0000
  6.1824	  0.2913	  0.0873	 -0.1992	  0.0000
  6.3461	  0.2913	  0.0694	 -0.1483	  0.0000
  6.5097	  0.2913	 -0.0205	 -0.0971	  1.0000
  6.6733	  0.2913	  0.0528	 -0.0823	  0.0000
  6.8370	  0.2913	  0.0826	 -0.1154	  0.0000
  7.0006	  0.2913	  0.1082	 -0.0651	  0.0000
  7.1643	  0.2913	 -0.0538	 -0.0924	  1.0000
  7.3279	  0.2913	  0.0870	 -0.0391	  0.0000
  0.1276	  0.1276	 -0.0155	 -0.0195	  0.0000
  0.2913	  0.1276	 -0.0207	 -0.0047	  0.0000
  0.4549	  0.1276	 -0.0113	 -0.0036	  0.0000
  0.6186	  0.1276	 -0.0064	 -0.0009	  0.0000
  0.7822	  0.1276	 -0.0073	  0.0181	  0.0000
  0.9459	  0.1276	 -0.0031	  0.0118	  0.0000
  1.1095	  0.1276	  0.0081	  0.0079	  0.0000
  1.2731	  0.1276	  0.0131	  0.0229	  0.0000
  1.4368	  0.1276	  0.0233	  0.0205	  0.0000
  1.6004	  0.1276	  0.0365	  0.0300	  0.0000
  1.7641	  0.1276	  0.0394	 -0.0003	  0.0000
  1.9277	  0.1276	  0.0452	 -0.0020	  0.0000
  2.0914	  0.1276	  0.0526	  0.0079	  0.0000
  2.2550	  0.1276	  0.0568	 -0.0070	  0.0000
  2.4186	  0.1276	  0.0648	 -0.0146	  0.0000
  2.5823	  0.1276	  0.0718	 -0.0176	  0.0000
  2.7459	  0.1276	  0.0825	  0.0022	  0.0000
  2.9096	  0.1276	  0.0876	  0.0014	  0.0000
  3.0732	  0.1276	  0.0888	 -0.0154	  0.0000
  3.2368	  0.1276	  0.0827	 -0.0269	  0.0000
  3.4005	  0.1276	  0.0791	 -0.0260	  0.0000
  3.5641	  0.1276	  0.0845	 -0.0357	  0.0000
  3.7278	  0.1276	  0.0875	 -0.0465	  0.0000
  3.8914	  0.1276	  0.0918	 -0.0572	  0.0000
  4.0551	  0.1276	  0.0952	 -0.0540	  0.0000
  4.2187	  0.1276	  0.0938	 -0.0427	  0.0000
  4.3823	  0.1276	  0.1026	 -0.0576	  0.0000
  4.5460	  0.1276	  0.1146	 -0.0700	  0.0000
  4.7096	  0.1276	  0.1189	 -0.0908	  0.0000
  4.8733	  0.1276	  0.1193	 -0.1037	  0.0000
  5.0369	  0.1276	  0.1184	 -0.1053	  0.0000
  5.2006	  0.1276	  0.1298	 -0.1451	  0.0000
  5.3642	  0.1276	  0.1109	 -0.1198	  0.0000
  5.5278	  0.1276	  0.1382	 -0.1907	  0.0000
  5.6915	  0.1276	  0.1256	 -0.1893	  0.0000
  5.8551	  0.1276	  0.0423	 -0.0809	  1.0000
  6.0188	  0.1276	 -0.0002	  0.2342	  0.0000
  6.1824	  0.1276	 -0.0200	  0.2345	  0.0000
  6.3461	  0.1276	  0.0155	 -0.0641	  1.0000
  6.5097	  0.1276	 -0.0235	 -0.1081	  1.0000
  6.6733	  0.1276	 -0.0286	 -0.1145	  1.0000
  6.8370	  0.1276	 -0.0071	 -0.0680	  0.0000
  7.0006	  0.1276	 -0.1478	 -0.2622	  0.0000
  7.1643	  0.1276	 -0.0624	 -0.1043	  1.0000
  7.3279	  0.1276	 -0.1533	  0.2021	  0.0000
