1.275999999999999912e-01 1.927699999999999969e+00 1.112999999999999962e-01 -8.079999999999999682e-02
2.913000000000000034e-01 1.927699999999999969e+00 1.150000000000000050e-01 -9.740000000000000047e-02
4.549000000000000266e-01 1.927699999999999969e+00 1.129499999999999948e-01 -1.059999999999999970e-01
6.186000000000000387e-01 1.927699999999999969e+00 1.148500000000000076e-01 -1.180999999999999966e-01
7.822000000000000064e-01 1.927699999999999969e+00 1.146500000000000019e-01 -1.204999999999999960e-01
9.458999999999999631e-01 1.927699999999999969e+00 1.043499999999999983e-01 -1.159000000000000030e-01
1.109499999999999931e+00 1.927699999999999969e+00 1.028999999999999915e-01 -1.199000000000000066e-01
1.273099999999999898e+00 1.927699999999999969e+00 9.900000000000000466e-02 -1.288499999999999923e-01
1.436800000000000077e+00 1.927699999999999969e+00 9.299999999999999933e-02 -1.285499999999999976e-01
1.600400000000000045e+00 1.927699999999999969e+00 8.810000000000001164e-02 -1.223000000000000059e-01
1.764100000000000001e+00 1.927699999999999969e+00 8.379999999999999949e-02 -1.241000000000000020e-01
1.927699999999999969e+00 1.927699999999999969e+00 8.075000000000000233e-02 -1.305999999999999939e-01
2.091400000000000148e+00 1.927699999999999969e+00 7.850000000000000033e-02 -1.373499999999999999e-01
2.254999999999999893e+00 1.927699999999999969e+00 9.059999999999999998e-02 -1.388500000000000012e-01
2.418600000000000083e+00 1.927699999999999969e+00 8.069999999999999396e-02 -1.298000000000000265e-01
2.582300000000000040e+00 1.927699999999999969e+00 8.050000000000000211e-02 -1.416999999999999926e-01
2.745899999999999785e+00 1.927699999999999969e+00 7.525000000000001132e-02 -1.425500000000000100e-01
2.909600000000000186e+00 1.927699999999999969e+00 7.414999999999999369e-02 -1.553499999999999881e-01
3.073199999999999932e+00 1.927699999999999969e+00 7.580000000000000626e-02 -1.581000000000000183e-01
3.236800000000000122e+00 1.927699999999999969e+00 6.865000000000000269e-02 -1.567999999999999949e-01
3.400500000000000078e+00 1.927699999999999969e+00 6.279999999999999472e-02 -1.533999999999999808e-01
3.564099999999999824e+00 1.927699999999999969e+00 6.354999999999999538e-02 -1.528499999999999859e-01
3.727799999999999780e+00 1.927699999999999969e+00 6.340000000000001190e-02 -1.647500000000000075e-01
3.891399999999999970e+00 1.927699999999999969e+00 6.194999999999999812e-02 -1.692000000000000171e-01
4.055100000000000371e+00 1.927699999999999969e+00 6.364999999999999825e-02 -1.724999999999999867e-01
4.218700000000000117e+00 1.927699999999999969e+00 6.244999999999999857e-02 -1.641499999999999904e-01
4.382299999999999862e+00 1.927699999999999969e+00 5.045000000000000179e-02 -1.672500000000000098e-01
4.546000000000000263e+00 1.927699999999999969e+00 5.119999999999999551e-02 -1.820499999999999896e-01
4.709600000000000009e+00 1.927699999999999969e+00 4.174999999999999545e-02 -1.806999999999999995e-01
4.873300000000000409e+00 1.927699999999999969e+00 3.769999999999999740e-02 -1.786500000000000032e-01
5.036900000000000155e+00 1.927699999999999969e+00 3.275000000000000133e-02 -1.872499999999999998e-01
5.200599999999999667e+00 1.927699999999999969e+00 2.340000000000000066e-02 -1.809000000000000052e-01
5.364200000000000301e+00 1.927699999999999969e+00 1.945000000000000201e-02 -1.898500000000000187e-01
5.527800000000000047e+00 1.927699999999999969e+00 1.460000000000000187e-02 -2.000000000000000111e-01
5.691499999999999559e+00 1.927699999999999969e+00 8.649999999999999703e-03 -2.120500000000000163e-01
5.855100000000000193e+00 1.927699999999999969e+00 2.100000000000000304e-03 -2.074500000000000233e-01
6.018799999999999706e+00 1.927699999999999969e+00 -6.550000000000000266e-03 -2.052999999999999825e-01
6.182400000000000340e+00 1.927699999999999969e+00 -1.660000000000000017e-02 -2.128499999999999837e-01
6.346099999999999852e+00 1.927699999999999969e+00 -2.230000000000000038e-02 -2.138999999999999790e-01
6.509699999999999598e+00 1.927699999999999969e+00 -3.600000000000000422e-02 -2.227000000000000091e-01
6.673300000000000232e+00 1.927699999999999969e+00 -4.950000000000000233e-02 -2.168499999999999872e-01
6.836999999999999744e+00 1.927699999999999969e+00 -6.285000000000000309e-02 -2.068000000000000116e-01
7.000600000000000378e+00 1.927699999999999969e+00 -7.624999999999999833e-02 -1.998499999999999999e-01
7.164299999999999891e+00 1.927699999999999969e+00 -8.524999999999999245e-02 -2.046999999999999931e-01
7.327899999999999636e+00 1.927699999999999969e+00 -9.600000000000000200e-02 -2.048000000000000098e-01
1.275999999999999912e-01 1.764100000000000001e+00 1.445500000000000118e-01 -1.033000000000000029e-01
2.913000000000000034e-01 1.764100000000000001e+00 1.238499999999999879e-01 -1.079999999999999988e-01
4.549000000000000266e-01 1.764100000000000001e+00 1.215499999999999914e-01 -1.151500000000000024e-01
6.186000000000000387e-01 1.764100000000000001e+00 1.166500000000000037e-01 -1.217000000000000026e-01
7.822000000000000064e-01 1.764100000000000001e+00 1.210500000000000048e-01 -1.405500000000000083e-01
9.458999999999999631e-01 1.764100000000000001e+00 1.135499999999999982e-01 -1.366499999999999937e-01
1.109499999999999931e+00 1.764100000000000001e+00 1.008000000000000007e-01 -1.314500000000000113e-01
1.273099999999999898e+00 1.764100000000000001e+00 1.007000000000000117e-01 -1.407499999999999862e-01
1.436800000000000077e+00 1.764100000000000001e+00 9.979999999999999982e-02 -1.453000000000000125e-01
1.600400000000000045e+00 1.764100000000000001e+00 8.929999999999999050e-02 -1.325999999999999956e-01
1.764100000000000001e+00 1.764100000000000001e+00 8.274999999999999023e-02 -1.393000000000000071e-01
1.927699999999999969e+00 1.764100000000000001e+00 8.424999999999999156e-02 -1.454500000000000237e-01
2.091400000000000148e+00 1.764100000000000001e+00 8.565000000000000391e-02 -1.545000000000000262e-01
2.254999999999999893e+00 1.764100000000000001e+00 8.815000000000000613e-02 -1.533999999999999808e-01
2.418600000000000083e+00 1.764100000000000001e+00 8.544999999999999818e-02 -1.492999999999999883e-01
2.582300000000000040e+00 1.764100000000000001e+00 8.089999999999999969e-02 -1.542999999999999927e-01
2.745899999999999785e+00 1.764100000000000001e+00 7.789999999999999702e-02 -1.584000000000000130e-01
2.909600000000000186e+00 1.764100000000000001e+00 8.000000000000000167e-02 -1.608499999999999930e-01
3.073199999999999932e+00 1.764100000000000001e+00 7.530000000000000582e-02 -1.631000000000000227e-01
3.236800000000000122e+00 1.764100000000000001e+00 7.195000000000000007e-02 -1.673000000000000043e-01
3.400500000000000078e+00 1.764100000000000001e+00 7.150000000000000799e-02 -1.685500000000000054e-01
3.564099999999999824e+00 1.764100000000000001e+00 7.239999999999999214e-02 -1.714999999999999858e-01
3.727799999999999780e+00 1.764100000000000001e+00 6.890000000000000291e-02 -1.674999999999999822e-01
3.891399999999999970e+00 1.764100000000000001e+00 6.679999999999999827e-02 -1.657500000000000084e-01
4.055100000000000371e+00 1.764100000000000001e+00 6.709999999999999298e-02 -1.730499999999999816e-01
4.218700000000000117e+00 1.764100000000000001e+00 6.625000000000000333e-02 -1.734999999999999876e-01
4.382299999999999862e+00 1.764100000000000001e+00 5.945000000000000284e-02 -1.756999999999999951e-01
4.546000000000000263e+00 1.764100000000000001e+00 5.665000000000000591e-02 -1.911499999999999866e-01
4.709600000000000009e+00 1.764100000000000001e+00 5.215000000000000191e-02 -1.984500000000000153e-01
4.873300000000000409e+00 1.764100000000000001e+00 4.445000000000000340e-02 -2.018999999999999961e-01
5.036900000000000155e+00 1.764100000000000001e+00 4.170000000000000095e-02 -2.029500000000000193e-01
5.200599999999999667e+00 1.764100000000000001e+00 3.554999999999999827e-02 -2.220499999999999974e-01
5.364200000000000301e+00 1.764100000000000001e+00 2.715000000000000052e-02 -2.299499999999999877e-01
5.527800000000000047e+00 1.764100000000000001e+00 1.924999999999999975e-02 -2.227999999999999980e-01
5.691499999999999559e+00 1.764100000000000001e+00 1.384999999999999946e-02 -2.432500000000000218e-01
5.855100000000000193e+00 1.764100000000000001e+00 4.749999999999999882e-03 -2.414999999999999925e-01
6.018799999999999706e+00 1.764100000000000001e+00 -2.199999999999999699e-03 -2.333000000000000074e-01
6.182400000000000340e+00 1.764100000000000001e+00 -1.399999999999999856e-02 -2.402500000000000191e-01
6.346099999999999852e+00 1.764100000000000001e+00 -2.654999999999999721e-02 -2.333999999999999964e-01
6.509699999999999598e+00 1.764100000000000001e+00 -3.984999999999999654e-02 -2.161500000000000088e-01
6.673300000000000232e+00 1.764100000000000001e+00 -5.269999999999999685e-02 -2.327000000000000179e-01
6.836999999999999744e+00 1.764100000000000001e+00 -6.644999999999999518e-02 -2.158499999999999863e-01
7.000600000000000378e+00 1.764100000000000001e+00 -7.960000000000000409e-02 -2.202999999999999958e-01
7.164299999999999891e+00 1.764100000000000001e+00 -8.845000000000000084e-02 -2.267000000000000126e-01
7.327899999999999636e+00 1.764100000000000001e+00 -9.295000000000000484e-02 -2.275499999999999745e-01
1.275999999999999912e-01 1.600400000000000045e+00 1.400000000000000133e-01 -1.260000000000000009e-01
2.913000000000000034e-01 1.600400000000000045e+00 1.274500000000000077e-01 -1.273499999999999910e-01
4.549000000000000266e-01 1.600400000000000045e+00 1.191499999999999920e-01 -1.304000000000000159e-01
6.186000000000000387e-01 1.600400000000000045e+00 1.128500000000000059e-01 -1.354500000000000148e-01
7.822000000000000064e-01 1.600400000000000045e+00 1.157499999999999918e-01 -1.433500000000000052e-01
9.458999999999999631e-01 1.600400000000000045e+00 1.156999999999999973e-01 -1.440500000000000114e-01
1.109499999999999931e+00 1.600400000000000045e+00 1.104999999999999871e-01 -1.442999999999999838e-01
1.273099999999999898e+00 1.600400000000000045e+00 1.038499999999999979e-01 -1.435500000000000109e-01
1.436800000000000077e+00 1.600400000000000045e+00 1.008000000000000007e-01 -1.539500000000000035e-01
1.600400000000000045e+00 1.600400000000000045e+00 8.954999999999999072e-02 -1.477999999999999869e-01
1.764100000000000001e+00 1.600400000000000045e+00 8.874999999999999556e-02 -1.513999999999999790e-01
1.927699999999999969e+00 1.600400000000000045e+00 8.285000000000000697e-02 -1.613499999999999934e-01
2.091400000000000148e+00 1.600400000000000045e+00 8.469999999999999751e-02 -1.628000000000000003e-01
2.254999999999999893e+00 1.600400000000000045e+00 8.890000000000000679e-02 -1.603499999999999925e-01
2.418600000000000083e+00 1.600400000000000045e+00 8.324999999999999067e-02 -1.645999999999999963e-01
2.582300000000000040e+00 1.600400000000000045e+00 8.644999999999999907e-02 -1.712500000000000133e-01
2.745899999999999785e+00 1.600400000000000045e+00 8.524999999999999245e-02 -1.718000000000000083e-01
2.909600000000000186e+00 1.600400000000000045e+00 7.885000000000000342e-02 -1.681499999999999939e-01
3.073199999999999932e+00 1.600400000000000045e+00 7.549999999999999767e-02 -1.819000000000000061e-01
3.236800000000000122e+00 1.600400000000000045e+00 7.505000000000000560e-02 -1.828500000000000125e-01
3.400500000000000078e+00 1.600400000000000045e+00 7.449999999999999678e-02 -1.798500000000000099e-01
3.564099999999999824e+00 1.600400000000000045e+00 7.574999999999999789e-02 -1.875000000000000000e-01
3.727799999999999780e+00 1.600400000000000045e+00 7.255000000000000338e-02 -1.822000000000000008e-01
3.891399999999999970e+00 1.600400000000000045e+00 6.909999999999999476e-02 -1.828500000000000125e-01
4.055100000000000371e+00 1.600400000000000045e+00 6.445000000000000728e-02 -1.946499999999999897e-01
4.218700000000000117e+00 1.600400000000000045e+00 6.579999999999999738e-02 -1.967499999999999805e-01
4.382299999999999862e+00 1.600400000000000045e+00 6.534999999999999143e-02 -1.933999999999999886e-01
4.546000000000000263e+00 1.600400000000000045e+00 6.579999999999999738e-02 -2.021000000000000019e-01
4.709600000000000009e+00 1.600400000000000045e+00 5.840000000000000052e-02 -2.059500000000000219e-01
4.873300000000000409e+00 1.600400000000000045e+00 5.430000000000000104e-02 -2.152000000000000024e-01
5.036900000000000155e+00 1.600400000000000045e+00 5.200000000000000455e-02 -2.188499999999999890e-01
5.200599999999999667e+00 1.600400000000000045e+00 3.914999999999999730e-02 -2.225999999999999923e-01
5.364200000000000301e+00 1.600400000000000045e+00 3.529999999999999805e-02 -2.508000000000000229e-01
5.527800000000000047e+00 1.600400000000000045e+00 2.199999999999999872e-02 -2.502999999999999670e-01
5.691499999999999559e+00 1.600400000000000045e+00 1.335000000000000075e-02 -2.545999999999999930e-01
5.855100000000000193e+00 1.600400000000000045e+00 6.550000000000000266e-03 -2.510999999999999899e-01
6.018799999999999706e+00 1.600400000000000045e+00 7.899999999999999037e-03 -2.472499999999999976e-01
6.182400000000000340e+00 1.600400000000000045e+00 -1.629999999999999852e-02 -2.587999999999999745e-01
6.346099999999999852e+00 1.600400000000000045e+00 -2.539999999999999897e-02 -2.516499999999999848e-01
6.509699999999999598e+00 1.600400000000000045e+00 -3.459999999999999881e-02 -2.649000000000000243e-01
6.673300000000000232e+00 1.600400000000000045e+00 -4.474999999999999811e-02 -2.640500000000000069e-01
6.836999999999999744e+00 1.600400000000000045e+00 -6.640000000000000069e-02 -2.330500000000000071e-01
7.000600000000000378e+00 1.600400000000000045e+00 -8.340000000000000191e-02 -2.415999999999999814e-01
7.164299999999999891e+00 1.600400000000000045e+00 -9.245000000000000440e-02 -2.374499999999999944e-01
7.327899999999999636e+00 1.600400000000000045e+00 -1.019000000000000045e-01 -2.535499999999999976e-01
1.275999999999999912e-01 1.436800000000000077e+00 1.359000000000000208e-01 -1.277999999999999969e-01
2.913000000000000034e-01 1.436800000000000077e+00 1.270000000000000018e-01 -1.309500000000000108e-01
4.549000000000000266e-01 1.436800000000000077e+00 1.187000000000000000e-01 -1.338499999999999968e-01
6.186000000000000387e-01 1.436800000000000077e+00 1.220499999999999918e-01 -1.416499999999999981e-01
7.822000000000000064e-01 1.436800000000000077e+00 1.199500000000000011e-01 -1.484000000000000041e-01
9.458999999999999631e-01 1.436800000000000077e+00 9.604999999999999649e-02 -1.446999999999999953e-01
1.109499999999999931e+00 1.436800000000000077e+00 1.022500000000000075e-01 -1.583499999999999908e-01
1.273099999999999898e+00 1.436800000000000077e+00 1.051499999999999935e-01 -1.622999999999999998e-01
1.436800000000000077e+00 1.436800000000000077e+00 1.028499999999999970e-01 -1.690500000000000058e-01
1.600400000000000045e+00 1.436800000000000077e+00 9.584999999999999076e-02 -1.677000000000000157e-01
1.764100000000000001e+00 1.436800000000000077e+00 9.089999999999999469e-02 -1.730999999999999761e-01
1.927699999999999969e+00 1.436800000000000077e+00 9.450000000000000067e-02 -1.781499999999999750e-01
2.091400000000000148e+00 1.436800000000000077e+00 9.274999999999999911e-02 -1.801500000000000046e-01
2.254999999999999893e+00 1.436800000000000077e+00 8.634999999999999620e-02 -1.779999999999999916e-01
2.418600000000000083e+00 1.436800000000000077e+00 8.329999999999999905e-02 -1.729999999999999871e-01
2.582300000000000040e+00 1.436800000000000077e+00 8.870000000000000107e-02 -1.814000000000000057e-01
2.745899999999999785e+00 1.436800000000000077e+00 8.429999999999999993e-02 -1.779999999999999916e-01
2.909600000000000186e+00 1.436800000000000077e+00 8.179999999999999771e-02 -1.751500000000000001e-01
3.073199999999999932e+00 1.436800000000000077e+00 8.105000000000001092e-02 -1.905999999999999917e-01
3.236800000000000122e+00 1.436800000000000077e+00 7.810000000000000275e-02 -1.961999999999999855e-01
3.400500000000000078e+00 1.436800000000000077e+00 7.674999999999999878e-02 -1.921499999999999875e-01
3.564099999999999824e+00 1.436800000000000077e+00 7.699999999999999900e-02 -1.976499999999999924e-01
3.727799999999999780e+00 1.436800000000000077e+00 7.475000000000001088e-02 -2.045500000000000096e-01
3.891399999999999970e+00 1.436800000000000077e+00 7.239999999999999214e-02 -2.064499999999999946e-01
4.055100000000000371e+00 1.436800000000000077e+00 6.914999999999998925e-02 -2.085500000000000131e-01
4.218700000000000117e+00 1.436800000000000077e+00 7.510000000000000009e-02 -2.149999999999999967e-01
4.382299999999999862e+00 1.436800000000000077e+00 6.880000000000000004e-02 -2.142000000000000015e-01
4.546000000000000263e+00 1.436800000000000077e+00 6.850000000000000533e-02 -2.307000000000000162e-01
4.709600000000000009e+00 1.436800000000000077e+00 6.309999999999998943e-02 -2.187500000000000000e-01
4.873300000000000409e+00 1.436800000000000077e+00 5.749999999999999556e-02 -2.223499999999999921e-01
5.036900000000000155e+00 1.436800000000000077e+00 5.444999999999999840e-02 -2.421499999999999764e-01
5.200599999999999667e+00 1.436800000000000077e+00 5.075000000000000344e-02 -2.638500000000000290e-01
5.364200000000000301e+00 1.436800000000000077e+00 3.790000000000000313e-02 -2.656999999999999917e-01
5.527800000000000047e+00 1.436800000000000077e+00 2.700000000000000316e-02 -2.548500000000000210e-01
5.691499999999999559e+00 1.436800000000000077e+00 2.459999999999999687e-02 -2.615999999999999992e-01
5.855100000000000193e+00 1.436800000000000077e+00 1.634999999999999995e-02 -2.729500000000000259e-01
6.018799999999999706e+00 1.436800000000000077e+00 9.549999999999999462e-03 -2.903999999999999915e-01
6.182400000000000340e+00 1.436800000000000077e+00 -1.190000000000000085e-02 -2.902000000000000135e-01
6.346099999999999852e+00 1.436800000000000077e+00 -1.519999999999999997e-02 -2.813999999999999835e-01
6.509699999999999598e+00 1.436800000000000077e+00 -2.895000000000000351e-02 -2.942500000000000115e-01
6.673300000000000232e+00 1.436800000000000077e+00 -4.480000000000000648e-02 -2.962500000000000133e-01
6.836999999999999744e+00 1.436800000000000077e+00 -6.869999999999999718e-02 -2.591499999999999915e-01
7.000600000000000378e+00 1.436800000000000077e+00 -9.199999999999999845e-02 -2.702999999999999847e-01
7.164299999999999891e+00 1.436800000000000077e+00 -9.645000000000000795e-02 -2.753999999999999782e-01
7.327899999999999636e+00 1.436800000000000077e+00 -1.086499999999999966e-01 -2.818000000000000504e-01
1.275999999999999912e-01 1.273099999999999898e+00 1.504999999999999949e-01 -1.642000000000000126e-01
2.913000000000000034e-01 1.273099999999999898e+00 1.267999999999999960e-01 -1.531000000000000139e-01
4.549000000000000266e-01 1.273099999999999898e+00 1.336999999999999855e-01 -1.618999999999999884e-01
6.186000000000000387e-01 1.273099999999999898e+00 1.202499999999999958e-01 -1.562999999999999945e-01
7.822000000000000064e-01 1.273099999999999898e+00 1.146999999999999964e-01 -1.627000000000000113e-01
9.458999999999999631e-01 1.273099999999999898e+00 1.041499999999999926e-01 -1.511000000000000121e-01
1.109499999999999931e+00 1.273099999999999898e+00 1.069500000000000034e-01 -1.748000000000000109e-01
1.273099999999999898e+00 1.273099999999999898e+00 1.079999999999999988e-01 -1.781999999999999973e-01
1.436800000000000077e+00 1.273099999999999898e+00 1.068999999999999950e-01 -1.767499999999999905e-01
1.600400000000000045e+00 1.273099999999999898e+00 1.053499999999999992e-01 -1.829000000000000070e-01
1.764100000000000001e+00 1.273099999999999898e+00 9.834999999999999298e-02 -1.965500000000000025e-01
1.927699999999999969e+00 1.273099999999999898e+00 9.660000000000000531e-02 -1.948000000000000009e-01
2.091400000000000148e+00 1.273099999999999898e+00 9.489999999999999825e-02 -1.980999999999999983e-01
2.254999999999999893e+00 1.273099999999999898e+00 8.419999999999999707e-02 -1.967499999999999805e-01
2.418600000000000083e+00 1.273099999999999898e+00 8.930000000000000437e-02 -1.860999999999999877e-01
2.582300000000000040e+00 1.273099999999999898e+00 8.845000000000000084e-02 -1.881499999999999839e-01
2.745899999999999785e+00 1.273099999999999898e+00 8.699999999999999400e-02 -1.896499999999999853e-01
2.909600000000000186e+00 1.273099999999999898e+00 8.519999999999999796e-02 -2.012999999999999790e-01
3.073199999999999932e+00 1.273099999999999898e+00 8.269999999999999574e-02 -1.905999999999999917e-01
3.236800000000000122e+00 1.273099999999999898e+00 8.360000000000000764e-02 -2.068500000000000061e-01
3.400500000000000078e+00 1.273099999999999898e+00 7.830000000000000848e-02 -2.116000000000000103e-01
3.564099999999999824e+00 1.273099999999999898e+00 8.105000000000001092e-02 -2.041999999999999926e-01
3.727799999999999780e+00 1.273099999999999898e+00 7.929999999999999549e-02 -2.087499999999999911e-01
3.891399999999999970e+00 1.273099999999999898e+00 7.585000000000000075e-02 -2.252000000000000113e-01
4.055100000000000371e+00 1.273099999999999898e+00 7.625000000000001221e-02 -2.298000000000000043e-01
4.218700000000000117e+00 1.273099999999999898e+00 8.114999999999999991e-02 -2.206500000000000128e-01
4.382299999999999862e+00 1.273099999999999898e+00 8.360000000000000764e-02 -2.333000000000000074e-01
4.546000000000000263e+00 1.273099999999999898e+00 7.114999999999999103e-02 -2.638000000000000345e-01
4.709600000000000009e+00 1.273099999999999898e+00 7.134999999999999676e-02 -2.506499999999999839e-01
4.873300000000000409e+00 1.273099999999999898e+00 6.839999999999998859e-02 -2.541999999999999815e-01
5.036900000000000155e+00 1.273099999999999898e+00 5.745000000000000107e-02 -2.700000000000000178e-01
5.200599999999999667e+00 1.273099999999999898e+00 5.999999999999999778e-02 -2.820500000000000229e-01
5.364200000000000301e+00 1.273099999999999898e+00 4.819999999999999979e-02 -2.873499999999999943e-01
5.527800000000000047e+00 1.273099999999999898e+00 4.205000000000000404e-02 -2.839500000000000357e-01
5.691499999999999559e+00 1.273099999999999898e+00 3.099999999999999978e-02 -2.884499999999999842e-01
5.855100000000000193e+00 1.273099999999999898e+00 1.255000000000000039e-02 -3.044999999999999929e-01
6.018799999999999706e+00 1.273099999999999898e+00 6.200000000000000649e-03 -3.243000000000000327e-01
6.182400000000000340e+00 1.273099999999999898e+00 -6.199999999999999782e-03 -3.277499999999999858e-01
6.346099999999999852e+00 1.273099999999999898e+00 -1.609999999999999973e-02 -3.277499999999999858e-01
6.509699999999999598e+00 1.273099999999999898e+00 -2.230000000000000038e-02 -3.358499999999999819e-01
6.673300000000000232e+00 1.273099999999999898e+00 -4.834999999999999715e-02 -3.290499999999999536e-01
6.836999999999999744e+00 1.273099999999999898e+00 -6.525000000000000244e-02 -3.256000000000000005e-01
7.000600000000000378e+00 1.273099999999999898e+00 -8.174999999999998934e-02 -3.201499999999999901e-01
7.164299999999999891e+00 1.273099999999999898e+00 -9.240000000000000990e-02 -3.160999999999999921e-01
7.327899999999999636e+00 1.273099999999999898e+00 -1.101999999999999924e-01 -3.195000000000000062e-01
1.275999999999999912e-01 1.109499999999999931e+00 1.617999999999999994e-01 -1.885999999999999899e-01
2.913000000000000034e-01 1.109499999999999931e+00 1.534999999999999976e-01 -1.937499999999999778e-01
4.549000000000000266e-01 1.109499999999999931e+00 1.334000000000000186e-01 -1.818500000000000116e-01
6.186000000000000387e-01 1.109499999999999931e+00 1.222999999999999921e-01 -1.849000000000000088e-01
7.822000000000000064e-01 1.109499999999999931e+00 1.200999999999999984e-01 -1.905000000000000027e-01
9.458999999999999631e-01 1.109499999999999931e+00 1.107500000000000012e-01 -1.764000000000000012e-01
1.109499999999999931e+00 1.109499999999999931e+00 1.064999999999999974e-01 -1.893499999999999905e-01
1.273099999999999898e+00 1.109499999999999931e+00 1.093000000000000083e-01 -2.013499999999999734e-01
1.436800000000000077e+00 1.109499999999999931e+00 1.010999999999999954e-01 -2.018500000000000016e-01
1.600400000000000045e+00 1.109499999999999931e+00 1.005500000000000005e-01 -1.946499999999999897e-01
1.764100000000000001e+00 1.109499999999999931e+00 1.036500000000000060e-01 -2.071000000000000063e-01
1.927699999999999969e+00 1.109499999999999931e+00 1.016999999999999987e-01 -2.036499999999999977e-01
2.091400000000000148e+00 1.109499999999999931e+00 9.650000000000000244e-02 -2.140500000000000180e-01
2.254999999999999893e+00 1.109499999999999931e+00 9.154999999999999249e-02 -2.346499999999999975e-01
2.418600000000000083e+00 1.109499999999999931e+00 9.445000000000000617e-02 -2.331000000000000016e-01
2.582300000000000040e+00 1.109499999999999931e+00 8.579999999999998739e-02 -2.195500000000000229e-01
2.745899999999999785e+00 1.109499999999999931e+00 8.390000000000000235e-02 -2.196500000000000119e-01
2.909600000000000186e+00 1.109499999999999931e+00 8.499999999999999223e-02 -2.263999999999999901e-01
3.073199999999999932e+00 1.109499999999999931e+00 8.039999999999999925e-02 -2.205999999999999905e-01
3.236800000000000122e+00 1.109499999999999931e+00 8.194999999999999507e-02 -2.118999999999999773e-01
3.400500000000000078e+00 1.109499999999999931e+00 7.904999999999999527e-02 -2.314499999999999891e-01
3.564099999999999824e+00 1.109499999999999931e+00 7.989999999999999880e-02 -2.278999999999999915e-01
3.727799999999999780e+00 1.109499999999999931e+00 8.219999999999999529e-02 -2.156500000000000083e-01
3.891399999999999970e+00 1.109499999999999931e+00 8.094999999999999418e-02 -2.393499999999999794e-01
4.055100000000000371e+00 1.109499999999999931e+00 8.014999999999999902e-02 -2.546499999999999875e-01
4.218700000000000117e+00 1.109499999999999931e+00 8.354999999999999927e-02 -2.401499999999999746e-01
4.382299999999999862e+00 1.109499999999999931e+00 8.014999999999999902e-02 -2.659000000000000252e-01
4.546000000000000263e+00 1.109499999999999931e+00 8.265000000000000124e-02 -2.855499999999999705e-01
4.709600000000000009e+00 1.109499999999999931e+00 7.599999999999999811e-02 -2.853999999999999870e-01
4.873300000000000409e+00 1.109499999999999931e+00 7.275000000000000910e-02 -2.960999999999999743e-01
5.036900000000000155e+00 1.109499999999999931e+00 6.825000000000000511e-02 -3.094500000000000028e-01
5.200599999999999667e+00 1.109499999999999931e+00 6.090000000000000274e-02 -3.144000000000000128e-01
5.364200000000000301e+00 1.109499999999999931e+00 5.450000000000000677e-02 -3.262500000000000400e-01
5.527800000000000047e+00 1.109499999999999931e+00 4.705000000000000154e-02 -3.161999999999999811e-01
5.691499999999999559e+00 1.109499999999999931e+00 3.599999999999999728e-02 -3.320999999999999508e-01
5.855100000000000193e+00 1.109499999999999931e+00 2.950000000000000192e-02 -3.504500000000000393e-01
6.018799999999999706e+00 1.109499999999999931e+00 1.290000000000000001e-02 -3.603499999999999481e-01
6.182400000000000340e+00 1.109499999999999931e+00 1.799999999999999951e-03 -3.711499999999999799e-01
6.346099999999999852e+00 1.109499999999999931e+00 -1.515000000000000027e-02 -3.663000000000000145e-01
6.509699999999999598e+00 1.109499999999999931e+00 -2.315000000000000044e-02 -3.644499999999999962e-01
6.673300000000000232e+00 1.109499999999999931e+00 -4.109999999999999765e-02 -3.729999999999999982e-01
6.836999999999999744e+00 1.109499999999999931e+00 -5.809999999999999887e-02 -3.731499999999999817e-01
7.000600000000000378e+00 1.109499999999999931e+00 -8.524999999999999245e-02 -3.780000000000000027e-01
7.164299999999999891e+00 1.109499999999999931e+00 -1.083000000000000074e-01 -3.780499999999999972e-01
7.327899999999999636e+00 1.109499999999999931e+00 -1.275000000000000022e-01 -3.694500000000000006e-01
1.275999999999999912e-01 9.458999999999999631e-01 1.651499999999999913e-01 -2.098499999999999810e-01
2.913000000000000034e-01 9.458999999999999631e-01 1.417499999999999871e-01 -1.970500000000000029e-01
4.549000000000000266e-01 9.458999999999999631e-01 1.305000000000000049e-01 -1.967499999999999805e-01
6.186000000000000387e-01 9.458999999999999631e-01 1.199999999999999956e-01 -2.041000000000000036e-01
7.822000000000000064e-01 9.458999999999999631e-01 1.189999999999999947e-01 -2.172499999999999987e-01
9.458999999999999631e-01 9.458999999999999631e-01 1.149999999999999911e-01 -2.284499999999999864e-01
1.109499999999999931e+00 9.458999999999999631e-01 1.074499999999999900e-01 -2.129500000000000004e-01
1.273099999999999898e+00 9.458999999999999631e-01 1.096000000000000030e-01 -2.139500000000000013e-01
1.436800000000000077e+00 9.458999999999999631e-01 9.575000000000000178e-02 -2.256500000000000172e-01
1.600400000000000045e+00 9.458999999999999631e-01 1.033000000000000029e-01 -2.368500000000000050e-01
1.764100000000000001e+00 9.458999999999999631e-01 1.033499999999999974e-01 -2.415499999999999869e-01
1.927699999999999969e+00 9.458999999999999631e-01 1.037499999999999950e-01 -2.348500000000000032e-01
2.091400000000000148e+00 9.458999999999999631e-01 1.000999999999999945e-01 -2.356000000000000316e-01
2.254999999999999893e+00 9.458999999999999631e-01 8.880000000000000393e-02 -2.371499999999999997e-01
2.418600000000000083e+00 9.458999999999999631e-01 8.965000000000000746e-02 -2.556999999999999829e-01
2.582300000000000040e+00 9.458999999999999631e-01 9.180000000000000659e-02 -2.669500000000000206e-01
2.745899999999999785e+00 9.458999999999999631e-01 8.515000000000000346e-02 -2.453500000000000125e-01
2.909600000000000186e+00 9.458999999999999631e-01 8.474999999999999201e-02 -2.520499999999999963e-01
3.073199999999999932e+00 9.458999999999999631e-01 8.849999999999999534e-02 -2.614499999999999602e-01
3.236800000000000122e+00 9.458999999999999631e-01 8.285000000000000697e-02 -2.461999999999999744e-01
3.400500000000000078e+00 9.458999999999999631e-01 8.100000000000000255e-02 -2.611499999999999932e-01
3.564099999999999824e+00 9.458999999999999631e-01 7.880000000000000893e-02 -2.648000000000000353e-01
3.727799999999999780e+00 9.458999999999999631e-01 7.409999999999999920e-02 -2.506500000000000394e-01
3.891399999999999970e+00 9.458999999999999631e-01 8.219999999999999529e-02 -2.698500000000000343e-01
4.055100000000000371e+00 9.458999999999999631e-01 8.634999999999999620e-02 -2.835999999999999632e-01
4.218700000000000117e+00 9.458999999999999631e-01 8.374999999999999112e-02 -2.807999999999999940e-01
4.382299999999999862e+00 9.458999999999999631e-01 8.455000000000000016e-02 -2.885499999999999732e-01
4.546000000000000263e+00 9.458999999999999631e-01 8.415000000000000258e-02 -3.065499999999999892e-01
4.709600000000000009e+00 9.458999999999999631e-01 7.719999999999999085e-02 -3.072500000000000231e-01
4.873300000000000409e+00 9.458999999999999631e-01 7.774999999999999967e-02 -3.315500000000000114e-01
5.036900000000000155e+00 9.458999999999999631e-01 7.689999999999999614e-02 -3.714000000000000079e-01
5.200599999999999667e+00 9.458999999999999631e-01 7.044999999999999873e-02 -3.643500000000000072e-01
5.364200000000000301e+00 9.458999999999999631e-01 6.469999999999999363e-02 -3.606500000000000261e-01
5.527800000000000047e+00 9.458999999999999631e-01 5.360000000000000181e-02 -3.841999999999999860e-01
5.691499999999999559e+00 9.458999999999999631e-01 3.990000000000000491e-02 -3.815999999999999948e-01
5.855100000000000193e+00 9.458999999999999631e-01 2.924999999999999822e-02 -3.965500000000000136e-01
6.018799999999999706e+00 9.458999999999999631e-01 1.129999999999999928e-02 -4.007999999999999896e-01
6.182400000000000340e+00 9.458999999999999631e-01 2.799999999999999972e-03 -4.041000000000000147e-01
6.346099999999999852e+00 9.458999999999999631e-01 -4.700000000000000185e-03 -4.259000000000000008e-01
6.509699999999999598e+00 9.458999999999999631e-01 -1.404999999999999999e-02 -4.484000000000000208e-01
6.673300000000000232e+00 9.458999999999999631e-01 -3.635000000000000037e-02 -4.384500000000000064e-01
6.836999999999999744e+00 9.458999999999999631e-01 -6.139999999999999625e-02 -4.272000000000000242e-01
7.000600000000000378e+00 9.458999999999999631e-01 -8.290000000000000147e-02 -4.376499999999999835e-01
7.164299999999999891e+00 9.458999999999999631e-01 -1.127999999999999975e-01 -4.187500000000000111e-01
7.327899999999999636e+00 9.458999999999999631e-01 -1.395500000000000074e-01 -4.141500000000000181e-01
1.275999999999999912e-01 7.822000000000000064e-01 1.406499999999999972e-01 -2.285999999999999976e-01
2.913000000000000034e-01 7.822000000000000064e-01 1.451000000000000068e-01 -2.371499999999999719e-01
4.549000000000000266e-01 7.822000000000000064e-01 1.294500000000000095e-01 -2.323500000000000010e-01
6.186000000000000387e-01 7.822000000000000064e-01 1.116000000000000048e-01 -2.356000000000000039e-01
7.822000000000000064e-01 7.822000000000000064e-01 1.113999999999999990e-01 -2.434000000000000052e-01
9.458999999999999631e-01 7.822000000000000064e-01 1.068000000000000060e-01 -2.419999999999999929e-01
1.109499999999999931e+00 7.822000000000000064e-01 9.594999999999999363e-02 -2.478500000000000147e-01
1.273099999999999898e+00 7.822000000000000064e-01 9.375000000000000000e-02 -2.530999999999999917e-01
1.436800000000000077e+00 7.822000000000000064e-01 1.066499999999999948e-01 -2.581499999999999906e-01
1.600400000000000045e+00 7.822000000000000064e-01 1.050999999999999990e-01 -2.620999999999999996e-01
1.764100000000000001e+00 7.822000000000000064e-01 9.900000000000000466e-02 -2.600000000000000089e-01
1.927699999999999969e+00 7.822000000000000064e-01 9.915000000000000202e-02 -2.757999999999999896e-01
2.091400000000000148e+00 7.822000000000000064e-01 1.001999999999999974e-01 -2.778499999999999859e-01
2.254999999999999893e+00 7.822000000000000064e-01 9.149999999999999800e-02 -2.759000000000000341e-01
2.418600000000000083e+00 7.822000000000000064e-01 8.849999999999999534e-02 -2.752499999999999947e-01
2.582300000000000040e+00 7.822000000000000064e-01 9.124999999999999778e-02 -2.940500000000000336e-01
2.745899999999999785e+00 7.822000000000000064e-01 9.295000000000000484e-02 -2.939999999999999836e-01
2.909600000000000186e+00 7.822000000000000064e-01 9.684999999999999165e-02 -2.971500000000000252e-01
3.073199999999999932e+00 7.822000000000000064e-01 8.605000000000000149e-02 -3.090999999999999859e-01
3.236800000000000122e+00 7.822000000000000064e-01 8.490000000000000324e-02 -3.110999999999999877e-01
3.400500000000000078e+00 7.822000000000000064e-01 8.524999999999999245e-02 -2.887000000000000122e-01
3.564099999999999824e+00 7.822000000000000064e-01 7.894999999999999241e-02 -3.040499999999999869e-01
3.727799999999999780e+00 7.822000000000000064e-01 8.064999999999999947e-02 -3.127499999999999725e-01
3.891399999999999970e+00 7.822000000000000064e-01 8.505000000000000060e-02 -3.270000000000000129e-01
4.055100000000000371e+00 7.822000000000000064e-01 8.990000000000000768e-02 -3.240500000000000047e-01
4.218700000000000117e+00 7.822000000000000064e-01 8.865000000000000657e-02 -3.218999999999999639e-01
4.382299999999999862e+00 7.822000000000000064e-01 9.009999999999999953e-02 -3.387000000000000011e-01
4.546000000000000263e+00 7.822000000000000064e-01 8.845000000000000084e-02 -3.544999999999999818e-01
4.709600000000000009e+00 7.822000000000000064e-01 9.054999999999999161e-02 -3.885500000000000065e-01
4.873300000000000409e+00 7.822000000000000064e-01 8.474999999999999201e-02 -3.928500000000000325e-01
5.036900000000000155e+00 7.822000000000000064e-01 7.885000000000000342e-02 -4.093499999999999917e-01
5.200599999999999667e+00 7.822000000000000064e-01 7.570000000000000340e-02 -4.281000000000000361e-01
5.364200000000000301e+00 7.822000000000000064e-01 7.420000000000000207e-02 -4.398500000000000187e-01
5.527800000000000047e+00 7.822000000000000064e-01 6.304999999999999494e-02 -4.405999999999999917e-01
5.691499999999999559e+00 7.822000000000000064e-01 4.620000000000000495e-02 -4.576500000000000012e-01
5.855100000000000193e+00 7.822000000000000064e-01 3.865000000000000380e-02 -4.485500000000000043e-01
6.018799999999999706e+00 7.822000000000000064e-01 1.945000000000000201e-02 -4.549999999999999600e-01
6.182400000000000340e+00 7.822000000000000064e-01 1.345000000000000015e-02 -4.667000000000000037e-01
6.346099999999999852e+00 7.822000000000000064e-01 8.349999999999999784e-03 -4.761999999999999567e-01
6.509699999999999598e+00 7.822000000000000064e-01 -1.779999999999999985e-02 -4.778000000000000025e-01
6.673300000000000232e+00 7.822000000000000064e-01 -3.504999999999999782e-02 -4.994999999999999440e-01
6.836999999999999744e+00 7.822000000000000064e-01 -6.559999999999999165e-02 -4.994999999999999996e-01
7.000600000000000378e+00 7.822000000000000064e-01 -9.174999999999999822e-02 -5.100999999999999979e-01
7.164299999999999891e+00 7.822000000000000064e-01 -1.083999999999999964e-01 -5.182999999999999829e-01
7.327899999999999636e+00 7.822000000000000064e-01 -1.469500000000000250e-01 -5.017500000000000293e-01
1.275999999999999912e-01 6.186000000000000387e-01 1.649499999999999855e-01 -2.732999999999999874e-01
2.913000000000000034e-01 6.186000000000000387e-01 1.048000000000000043e-01 -2.213999999999999857e-01
4.549000000000000266e-01 6.186000000000000387e-01 1.150499999999999995e-01 -2.496499999999999830e-01
6.186000000000000387e-01 6.186000000000000387e-01 1.045999999999999985e-01 -2.687500000000000444e-01
7.822000000000000064e-01 6.186000000000000387e-01 1.074500000000000038e-01 -2.764499999999999735e-01
9.458999999999999631e-01 6.186000000000000387e-01 1.052499999999999963e-01 -2.781500000000000083e-01
1.109499999999999931e+00 6.186000000000000387e-01 9.934999999999999387e-02 -2.735499999999999599e-01
1.273099999999999898e+00 6.186000000000000387e-01 1.009499999999999981e-01 -2.932500000000000107e-01
1.436800000000000077e+00 6.186000000000000387e-01 1.005999999999999950e-01 -3.061000000000000387e-01
1.600400000000000045e+00 6.186000000000000387e-01 9.784999999999999254e-02 -2.986999999999999655e-01
1.764100000000000001e+00 6.186000000000000387e-01 9.375000000000000000e-02 -3.105999999999999872e-01
1.927699999999999969e+00 6.186000000000000387e-01 9.725000000000000311e-02 -3.140000000000000013e-01
2.091400000000000148e+00 6.186000000000000387e-01 9.684999999999999165e-02 -3.193000000000000282e-01
2.254999999999999893e+00 6.186000000000000387e-01 9.454999999999999516e-02 -3.377000000000000002e-01
2.418600000000000083e+00 6.186000000000000387e-01 9.445000000000000617e-02 -3.354000000000000314e-01
2.582300000000000040e+00 6.186000000000000387e-01 9.310000000000000220e-02 -3.454499999999999793e-01
2.745899999999999785e+00 6.186000000000000387e-01 8.524999999999999245e-02 -3.491499999999999604e-01
2.909600000000000186e+00 6.186000000000000387e-01 8.995000000000000218e-02 -3.623500000000000054e-01
3.073199999999999932e+00 6.186000000000000387e-01 8.890000000000000679e-02 -3.613000000000000100e-01
3.236800000000000122e+00 6.186000000000000387e-01 7.969999999999999307e-02 -3.582999999999999519e-01
3.400500000000000078e+00 6.186000000000000387e-01 8.100000000000000255e-02 -3.671499999999999764e-01
3.564099999999999824e+00 6.186000000000000387e-01 7.769999999999999130e-02 -3.788000000000000256e-01
3.727799999999999780e+00 6.186000000000000387e-01 8.269999999999999574e-02 -3.777500000000000302e-01
3.891399999999999970e+00 6.186000000000000387e-01 8.299999999999999045e-02 -3.819500000000000117e-01
4.055100000000000371e+00 6.186000000000000387e-01 8.544999999999999818e-02 -3.988500000000000378e-01
4.218700000000000117e+00 6.186000000000000387e-01 9.610000000000000486e-02 -4.117999999999999994e-01
4.382299999999999862e+00 6.186000000000000387e-01 9.790000000000000091e-02 -4.251500000000000279e-01
4.546000000000000263e+00 6.186000000000000387e-01 9.259999999999998788e-02 -4.406999999999999806e-01
4.709600000000000009e+00 6.186000000000000387e-01 1.047499999999999959e-01 -4.758499999999999952e-01
4.873300000000000409e+00 6.186000000000000387e-01 9.295000000000000484e-02 -4.651500000000000079e-01
5.036900000000000155e+00 6.186000000000000387e-01 9.210000000000000131e-02 -4.721499999999999586e-01
5.200599999999999667e+00 6.186000000000000387e-01 8.644999999999999907e-02 -4.834500000000000464e-01
5.364200000000000301e+00 6.186000000000000387e-01 8.089999999999999969e-02 -5.048000000000000265e-01
5.527800000000000047e+00 6.186000000000000387e-01 7.694999999999999063e-02 -5.244999999999999662e-01
5.691499999999999559e+00 6.186000000000000387e-01 7.195000000000000007e-02 -5.403499999999999970e-01
5.855100000000000193e+00 6.186000000000000387e-01 5.855000000000000482e-02 -5.611999999999999211e-01
6.018799999999999706e+00 6.186000000000000387e-01 3.994999999999999940e-02 -5.491500000000000270e-01
6.182400000000000340e+00 6.186000000000000387e-01 2.090000000000000191e-02 -5.245999999999999552e-01
6.346099999999999852e+00 6.186000000000000387e-01 1.400000000000000029e-02 -5.214499999999999691e-01
6.509699999999999598e+00 6.186000000000000387e-01 -1.515000000000000027e-02 -5.277500000000000524e-01
6.673300000000000232e+00 6.186000000000000387e-01 -3.395000000000000101e-02 -5.500499999999999279e-01
6.836999999999999744e+00 6.186000000000000387e-01 -5.805000000000000437e-02 -5.321500000000000119e-01
7.000600000000000378e+00 6.186000000000000387e-01 -7.295000000000000095e-02 -5.304499999999999771e-01
7.164299999999999891e+00 6.186000000000000387e-01 -9.614999999999999936e-02 -5.695000000000000062e-01
7.327899999999999636e+00 6.186000000000000387e-01 -1.365999999999999992e-01 -5.721000000000000529e-01
1.275999999999999912e-01 4.549000000000000266e-01 1.612500000000000044e-01 -3.487500000000000044e-01
2.913000000000000034e-01 4.549000000000000266e-01 1.265000000000000013e-01 -3.241499999999999937e-01
4.549000000000000266e-01 4.549000000000000266e-01 1.147999999999999993e-01 -3.144500000000000073e-01
6.186000000000000387e-01 4.549000000000000266e-01 1.197499999999999953e-01 -3.190500000000000003e-01
7.822000000000000064e-01 4.549000000000000266e-01 1.111000000000000043e-01 -3.493499999999999939e-01
9.458999999999999631e-01 4.549000000000000266e-01 9.920000000000001039e-02 -3.386000000000000121e-01
1.109499999999999931e+00 4.549000000000000266e-01 1.008499999999999952e-01 -3.293500000000000316e-01
1.273099999999999898e+00 4.549000000000000266e-01 9.925000000000000488e-02 -3.606000000000000316e-01
1.436800000000000077e+00 4.549000000000000266e-01 9.765000000000000069e-02 -3.762999999999999678e-01
1.600400000000000045e+00 4.549000000000000266e-01 9.534999999999999032e-02 -3.403499999999999859e-01
1.764100000000000001e+00 4.549000000000000266e-01 9.454999999999999516e-02 -3.576500000000000234e-01
1.927699999999999969e+00 4.549000000000000266e-01 8.829999999999998961e-02 -3.903999999999999693e-01
2.091400000000000148e+00 4.549000000000000266e-01 9.965000000000000246e-02 -4.184499999999999886e-01
2.254999999999999893e+00 4.549000000000000266e-01 9.675000000000000266e-02 -3.986000000000000099e-01
2.418600000000000083e+00 4.549000000000000266e-01 9.435000000000000331e-02 -4.138999999999999901e-01
2.582300000000000040e+00 4.549000000000000266e-01 9.410000000000000309e-02 -4.181500000000000217e-01
2.745899999999999785e+00 4.549000000000000266e-01 8.140000000000000013e-02 -4.107000000000000095e-01
2.909600000000000186e+00 4.549000000000000266e-01 8.219999999999999529e-02 -4.269000000000000017e-01
3.073199999999999932e+00 4.549000000000000266e-01 7.999999999999998779e-02 -4.310500000000000442e-01
3.236800000000000122e+00 4.549000000000000266e-01 7.539999999999999480e-02 -4.396999999999999797e-01
3.400500000000000078e+00 4.549000000000000266e-01 7.184999999999999720e-02 -4.267500000000000182e-01
3.564099999999999824e+00 4.549000000000000266e-01 7.000000000000000666e-02 -4.461499999999999910e-01
3.727799999999999780e+00 4.549000000000000266e-01 7.520000000000000295e-02 -4.354000000000000092e-01
3.891399999999999970e+00 4.549000000000000266e-01 8.185000000000000608e-02 -4.710999999999999632e-01
4.055100000000000371e+00 4.549000000000000266e-01 9.620000000000000773e-02 -4.672999999999999932e-01
4.218700000000000117e+00 4.549000000000000266e-01 9.324999999999999956e-02 -4.566000000000000059e-01
4.382299999999999862e+00 4.549000000000000266e-01 1.007500000000000062e-01 -4.788000000000000034e-01
4.546000000000000263e+00 4.549000000000000266e-01 1.086999999999999911e-01 -4.922999999999999599e-01
4.709600000000000009e+00 4.549000000000000266e-01 1.103999999999999981e-01 -5.254499999999999726e-01
4.873300000000000409e+00 4.549000000000000266e-01 9.894999999999999629e-02 -5.186500000000000554e-01
5.036900000000000155e+00 4.549000000000000266e-01 9.620000000000000773e-02 -5.566999999999999726e-01
5.200599999999999667e+00 4.549000000000000266e-01 9.185000000000000109e-02 -6.050999999999999712e-01
5.364200000000000301e+00 4.549000000000000266e-01 8.335000000000000742e-02 -5.625999999999999890e-01
5.527800000000000047e+00 4.549000000000000266e-01 8.465000000000000302e-02 -5.393000000000000016e-01
5.691499999999999559e+00 4.549000000000000266e-01 7.284999999999999809e-02 -5.609500000000000597e-01
5.855100000000000193e+00 4.549000000000000266e-01 6.620000000000000884e-02 -6.361499999999999932e-01
6.018799999999999706e+00 4.549000000000000266e-01 5.784999999999999865e-02 -6.264499999999999513e-01
6.182400000000000340e+00 4.549000000000000266e-01 4.605000000000000066e-02 -5.964000000000000412e-01
6.346099999999999852e+00 4.549000000000000266e-01 3.379999999999999671e-02 -5.986500000000000155e-01
6.509699999999999598e+00 4.549000000000000266e-01 4.300000000000000003e-03 -5.928999999999999826e-01
6.673300000000000232e+00 4.549000000000000266e-01 -4.305000000000000493e-02 -5.266999999999999460e-01
6.836999999999999744e+00 4.549000000000000266e-01 -5.115000000000000102e-02 -5.069000000000000172e-01
7.000600000000000378e+00 4.549000000000000266e-01 -6.285000000000000309e-02 -5.161000000000000032e-01
7.164299999999999891e+00 4.549000000000000266e-01 -7.705000000000000737e-02 -5.111499999999999932e-01
7.327899999999999636e+00 4.549000000000000266e-01 -1.355500000000000038e-01 -6.046000000000000263e-01
1.275999999999999912e-01 2.913000000000000034e-01 1.655999999999999972e-01 -4.143000000000000016e-01
2.913000000000000034e-01 2.913000000000000034e-01 1.204999999999999960e-01 -3.457999999999999963e-01
4.549000000000000266e-01 2.913000000000000034e-01 1.176999999999999991e-01 -3.629000000000000004e-01
6.186000000000000387e-01 2.913000000000000034e-01 1.116999999999999937e-01 -4.626000000000000112e-01
7.822000000000000064e-01 2.913000000000000034e-01 1.019499999999999990e-01 -4.643500000000000405e-01
9.458999999999999631e-01 2.913000000000000034e-01 1.025999999999999968e-01 -4.363000000000000211e-01
1.109499999999999931e+00 2.913000000000000034e-01 9.320000000000000506e-02 -4.582499999999999907e-01
1.273099999999999898e+00 2.913000000000000034e-01 8.899999999999999578e-02 -4.237500000000000155e-01
1.436800000000000077e+00 2.913000000000000034e-01 8.235000000000000653e-02 -4.392500000000000293e-01
1.600400000000000045e+00 2.913000000000000034e-01 8.465000000000000302e-02 -3.298999999999999710e-01
1.764100000000000001e+00 2.913000000000000034e-01 9.595000000000000751e-02 -3.332999999999999852e-01
1.927699999999999969e+00 2.913000000000000034e-01 9.329999999999999405e-02 -4.610499999999999599e-01
2.091400000000000148e+00 2.913000000000000034e-01 9.489999999999999825e-02 -5.082499999999999796e-01
2.254999999999999893e+00 2.913000000000000034e-01 9.625000000000000222e-02 -4.788999999999999924e-01
2.418600000000000083e+00 2.913000000000000034e-01 9.865000000000000158e-02 -5.002500000000000835e-01
2.582300000000000040e+00 2.913000000000000034e-01 9.869999999999999607e-02 -5.248999999999999222e-01
2.745899999999999785e+00 2.913000000000000034e-01 8.765000000000000568e-02 -5.435999999999999721e-01
2.909600000000000186e+00 2.913000000000000034e-01 6.900000000000000577e-02 -5.563500000000000112e-01
3.073199999999999932e+00 2.913000000000000034e-01 6.235000000000000264e-02 -5.649999999999999467e-01
3.236800000000000122e+00 2.913000000000000034e-01 6.395000000000000684e-02 -5.816500000000000004e-01
3.400500000000000078e+00 2.913000000000000034e-01 6.619999999999999496e-02 -4.633000000000000451e-01
3.564099999999999824e+00 2.913000000000000034e-01 6.930000000000000049e-02 -5.143999999999999684e-01
3.727799999999999780e+00 2.913000000000000034e-01 6.535000000000000531e-02 -5.351000000000000201e-01
3.891399999999999970e+00 2.913000000000000034e-01 7.825000000000000011e-02 -5.562500000000000222e-01
4.055100000000000371e+00 2.913000000000000034e-01 8.890000000000000679e-02 -5.588500000000000689e-01
4.218700000000000117e+00 2.913000000000000034e-01 9.979999999999999982e-02 -5.947000000000000064e-01
4.382299999999999862e+00 2.913000000000000034e-01 1.103500000000000036e-01 -6.085500000000000353e-01
4.546000000000000263e+00 2.913000000000000034e-01 1.246000000000000024e-01 -5.309999999999999165e-01
4.709600000000000009e+00 2.913000000000000034e-01 1.013999999999999901e-01 -5.907499999999999973e-01
4.873300000000000409e+00 2.913000000000000034e-01 9.079999999999999183e-02 -5.402500000000000080e-01
5.036900000000000155e+00 2.913000000000000034e-01 8.674999999999999378e-02 -5.328999999999999293e-01
5.200599999999999667e+00 2.913000000000000034e-01 8.640000000000000457e-02 -5.614000000000000101e-01
5.364200000000000301e+00 2.913000000000000034e-01 8.210000000000000631e-02 -6.075500000000000345e-01
5.527800000000000047e+00 2.913000000000000034e-01 8.554999999999998717e-02 -5.576999999999999735e-01
5.691499999999999559e+00 2.913000000000000034e-01 9.600000000000000200e-02 -7.338500000000000023e-01
5.855100000000000193e+00 2.913000000000000034e-01 1.880000000000000074e-02 -4.880499999999999838e-01
6.018799999999999706e+00 2.913000000000000034e-01 5.315000000000000280e-02 -5.849999999999999645e-01
6.182400000000000340e+00 2.913000000000000034e-01 4.184999999999999831e-02 -5.759499999999999620e-01
6.346099999999999852e+00 2.913000000000000034e-01 4.524999999999999856e-02 -7.514499999999999513e-01
6.509699999999999598e+00 2.913000000000000034e-01 -4.154999999999999666e-02 -4.220500000000000362e-01
6.673300000000000232e+00 2.913000000000000034e-01 -5.799999999999999600e-02 -4.150000000000000355e-01
6.836999999999999744e+00 2.913000000000000034e-01 1.089999999999999997e-02 1.460000000000000013e-02
7.000600000000000378e+00 2.913000000000000034e-01 -5.764999999999999986e-02 -4.455999999999999961e-01
7.164299999999999891e+00 2.913000000000000034e-01 -6.454999999999999627e-02 -4.376499999999999835e-01
7.327899999999999636e+00 2.913000000000000034e-01 -7.234999999999999765e-02 -4.484500000000000153e-01
1.275999999999999912e-01 1.275999999999999912e-01 7.159999999999999698e-02 -2.092499999999999916e-01
2.913000000000000034e-01 1.275999999999999912e-01 9.314999999999999669e-02 -4.255999999999999783e-01
4.549000000000000266e-01 1.275999999999999912e-01 1.142999999999999988e-01 -3.396000000000000130e-01
6.186000000000000387e-01 1.275999999999999912e-01 1.116000000000000048e-01 -3.489999999999999769e-01
7.822000000000000064e-01 1.275999999999999912e-01 9.879999999999999893e-02 -4.282500000000000195e-01
9.458999999999999631e-01 1.275999999999999912e-01 9.904999999999999916e-02 -3.501500000000000168e-01
1.109499999999999931e+00 1.275999999999999912e-01 8.879999999999999005e-02 -5.591999999999999194e-01
1.273099999999999898e+00 1.275999999999999912e-01 8.660000000000001030e-02 -5.536499999999999755e-01
1.436800000000000077e+00 1.275999999999999912e-01 9.195000000000000395e-02 -5.209500000000000242e-01
1.600400000000000045e+00 1.275999999999999912e-01 9.675000000000000266e-02 -5.201500000000000012e-01
1.764100000000000001e+00 1.275999999999999912e-01 9.854999999999999871e-02 -6.292999999999999705e-01
1.927699999999999969e+00 1.275999999999999912e-01 9.979999999999999982e-02 -4.711500000000000132e-01
2.091400000000000148e+00 1.275999999999999912e-01 9.570000000000000728e-02 -4.271000000000000352e-01
2.254999999999999893e+00 1.275999999999999912e-01 9.315000000000001057e-02 -6.103499999999999481e-01
2.418600000000000083e+00 1.275999999999999912e-01 1.010999999999999954e-01 -5.967500000000000027e-01
2.582300000000000040e+00 1.275999999999999912e-01 1.007000000000000117e-01 -5.691500000000000448e-01
2.745899999999999785e+00 1.275999999999999912e-01 7.730000000000000759e-02 -5.888499999999999845e-01
2.909600000000000186e+00 1.275999999999999912e-01 8.210000000000000631e-02 -4.714000000000000412e-01
3.073199999999999932e+00 1.275999999999999912e-01 7.799999999999999989e-02 -4.793000000000000038e-01
3.236800000000000122e+00 1.275999999999999912e-01 6.105000000000000704e-02 -6.991499999999999382e-01
3.400500000000000078e+00 1.275999999999999912e-01 6.049999999999999822e-02 -6.132500000000000728e-01
3.564099999999999824e+00 1.275999999999999912e-01 5.690000000000000613e-02 -7.289499999999999869e-01
3.727799999999999780e+00 1.275999999999999912e-01 7.419999999999998819e-02 -6.252999999999999670e-01
3.891399999999999970e+00 1.275999999999999912e-01 8.119999999999999440e-02 -7.764999999999999680e-01
4.055100000000000371e+00 1.275999999999999912e-01 9.190000000000000946e-02 -8.149999999999999467e-01
4.218700000000000117e+00 1.275999999999999912e-01 9.324999999999999956e-02 -6.482999999999999874e-01
4.382299999999999862e+00 1.275999999999999912e-01 9.604999999999999649e-02 -7.953500000000000014e-01
4.546000000000000263e+00 1.275999999999999912e-01 1.002500000000000058e-01 -6.894500000000000073e-01
4.709600000000000009e+00 1.275999999999999912e-01 9.639999999999999958e-02 -7.182999999999999385e-01
4.873300000000000409e+00 1.275999999999999912e-01 9.520000000000000684e-02 -5.458499999999999464e-01
5.036900000000000155e+00 1.275999999999999912e-01 8.865000000000000657e-02 -4.674000000000000377e-01
5.200599999999999667e+00 1.275999999999999912e-01 8.824999999999999512e-02 -5.463999999999999968e-01
5.364200000000000301e+00 1.275999999999999912e-01 7.914999999999999813e-02 -5.418000000000000593e-01
5.527800000000000047e+00 1.275999999999999912e-01 8.945000000000000173e-02 -4.757500000000000062e-01
5.691499999999999559e+00 1.275999999999999912e-01 6.114999999999999603e-02 -5.429000000000000492e-01
5.855100000000000193e+00 1.275999999999999912e-01 1.405000000000000346e-02 -4.963499999999999579e-01
6.018799999999999706e+00 1.275999999999999912e-01 -1.050000000000002320e-03 -4.868000000000000105e-01
6.182400000000000340e+00 1.275999999999999912e-01 -2.135000000000000092e-02 -1.862499999999999989e-01
6.346099999999999852e+00 1.275999999999999912e-01 -1.435500000000000109e-01 -2.849499999999999811e-01
6.509699999999999598e+00 1.275999999999999912e-01 -4.594999999999999779e-02 -4.066500000000000115e-01
6.673300000000000232e+00 1.275999999999999912e-01 4.400000000000000265e-03 1.975000000000000019e-02
6.836999999999999744e+00 1.275999999999999912e-01 1.540000000000000049e-02 6.500000000000000569e-03
7.000600000000000378e+00 1.275999999999999912e-01 -5.265000000000000235e-02 -4.316499999999999782e-01
7.164299999999999891e+00 1.275999999999999912e-01 -5.824999999999999623e-02 -4.205499999999999794e-01
7.327899999999999636e+00 1.275999999999999912e-01 -6.464999999999999913e-02 -4.336999999999999744e-01
