1.275999999999999912e-01 1.927699999999999969e+00 7.739999999999999658e-02 -3.109999999999999917e-02
2.913000000000000034e-01 1.927699999999999969e+00 7.939999999999999836e-02 -3.325000000000000178e-02
4.549000000000000266e-01 1.927699999999999969e+00 7.925000000000000100e-02 -4.205000000000000404e-02
6.186000000000000387e-01 1.927699999999999969e+00 9.260000000000000175e-02 -5.690000000000000613e-02
7.822000000000000064e-01 1.927699999999999969e+00 8.770000000000000018e-02 -5.424999999999999961e-02
9.458999999999999631e-01 1.927699999999999969e+00 8.945000000000000173e-02 -5.800000000000000294e-02
1.109499999999999931e+00 1.927699999999999969e+00 1.021499999999999908e-01 -7.075000000000000733e-02
1.273099999999999898e+00 1.927699999999999969e+00 9.895000000000001017e-02 -7.925000000000000100e-02
1.436800000000000077e+00 1.927699999999999969e+00 9.334999999999998854e-02 -8.300000000000000433e-02
1.600400000000000045e+00 1.927699999999999969e+00 8.770000000000000018e-02 -8.064999999999999947e-02
1.764100000000000001e+00 1.927699999999999969e+00 8.505000000000000060e-02 -8.610000000000000986e-02
1.927699999999999969e+00 1.927699999999999969e+00 9.024999999999999689e-02 -9.450000000000000067e-02
2.091400000000000148e+00 1.927699999999999969e+00 9.104999999999999205e-02 -1.060999999999999999e-01
2.254999999999999893e+00 1.927699999999999969e+00 9.185000000000000109e-02 -1.166500000000000037e-01
2.418600000000000083e+00 1.927699999999999969e+00 8.655000000000000193e-02 -1.123500000000000054e-01
2.582300000000000040e+00 1.927699999999999969e+00 9.475000000000000089e-02 -1.265000000000000013e-01
2.745899999999999785e+00 1.927699999999999969e+00 8.519999999999999796e-02 -1.349500000000000144e-01
2.909600000000000186e+00 1.927699999999999969e+00 8.615000000000000435e-02 -1.496999999999999997e-01
3.073199999999999932e+00 1.927699999999999969e+00 8.160000000000000586e-02 -1.572999999999999954e-01
3.236800000000000122e+00 1.927699999999999969e+00 7.409999999999999920e-02 -1.520999999999999852e-01
3.400500000000000078e+00 1.927699999999999969e+00 7.270000000000000073e-02 -1.567000000000000060e-01
3.564099999999999824e+00 1.927699999999999969e+00 7.270000000000000073e-02 -1.661499999999999921e-01
3.727799999999999780e+00 1.927699999999999969e+00 6.969999999999999807e-02 -1.869000000000000106e-01
3.891399999999999970e+00 1.927699999999999969e+00 6.594999999999999474e-02 -1.926499999999999879e-01
4.055100000000000371e+00 1.927699999999999969e+00 5.799999999999999600e-02 -1.813000000000000167e-01
4.218700000000000117e+00 1.927699999999999969e+00 5.559999999999999665e-02 -1.668000000000000038e-01
4.382299999999999862e+00 1.927699999999999969e+00 4.680000000000000132e-02 -1.777500000000000191e-01
4.546000000000000263e+00 1.927699999999999969e+00 4.705000000000000154e-02 -2.050000000000000155e-01
4.709600000000000009e+00 1.927699999999999969e+00 4.044999999999999984e-02 -1.995500000000000052e-01
4.873300000000000409e+00 1.927699999999999969e+00 3.529999999999999805e-02 -1.994499999999999884e-01
5.036900000000000155e+00 1.927699999999999969e+00 3.049999999999999933e-02 -2.164500000000000035e-01
5.200599999999999667e+00 1.927699999999999969e+00 2.545000000000000040e-02 -2.114999999999999936e-01
5.364200000000000301e+00 1.927699999999999969e+00 1.480000000000000066e-02 -2.177000000000000046e-01
5.527800000000000047e+00 1.927699999999999969e+00 8.199999999999998956e-03 -2.213999999999999857e-01
5.691499999999999559e+00 1.927699999999999969e+00 5.749999999999999903e-03 -2.290000000000000091e-01
5.855100000000000193e+00 1.927699999999999969e+00 1.200000000000000112e-03 -2.329499999999999904e-01
6.018799999999999706e+00 1.927699999999999969e+00 -9.599999999999999159e-03 -2.373500000000000054e-01
6.182400000000000340e+00 1.927699999999999969e+00 -2.185000000000000137e-02 -2.368999999999999995e-01
6.346099999999999852e+00 1.927699999999999969e+00 -3.109999999999999917e-02 -2.299499999999999877e-01
6.509699999999999598e+00 1.927699999999999969e+00 -4.390000000000000152e-02 -2.306499999999999939e-01
6.673300000000000232e+00 1.927699999999999969e+00 -5.645000000000000018e-02 -2.256500000000000172e-01
6.836999999999999744e+00 1.927699999999999969e+00 -6.529999999999999694e-02 -2.270499999999999741e-01
7.000600000000000378e+00 1.927699999999999969e+00 -7.855000000000000870e-02 -2.158999999999999808e-01
7.164299999999999891e+00 1.927699999999999969e+00 -8.429999999999999993e-02 -2.208499999999999908e-01
7.327899999999999636e+00 1.927699999999999969e+00 -9.654999999999999694e-02 -2.173499999999999877e-01
1.275999999999999912e-01 1.764100000000000001e+00 7.889999999999999791e-02 -3.334999999999999770e-02
2.913000000000000034e-01 1.764100000000000001e+00 8.685000000000001052e-02 -4.259999999999999898e-02
4.549000000000000266e-01 1.764100000000000001e+00 8.749999999999999445e-02 -4.775000000000000078e-02
6.186000000000000387e-01 1.764100000000000001e+00 9.179999999999999272e-02 -5.070000000000000201e-02
7.822000000000000064e-01 1.764100000000000001e+00 9.639999999999999958e-02 -5.889999999999999403e-02
9.458999999999999631e-01 1.764100000000000001e+00 9.670000000000000817e-02 -6.579999999999999738e-02
1.109499999999999931e+00 1.764100000000000001e+00 9.435000000000000331e-02 -6.955000000000000071e-02
1.273099999999999898e+00 1.764100000000000001e+00 9.800000000000000377e-02 -8.404999999999999971e-02
1.436800000000000077e+00 1.764100000000000001e+00 9.990000000000000269e-02 -8.995000000000000218e-02
1.600400000000000045e+00 1.764100000000000001e+00 9.859999999999999321e-02 -8.770000000000000018e-02
1.764100000000000001e+00 1.764100000000000001e+00 9.660000000000000531e-02 -9.879999999999999893e-02
1.927699999999999969e+00 1.764100000000000001e+00 9.174999999999999822e-02 -1.058999999999999941e-01
2.091400000000000148e+00 1.764100000000000001e+00 9.800000000000000377e-02 -1.170999999999999958e-01
2.254999999999999893e+00 1.764100000000000001e+00 1.024000000000000049e-01 -1.272500000000000020e-01
2.418600000000000083e+00 1.764100000000000001e+00 1.007500000000000062e-01 -1.286499999999999866e-01
2.582300000000000040e+00 1.764100000000000001e+00 9.620000000000000773e-02 -1.340000000000000080e-01
2.745899999999999785e+00 1.764100000000000001e+00 9.625000000000000222e-02 -1.504999999999999949e-01
2.909600000000000186e+00 1.764100000000000001e+00 9.479999999999999538e-02 -1.627000000000000113e-01
3.073199999999999932e+00 1.764100000000000001e+00 8.799999999999999489e-02 -1.703999999999999959e-01
3.236800000000000122e+00 1.764100000000000001e+00 8.069999999999999396e-02 -1.748999999999999999e-01
3.400500000000000078e+00 1.764100000000000001e+00 8.415000000000000258e-02 -1.861499999999999821e-01
3.564099999999999824e+00 1.764100000000000001e+00 7.839999999999999747e-02 -1.932999999999999996e-01
3.727799999999999780e+00 1.764100000000000001e+00 7.605000000000000648e-02 -1.999499999999999889e-01
3.891399999999999970e+00 1.764100000000000001e+00 7.654999999999999305e-02 -2.062499999999999889e-01
4.055100000000000371e+00 1.764100000000000001e+00 7.365000000000000713e-02 -2.158499999999999863e-01
4.218700000000000117e+00 1.764100000000000001e+00 6.484999999999999098e-02 -2.127999999999999892e-01
4.382299999999999862e+00 1.764100000000000001e+00 5.104999999999999816e-02 -1.951499999999999901e-01
4.546000000000000263e+00 1.764100000000000001e+00 5.390000000000000346e-02 -2.222500000000000031e-01
4.709600000000000009e+00 1.764100000000000001e+00 5.015000000000000013e-02 -2.373500000000000054e-01
4.873300000000000409e+00 1.764100000000000001e+00 4.100000000000000172e-02 -2.353000000000000091e-01
5.036900000000000155e+00 1.764100000000000001e+00 3.364999999999999936e-02 -2.420499999999999874e-01
5.200599999999999667e+00 1.764100000000000001e+00 3.295000000000000012e-02 -2.478500000000000147e-01
5.364200000000000301e+00 1.764100000000000001e+00 2.224999999999999895e-02 -2.538000000000000256e-01
5.527800000000000047e+00 1.764100000000000001e+00 1.349999999999999985e-02 -2.389499999999999957e-01
5.691499999999999559e+00 1.764100000000000001e+00 9.799999999999999684e-03 -2.556500000000000439e-01
5.855100000000000193e+00 1.764100000000000001e+00 -4.499999999999998793e-04 -2.629500000000000171e-01
6.018799999999999706e+00 1.764100000000000001e+00 -9.799999999999999684e-03 -2.682999999999999829e-01
6.182400000000000340e+00 1.764100000000000001e+00 -2.280000000000000082e-02 -2.643999999999999684e-01
6.346099999999999852e+00 1.764100000000000001e+00 -3.254999999999999560e-02 -2.523500000000000187e-01
6.509699999999999598e+00 1.764100000000000001e+00 -4.209999999999999853e-02 -2.510999999999999899e-01
6.673300000000000232e+00 1.764100000000000001e+00 -5.460000000000000270e-02 -2.483000000000000207e-01
6.836999999999999744e+00 1.764100000000000001e+00 -6.884999999999999454e-02 -2.389499999999999957e-01
7.000600000000000378e+00 1.764100000000000001e+00 -8.920000000000000151e-02 -2.384999999999999898e-01
7.164299999999999891e+00 1.764100000000000001e+00 -9.095000000000000306e-02 -2.406000000000000083e-01
7.327899999999999636e+00 1.764100000000000001e+00 -9.750000000000000333e-02 -2.281499999999999917e-01
1.275999999999999912e-01 1.600400000000000045e+00 8.604999999999998761e-02 -3.789999999999999619e-02
2.913000000000000034e-01 1.600400000000000045e+00 8.709999999999999687e-02 -4.604999999999999372e-02
4.549000000000000266e-01 1.600400000000000045e+00 9.154999999999999249e-02 -5.080000000000000487e-02
6.186000000000000387e-01 1.600400000000000045e+00 9.005000000000000504e-02 -4.949999999999999539e-02
7.822000000000000064e-01 1.600400000000000045e+00 9.570000000000000728e-02 -5.999999999999999778e-02
9.458999999999999631e-01 1.600400000000000045e+00 9.659999999999999143e-02 -6.715000000000000135e-02
1.109499999999999931e+00 1.600400000000000045e+00 9.684999999999999165e-02 -7.390000000000000735e-02
1.273099999999999898e+00 1.600400000000000045e+00 1.005000000000000060e-01 -8.279999999999999860e-02
1.436800000000000077e+00 1.600400000000000045e+00 1.053499999999999992e-01 -9.334999999999998854e-02
1.600400000000000045e+00 1.600400000000000045e+00 1.059500000000000025e-01 -9.654999999999999694e-02
1.764100000000000001e+00 1.600400000000000045e+00 1.060000000000000109e-01 -1.033000000000000029e-01
1.927699999999999969e+00 1.600400000000000045e+00 9.854999999999999871e-02 -1.152999999999999997e-01
2.091400000000000148e+00 1.600400000000000045e+00 1.010000000000000064e-01 -1.264500000000000068e-01
2.254999999999999893e+00 1.600400000000000045e+00 1.103500000000000036e-01 -1.347500000000000087e-01
2.418600000000000083e+00 1.600400000000000045e+00 1.101000000000000034e-01 -1.441500000000000004e-01
2.582300000000000040e+00 1.600400000000000045e+00 1.117499999999999882e-01 -1.607500000000000040e-01
2.745899999999999785e+00 1.600400000000000045e+00 1.041499999999999926e-01 -1.676500000000000212e-01
2.909600000000000186e+00 1.600400000000000045e+00 9.535000000000000420e-02 -1.721499999999999975e-01
3.073199999999999932e+00 1.600400000000000045e+00 8.870000000000000107e-02 -1.796999999999999986e-01
3.236800000000000122e+00 1.600400000000000045e+00 8.984999999999999931e-02 -1.942499999999999782e-01
3.400500000000000078e+00 1.600400000000000045e+00 8.605000000000000149e-02 -2.030500000000000083e-01
3.564099999999999824e+00 1.600400000000000045e+00 8.605000000000000149e-02 -2.105000000000000204e-01
3.727799999999999780e+00 1.600400000000000045e+00 8.140000000000000013e-02 -2.137999999999999901e-01
3.891399999999999970e+00 1.600400000000000045e+00 8.140000000000000013e-02 -2.188499999999999890e-01
4.055100000000000371e+00 1.600400000000000045e+00 7.635000000000000120e-02 -2.353500000000000036e-01
4.218700000000000117e+00 1.600400000000000045e+00 6.959999999999999520e-02 -2.400499999999999856e-01
4.382299999999999862e+00 1.600400000000000045e+00 6.329999999999999516e-02 -2.452500000000000235e-01
4.546000000000000263e+00 1.600400000000000045e+00 6.129999999999999338e-02 -2.529500000000000082e-01
4.709600000000000009e+00 1.600400000000000045e+00 5.610000000000000403e-02 -2.623999999999999666e-01
4.873300000000000409e+00 1.600400000000000045e+00 4.854999999999999594e-02 -2.618499999999999717e-01
5.036900000000000155e+00 1.600400000000000045e+00 4.044999999999999984e-02 -2.661999999999999922e-01
5.200599999999999667e+00 1.600400000000000045e+00 3.950000000000000039e-02 -2.781000000000000139e-01
5.364200000000000301e+00 1.600400000000000045e+00 2.244999999999999774e-02 -2.747499999999999942e-01
5.527800000000000047e+00 1.600400000000000045e+00 9.649999999999998856e-03 -2.940999999999999726e-01
5.691499999999999559e+00 1.600400000000000045e+00 8.449999999999999178e-03 -2.910499999999999754e-01
5.855100000000000193e+00 1.600400000000000045e+00 1.199999999999999895e-03 -2.821500000000000119e-01
6.018799999999999706e+00 1.600400000000000045e+00 -6.499999999999999702e-03 -2.859500000000000375e-01
6.182400000000000340e+00 1.600400000000000045e+00 -1.789999999999999925e-02 -2.958500000000000019e-01
6.346099999999999852e+00 1.600400000000000045e+00 -2.974999999999999867e-02 -2.888000000000000012e-01
6.509699999999999598e+00 1.600400000000000045e+00 -4.354999999999999843e-02 -2.909499999999999864e-01
6.673300000000000232e+00 1.600400000000000045e+00 -4.939999999999999947e-02 -2.857999999999999985e-01
6.836999999999999744e+00 1.600400000000000045e+00 -6.675000000000000377e-02 -2.237000000000000099e-01
7.000600000000000378e+00 1.600400000000000045e+00 -8.254999999999999838e-02 -2.724499999999999700e-01
7.164299999999999891e+00 1.600400000000000045e+00 -8.649999999999999356e-02 -2.629000000000000226e-01
7.327899999999999636e+00 1.600400000000000045e+00 -9.740000000000000047e-02 -2.384000000000000008e-01
1.275999999999999912e-01 1.436800000000000077e+00 8.524999999999999245e-02 -3.354999999999999649e-02
2.913000000000000034e-01 1.436800000000000077e+00 9.124999999999999778e-02 -3.799999999999999906e-02
4.549000000000000266e-01 1.436800000000000077e+00 1.036999999999999866e-01 -5.099999999999999672e-02
6.186000000000000387e-01 1.436800000000000077e+00 1.021999999999999992e-01 -4.870000000000000023e-02
7.822000000000000064e-01 1.436800000000000077e+00 1.033499999999999974e-01 -6.144999999999999768e-02
9.458999999999999631e-01 1.436800000000000077e+00 9.420000000000000595e-02 -6.300000000000000044e-02
1.109499999999999931e+00 1.436800000000000077e+00 1.162499999999999922e-01 -7.739999999999999658e-02
1.273099999999999898e+00 1.436800000000000077e+00 1.127499999999999891e-01 -8.615000000000000435e-02
1.436800000000000077e+00 1.436800000000000077e+00 1.101000000000000034e-01 -9.804999999999999827e-02
1.600400000000000045e+00 1.436800000000000077e+00 1.150499999999999856e-01 -9.995000000000001106e-02
1.764100000000000001e+00 1.436800000000000077e+00 1.161500000000000032e-01 -1.189000000000000057e-01
1.927699999999999969e+00 1.436800000000000077e+00 1.185999999999999971e-01 -1.368000000000000049e-01
2.091400000000000148e+00 1.436800000000000077e+00 1.189000000000000057e-01 -1.470500000000000140e-01
2.254999999999999893e+00 1.436800000000000077e+00 1.163000000000000006e-01 -1.465499999999999858e-01
2.418600000000000083e+00 1.436800000000000077e+00 1.194000000000000061e-01 -1.610499999999999987e-01
2.582300000000000040e+00 1.436800000000000077e+00 1.207499999999999962e-01 -1.823000000000000176e-01
2.745899999999999785e+00 1.436800000000000077e+00 1.155500000000000138e-01 -1.799999999999999933e-01
2.909600000000000186e+00 1.436800000000000077e+00 1.072499999999999842e-01 -1.902000000000000079e-01
3.073199999999999932e+00 1.436800000000000077e+00 1.084999999999999992e-01 -2.062999999999999834e-01
3.236800000000000122e+00 1.436800000000000077e+00 1.017500000000000071e-01 -2.200000000000000011e-01
3.400500000000000078e+00 1.436800000000000077e+00 9.650000000000000244e-02 -2.291500000000000203e-01
3.564099999999999824e+00 1.436800000000000077e+00 9.204999999999999294e-02 -2.307000000000000162e-01
3.727799999999999780e+00 1.436800000000000077e+00 9.045000000000000262e-02 -2.399000000000000021e-01
3.891399999999999970e+00 1.436800000000000077e+00 8.385000000000000786e-02 -2.477999999999999925e-01
4.055100000000000371e+00 1.436800000000000077e+00 7.649999999999999856e-02 -2.544500000000000095e-01
4.218700000000000117e+00 1.436800000000000077e+00 7.309999999999999831e-02 -2.625500000000000056e-01
4.382299999999999862e+00 1.436800000000000077e+00 6.575000000000000289e-02 -2.646499999999999964e-01
4.546000000000000263e+00 1.436800000000000077e+00 6.740000000000000158e-02 -2.787000000000000033e-01
4.709600000000000009e+00 1.436800000000000077e+00 6.064999999999999558e-02 -2.813499999999999890e-01
4.873300000000000409e+00 1.436800000000000077e+00 5.430000000000000104e-02 -2.864499999999999824e-01
5.036900000000000155e+00 1.436800000000000077e+00 4.989999999999999991e-02 -3.076499999999999790e-01
5.200599999999999667e+00 1.436800000000000077e+00 4.114999999999999908e-02 -3.240000000000000102e-01
5.364200000000000301e+00 1.436800000000000077e+00 2.850000000000000103e-02 -3.128500000000000170e-01
5.527800000000000047e+00 1.436800000000000077e+00 1.130000000000000102e-02 -3.114000000000000101e-01
5.691499999999999559e+00 1.436800000000000077e+00 9.700000000000000289e-03 -3.107999999999999652e-01
5.855100000000000193e+00 1.436800000000000077e+00 -4.250000000000000305e-03 -3.166499999999999870e-01
6.018799999999999706e+00 1.436800000000000077e+00 -1.745000000000000023e-02 -3.242000000000000437e-01
6.182400000000000340e+00 1.436800000000000077e+00 -2.210000000000000159e-02 -3.161499999999999866e-01
6.346099999999999852e+00 1.436800000000000077e+00 -3.184999999999999637e-02 -3.148500000000000187e-01
6.509699999999999598e+00 1.436800000000000077e+00 -4.775000000000000078e-02 -3.332499999999999907e-01
6.673300000000000232e+00 1.436800000000000077e+00 -5.434999999999999554e-02 -3.188000000000000278e-01
6.836999999999999744e+00 1.436800000000000077e+00 -6.665000000000000091e-02 -2.444500000000000006e-01
7.000600000000000378e+00 1.436800000000000077e+00 -8.544999999999999818e-02 -3.121500000000000385e-01
7.164299999999999891e+00 1.436800000000000077e+00 -1.025000000000000078e-01 -3.135999999999999899e-01
7.327899999999999636e+00 1.436800000000000077e+00 -1.175500000000000156e-01 -2.848499999999999921e-01
1.275999999999999912e-01 1.273099999999999898e+00 8.365000000000000213e-02 -3.344999999999999363e-02
2.913000000000000034e-01 1.273099999999999898e+00 9.165000000000000924e-02 -3.930000000000000160e-02
4.549000000000000266e-01 1.273099999999999898e+00 1.076999999999999902e-01 -4.909999999999999781e-02
6.186000000000000387e-01 1.273099999999999898e+00 1.043999999999999928e-01 -5.605000000000000260e-02
7.822000000000000064e-01 1.273099999999999898e+00 1.070000000000000118e-01 -6.149999999999999911e-02
9.458999999999999631e-01 1.273099999999999898e+00 1.036499999999999921e-01 -6.199999999999999956e-02
1.109499999999999931e+00 1.273099999999999898e+00 1.202000000000000013e-01 -8.754999999999998894e-02
1.273099999999999898e+00 1.273099999999999898e+00 1.264000000000000123e-01 -1.034000000000000058e-01
1.436800000000000077e+00 1.273099999999999898e+00 1.240499999999999936e-01 -1.147499999999999909e-01
1.600400000000000045e+00 1.273099999999999898e+00 1.281500000000000139e-01 -1.214999999999999969e-01
1.764100000000000001e+00 1.273099999999999898e+00 1.296500000000000152e-01 -1.410000000000000142e-01
1.927699999999999969e+00 1.273099999999999898e+00 1.336499999999999910e-01 -1.553999999999999826e-01
2.091400000000000148e+00 1.273099999999999898e+00 1.255999999999999894e-01 -1.632500000000000062e-01
2.254999999999999893e+00 1.273099999999999898e+00 1.233499999999999874e-01 -1.648000000000000020e-01
2.418600000000000083e+00 1.273099999999999898e+00 1.326999999999999846e-01 -1.827000000000000013e-01
2.582300000000000040e+00 1.273099999999999898e+00 1.315000000000000058e-01 -1.993499999999999994e-01
2.745899999999999785e+00 1.273099999999999898e+00 1.297500000000000042e-01 -2.115499999999999881e-01
2.909600000000000186e+00 1.273099999999999898e+00 1.235500000000000070e-01 -2.247000000000000108e-01
3.073199999999999932e+00 1.273099999999999898e+00 1.147999999999999993e-01 -2.205000000000000293e-01
3.236800000000000122e+00 1.273099999999999898e+00 1.107000000000000067e-01 -2.345000000000000140e-01
3.400500000000000078e+00 1.273099999999999898e+00 1.049499999999999877e-01 -2.459500000000000020e-01
3.564099999999999824e+00 1.273099999999999898e+00 1.011499999999999899e-01 -2.648499999999999743e-01
3.727799999999999780e+00 1.273099999999999898e+00 9.675000000000000266e-02 -2.701000000000000068e-01
3.891399999999999970e+00 1.273099999999999898e+00 9.174999999999999822e-02 -2.860500000000000265e-01
4.055100000000000371e+00 1.273099999999999898e+00 8.724999999999999423e-02 -2.871500000000000163e-01
4.218700000000000117e+00 1.273099999999999898e+00 8.254999999999999838e-02 -2.922000000000000153e-01
4.382299999999999862e+00 1.273099999999999898e+00 8.064999999999999947e-02 -2.892500000000000071e-01
4.546000000000000263e+00 1.273099999999999898e+00 7.635000000000000120e-02 -3.117999999999999661e-01
4.709600000000000009e+00 1.273099999999999898e+00 7.164999999999999147e-02 -3.287999999999999812e-01
4.873300000000000409e+00 1.273099999999999898e+00 6.285000000000000309e-02 -3.294000000000000261e-01
5.036900000000000155e+00 1.273099999999999898e+00 5.129999999999999838e-02 -3.325500000000000123e-01
5.200599999999999667e+00 1.273099999999999898e+00 5.260000000000000092e-02 -3.548499999999999988e-01
5.364200000000000301e+00 1.273099999999999898e+00 3.675000000000000488e-02 -3.585499999999999798e-01
5.527800000000000047e+00 1.273099999999999898e+00 2.514999999999999875e-02 -3.552500000000000102e-01
5.691499999999999559e+00 1.273099999999999898e+00 1.739999999999999880e-02 -3.591499999999999693e-01
5.855100000000000193e+00 1.273099999999999898e+00 5.700000000000000205e-03 -3.749500000000000055e-01
6.018799999999999706e+00 1.273099999999999898e+00 -8.949999999999999623e-03 -3.750499999999999945e-01
6.182400000000000340e+00 1.273099999999999898e+00 -1.855000000000000052e-02 -3.678500000000000103e-01
6.346099999999999852e+00 1.273099999999999898e+00 -3.214999999999999802e-02 -3.501499999999999613e-01
6.509699999999999598e+00 1.273099999999999898e+00 -5.054999999999999771e-02 -3.668500000000000094e-01
6.673300000000000232e+00 1.273099999999999898e+00 -5.955000000000000571e-02 -3.429999999999999716e-01
6.836999999999999744e+00 1.273099999999999898e+00 -7.714999999999999636e-02 -3.619999999999999885e-01
7.000600000000000378e+00 1.273099999999999898e+00 -9.249999999999999889e-02 -3.460999999999999632e-01
7.164299999999999891e+00 1.273099999999999898e+00 -1.131000000000000061e-01 -3.364000000000000323e-01
7.327899999999999636e+00 1.273099999999999898e+00 -1.260000000000000009e-01 -3.353500000000000369e-01
1.275999999999999912e-01 1.109499999999999931e+00 1.024999999999999939e-01 -4.130000000000000338e-02
2.913000000000000034e-01 1.109499999999999931e+00 1.233500000000000013e-01 -4.495000000000000384e-02
4.549000000000000266e-01 1.109499999999999931e+00 1.208500000000000130e-01 -5.389999999999999653e-02
6.186000000000000387e-01 1.109499999999999931e+00 1.166500000000000037e-01 -6.454999999999999627e-02
7.822000000000000064e-01 1.109499999999999931e+00 1.234999999999999987e-01 -7.630000000000000671e-02
9.458999999999999631e-01 1.109499999999999931e+00 1.282999999999999974e-01 -8.485000000000000875e-02
1.109499999999999931e+00 1.109499999999999931e+00 1.313000000000000000e-01 -9.740000000000000047e-02
1.273099999999999898e+00 1.109499999999999931e+00 1.335000000000000075e-01 -1.145000000000000046e-01
1.436800000000000077e+00 1.109499999999999931e+00 1.375500000000000056e-01 -1.236499999999999960e-01
1.600400000000000045e+00 1.109499999999999931e+00 1.330500000000000016e-01 -1.393999999999999961e-01
1.764100000000000001e+00 1.109499999999999931e+00 1.444000000000000006e-01 -1.600500000000000256e-01
1.927699999999999969e+00 1.109499999999999931e+00 1.448000000000000120e-01 -1.710499999999999798e-01
2.091400000000000148e+00 1.109499999999999931e+00 1.417499999999999871e-01 -1.829000000000000070e-01
2.254999999999999893e+00 1.109499999999999931e+00 1.377500000000000113e-01 -2.004499999999999893e-01
2.418600000000000083e+00 1.109499999999999931e+00 1.463499999999999801e-01 -2.115500000000000158e-01
2.582300000000000040e+00 1.109499999999999931e+00 1.377499999999999836e-01 -2.243499999999999939e-01
2.745899999999999785e+00 1.109499999999999931e+00 1.363499999999999990e-01 -2.351999999999999924e-01
2.909600000000000186e+00 1.109499999999999931e+00 1.338000000000000023e-01 -2.519000000000000128e-01
3.073199999999999932e+00 1.109499999999999931e+00 1.239500000000000046e-01 -2.587000000000000410e-01
3.236800000000000122e+00 1.109499999999999931e+00 1.212000000000000022e-01 -2.701000000000000068e-01
3.400500000000000078e+00 1.109499999999999931e+00 1.184499999999999997e-01 -3.005499999999999838e-01
3.564099999999999824e+00 1.109499999999999931e+00 1.111499999999999988e-01 -2.891000000000000236e-01
3.727799999999999780e+00 1.109499999999999931e+00 9.950000000000000511e-02 -2.875999999999999668e-01
3.891399999999999970e+00 1.109499999999999931e+00 9.895000000000001017e-02 -3.156499999999999861e-01
4.055100000000000371e+00 1.109499999999999931e+00 9.339999999999999691e-02 -3.328499999999999792e-01
4.218700000000000117e+00 1.109499999999999931e+00 8.524999999999999245e-02 -3.301999999999999935e-01
4.382299999999999862e+00 1.109499999999999931e+00 8.865000000000000657e-02 -3.437999999999999945e-01
4.546000000000000263e+00 1.109499999999999931e+00 8.509999999999999509e-02 -3.617000000000000215e-01
4.709600000000000009e+00 1.109499999999999931e+00 7.994999999999999329e-02 -3.829500000000000126e-01
4.873300000000000409e+00 1.109499999999999931e+00 6.704999999999999849e-02 -3.699999999999999956e-01
5.036900000000000155e+00 1.109499999999999931e+00 6.149999999999999911e-02 -3.644999999999999907e-01
5.200599999999999667e+00 1.109499999999999931e+00 5.355000000000000038e-02 -3.910500000000000087e-01
5.364200000000000301e+00 1.109499999999999931e+00 4.370000000000000273e-02 -4.039500000000000313e-01
5.527800000000000047e+00 1.109499999999999931e+00 3.049999999999999933e-02 -3.962499999999999911e-01
5.691499999999999559e+00 1.109499999999999931e+00 1.725000000000000144e-02 -4.135999999999999677e-01
5.855100000000000193e+00 1.109499999999999931e+00 0.000000000000000000e+00 -4.057499999999999996e-01
6.018799999999999706e+00 1.109499999999999931e+00 -5.500000000000000548e-03 -4.092500000000000027e-01
6.182400000000000340e+00 1.109499999999999931e+00 -1.930000000000000118e-02 -3.895500000000000074e-01
6.346099999999999852e+00 1.109499999999999931e+00 -3.600000000000000422e-02 -3.921499999999999986e-01
6.509699999999999598e+00 1.109499999999999931e+00 -5.909999999999999976e-02 -4.259499999999999398e-01
6.673300000000000232e+00 1.109499999999999931e+00 -7.850000000000000033e-02 -4.254999999999999893e-01
6.836999999999999744e+00 1.109499999999999931e+00 -8.375000000000000500e-02 -3.932499999999999885e-01
7.000600000000000378e+00 1.109499999999999931e+00 -9.835000000000000686e-02 -3.680999999999999828e-01
7.164299999999999891e+00 1.109499999999999931e+00 -1.311999999999999833e-01 -3.986500000000000044e-01
7.327899999999999636e+00 1.109499999999999931e+00 -1.431999999999999940e-01 -3.775000000000000022e-01
1.275999999999999912e-01 9.458999999999999631e-01 1.121000000000000052e-01 -4.109999999999999765e-02
2.913000000000000034e-01 9.458999999999999631e-01 1.226000000000000006e-01 -4.234999999999999876e-02
4.549000000000000266e-01 9.458999999999999631e-01 1.229999999999999982e-01 -6.250000000000000000e-02
6.186000000000000387e-01 9.458999999999999631e-01 1.190999999999999975e-01 -6.750000000000000444e-02
7.822000000000000064e-01 9.458999999999999631e-01 1.370000000000000107e-01 -8.780000000000000304e-02
9.458999999999999631e-01 9.458999999999999631e-01 1.445500000000000118e-01 -1.018499999999999961e-01
1.109499999999999931e+00 9.458999999999999631e-01 1.424499999999999933e-01 -1.076499999999999957e-01
1.273099999999999898e+00 9.458999999999999631e-01 1.421499999999999986e-01 -1.262999999999999956e-01
1.436800000000000077e+00 9.458999999999999631e-01 1.355999999999999983e-01 -1.356499999999999928e-01
1.600400000000000045e+00 9.458999999999999631e-01 1.534500000000000031e-01 -1.588999999999999857e-01
1.764100000000000001e+00 9.458999999999999631e-01 1.572999999999999954e-01 -1.806499999999999773e-01
1.927699999999999969e+00 9.458999999999999631e-01 1.539000000000000090e-01 -1.829500000000000015e-01
2.091400000000000148e+00 9.458999999999999631e-01 1.493499999999999828e-01 -2.026000000000000023e-01
2.254999999999999893e+00 9.458999999999999631e-01 1.550499999999999934e-01 -2.230499999999999983e-01
2.418600000000000083e+00 9.458999999999999631e-01 1.537000000000000033e-01 -2.345000000000000140e-01
2.582300000000000040e+00 9.458999999999999631e-01 1.499999999999999944e-01 -2.542500000000000315e-01
2.745899999999999785e+00 9.458999999999999631e-01 1.466999999999999971e-01 -2.628500000000000281e-01
2.909600000000000186e+00 9.458999999999999631e-01 1.469499999999999973e-01 -2.869999999999999774e-01
3.073199999999999932e+00 9.458999999999999631e-01 1.405000000000000138e-01 -2.959999999999999853e-01
3.236800000000000122e+00 9.458999999999999631e-01 1.233500000000000152e-01 -3.004000000000000004e-01
3.400500000000000078e+00 9.458999999999999631e-01 1.237499999999999989e-01 -3.277999999999999803e-01
3.564099999999999824e+00 9.458999999999999631e-01 1.174999999999999933e-01 -3.377499999999999947e-01
3.727799999999999780e+00 9.458999999999999631e-01 1.071499999999999952e-01 -3.315000000000000169e-01
3.891399999999999970e+00 9.458999999999999631e-01 1.092499999999999860e-01 -3.567000000000000171e-01
4.055100000000000371e+00 9.458999999999999631e-01 9.660000000000000531e-02 -3.709000000000000075e-01
4.218700000000000117e+00 9.458999999999999631e-01 9.889999999999998792e-02 -3.808000000000000274e-01
4.382299999999999862e+00 9.458999999999999631e-01 9.634999999999999121e-02 -3.848000000000000309e-01
4.546000000000000263e+00 9.458999999999999631e-01 8.710000000000001075e-02 -4.028500000000000414e-01
4.709600000000000009e+00 9.458999999999999631e-01 8.360000000000000764e-02 -4.146500000000000186e-01
4.873300000000000409e+00 9.458999999999999631e-01 7.814999999999999725e-02 -4.211500000000000243e-01
5.036900000000000155e+00 9.458999999999999631e-01 7.169999999999999984e-02 -4.508499999999999730e-01
5.200599999999999667e+00 9.458999999999999631e-01 5.899999999999999689e-02 -4.547999999999999821e-01
5.364200000000000301e+00 9.458999999999999631e-01 5.349999999999999895e-02 -4.605000000000000204e-01
5.527800000000000047e+00 9.458999999999999631e-01 3.484999999999999903e-02 -4.487499999999999822e-01
5.691499999999999559e+00 9.458999999999999631e-01 1.845000000000000112e-02 -4.425999999999999934e-01
5.855100000000000193e+00 9.458999999999999631e-01 1.714999999999999858e-02 -4.769999999999999796e-01
6.018799999999999706e+00 9.458999999999999631e-01 3.599999999999999901e-03 -4.945999999999999841e-01
6.182400000000000340e+00 9.458999999999999631e-01 -2.330000000000000127e-02 -4.525500000000000078e-01
6.346099999999999852e+00 9.458999999999999631e-01 -3.139999999999999736e-02 -4.562499999999999889e-01
6.509699999999999598e+00 9.458999999999999631e-01 -5.104999999999999816e-02 -4.541499999999999426e-01
6.673300000000000232e+00 9.458999999999999631e-01 -7.610000000000000098e-02 -4.773499999999999965e-01
6.836999999999999744e+00 9.458999999999999631e-01 -8.594999999999999862e-02 -4.414000000000000146e-01
7.000600000000000378e+00 9.458999999999999631e-01 -1.148499999999999938e-01 -4.270499999999999852e-01
7.164299999999999891e+00 9.458999999999999631e-01 -1.512000000000000011e-01 -4.554000000000000270e-01
7.327899999999999636e+00 9.458999999999999631e-01 -1.663000000000000034e-01 -4.456499999999999906e-01
1.275999999999999912e-01 7.822000000000000064e-01 1.126500000000000001e-01 -3.065000000000000363e-02
2.913000000000000034e-01 7.822000000000000064e-01 1.267500000000000016e-01 -5.100000000000000366e-02
4.549000000000000266e-01 7.822000000000000064e-01 1.390500000000000069e-01 -6.894999999999999740e-02
6.186000000000000387e-01 7.822000000000000064e-01 1.340000000000000080e-01 -7.735000000000000209e-02
7.822000000000000064e-01 7.822000000000000064e-01 1.411999999999999922e-01 -8.360000000000000764e-02
9.458999999999999631e-01 7.822000000000000064e-01 1.482499999999999929e-01 -1.062500000000000111e-01
1.109499999999999931e+00 7.822000000000000064e-01 1.506000000000000116e-01 -1.199999999999999956e-01
1.273099999999999898e+00 7.822000000000000064e-01 1.479999999999999927e-01 -1.286999999999999811e-01
1.436800000000000077e+00 7.822000000000000064e-01 1.517999999999999905e-01 -1.478499999999999814e-01
1.600400000000000045e+00 7.822000000000000064e-01 1.658000000000000029e-01 -1.722000000000000197e-01
1.764100000000000001e+00 7.822000000000000064e-01 1.586000000000000187e-01 -1.854500000000000037e-01
1.927699999999999969e+00 7.822000000000000064e-01 1.578499999999999903e-01 -2.107499999999999929e-01
2.091400000000000148e+00 7.822000000000000064e-01 1.738999999999999990e-01 -2.325000000000000122e-01
2.254999999999999893e+00 7.822000000000000064e-01 1.672500000000000098e-01 -2.484500000000000042e-01
2.418600000000000083e+00 7.822000000000000064e-01 1.592999999999999972e-01 -2.500000000000000000e-01
2.582300000000000040e+00 7.822000000000000064e-01 1.552499999999999991e-01 -2.657499999999999862e-01
2.745899999999999785e+00 7.822000000000000064e-01 1.590999999999999914e-01 -3.135000000000000009e-01
2.909600000000000186e+00 7.822000000000000064e-01 1.607000000000000095e-01 -3.256000000000000005e-01
3.073199999999999932e+00 7.822000000000000064e-01 1.456000000000000072e-01 -3.428999999999999826e-01
3.236800000000000122e+00 7.822000000000000064e-01 1.419500000000000206e-01 -3.666500000000000314e-01
3.400500000000000078e+00 7.822000000000000064e-01 1.335500000000000020e-01 -3.732499999999999707e-01
3.564099999999999824e+00 7.822000000000000064e-01 1.252500000000000002e-01 -3.906499999999999972e-01
3.727799999999999780e+00 7.822000000000000064e-01 1.091000000000000025e-01 -3.737500000000000266e-01
3.891399999999999970e+00 7.822000000000000064e-01 1.053999999999999937e-01 -4.120499999999999718e-01
4.055100000000000371e+00 7.822000000000000064e-01 1.087999999999999939e-01 -4.235999999999999766e-01
4.218700000000000117e+00 7.822000000000000064e-01 1.026999999999999996e-01 -4.391000000000000458e-01
4.382299999999999862e+00 7.822000000000000064e-01 1.030500000000000027e-01 -4.441500000000000448e-01
4.546000000000000263e+00 7.822000000000000064e-01 9.959999999999999409e-02 -4.587499999999999911e-01
4.709600000000000009e+00 7.822000000000000064e-01 9.104999999999999205e-02 -4.663500000000000423e-01
4.873300000000000409e+00 7.822000000000000064e-01 8.680000000000000215e-02 -4.806500000000000217e-01
5.036900000000000155e+00 7.822000000000000064e-01 7.500000000000001110e-02 -4.944500000000000561e-01
5.200599999999999667e+00 7.822000000000000064e-01 6.039999999999999536e-02 -4.939999999999999947e-01
5.364200000000000301e+00 7.822000000000000064e-01 5.129999999999999838e-02 -4.883500000000000063e-01
5.527800000000000047e+00 7.822000000000000064e-01 3.634999999999999343e-02 -4.562499999999999889e-01
5.691499999999999559e+00 7.822000000000000064e-01 2.624999999999999903e-02 -4.671500000000000097e-01
5.855100000000000193e+00 7.822000000000000064e-01 2.659999999999999865e-02 -5.222999999999999865e-01
6.018799999999999706e+00 7.822000000000000064e-01 4.749999999999999882e-03 -5.457499999999999574e-01
6.182400000000000340e+00 7.822000000000000064e-01 -1.149999999999999981e-02 -5.439500000000000446e-01
6.346099999999999852e+00 7.822000000000000064e-01 -2.624999999999999903e-02 -4.859499999999999931e-01
6.509699999999999598e+00 7.822000000000000064e-01 -4.774999999999999384e-02 -4.807000000000000162e-01
6.673300000000000232e+00 7.822000000000000064e-01 -6.110000000000000153e-02 -5.012999999999999678e-01
6.836999999999999744e+00 7.822000000000000064e-01 -8.884999999999999842e-02 -4.976999999999999758e-01
7.000600000000000378e+00 7.822000000000000064e-01 -1.188499999999999973e-01 -4.788499999999999979e-01
7.164299999999999891e+00 7.822000000000000064e-01 -1.507999999999999896e-01 -4.915500000000000425e-01
7.327899999999999636e+00 7.822000000000000064e-01 -1.518999999999999795e-01 -4.595500000000000140e-01
1.275999999999999912e-01 6.186000000000000387e-01 1.396999999999999909e-01 -3.515000000000000763e-02
2.913000000000000034e-01 6.186000000000000387e-01 1.216000000000000136e-01 -3.994999999999999940e-02
4.549000000000000266e-01 6.186000000000000387e-01 1.373499999999999999e-01 -6.790000000000000202e-02
6.186000000000000387e-01 6.186000000000000387e-01 1.551500000000000101e-01 -8.250000000000000389e-02
7.822000000000000064e-01 6.186000000000000387e-01 1.543999999999999817e-01 -9.894999999999999629e-02
9.458999999999999631e-01 6.186000000000000387e-01 1.638499999999999956e-01 -1.180500000000000160e-01
1.109499999999999931e+00 6.186000000000000387e-01 1.573999999999999844e-01 -1.276499999999999857e-01
1.273099999999999898e+00 6.186000000000000387e-01 1.617500000000000049e-01 -1.479499999999999982e-01
1.436800000000000077e+00 6.186000000000000387e-01 1.806500000000000050e-01 -1.980000000000000093e-01
1.600400000000000045e+00 6.186000000000000387e-01 1.762500000000000178e-01 -1.987499999999999822e-01
1.764100000000000001e+00 6.186000000000000387e-01 1.673000000000000043e-01 -2.038500000000000034e-01
1.927699999999999969e+00 6.186000000000000387e-01 1.907000000000000084e-01 -2.531999999999999806e-01
2.091400000000000148e+00 6.186000000000000387e-01 1.825499999999999901e-01 -2.672999999999999821e-01
2.254999999999999893e+00 6.186000000000000387e-01 1.902500000000000024e-01 -3.113500000000000156e-01
2.418600000000000083e+00 6.186000000000000387e-01 1.841500000000000081e-01 -3.164500000000000091e-01
2.582300000000000040e+00 6.186000000000000387e-01 1.812499999999999944e-01 -3.039499999999999980e-01
2.745899999999999785e+00 6.186000000000000387e-01 1.789499999999999980e-01 -3.353499999999999814e-01
2.909600000000000186e+00 6.186000000000000387e-01 1.766999999999999960e-01 -3.511000000000000232e-01
3.073199999999999932e+00 6.186000000000000387e-01 1.708000000000000074e-01 -3.873999999999999666e-01
3.236800000000000122e+00 6.186000000000000387e-01 1.492999999999999883e-01 -4.057000000000000051e-01
3.400500000000000078e+00 6.186000000000000387e-01 1.358999999999999930e-01 -4.231500000000000261e-01
3.564099999999999824e+00 6.186000000000000387e-01 1.264500000000000068e-01 -4.681499999999999551e-01
3.727799999999999780e+00 6.186000000000000387e-01 1.142499999999999905e-01 -4.654000000000000359e-01
3.891399999999999970e+00 6.186000000000000387e-01 1.081000000000000016e-01 -4.803000000000000602e-01
4.055100000000000371e+00 6.186000000000000387e-01 1.210499999999999909e-01 -4.980999999999999872e-01
4.218700000000000117e+00 6.186000000000000387e-01 1.060499999999999915e-01 -4.832499999999999574e-01
4.382299999999999862e+00 6.186000000000000387e-01 9.990000000000001656e-02 -4.918000000000000149e-01
4.546000000000000263e+00 6.186000000000000387e-01 9.975000000000000533e-02 -4.948500000000000121e-01
4.709600000000000009e+00 6.186000000000000387e-01 9.909999999999999365e-02 -5.416999999999999593e-01
4.873300000000000409e+00 6.186000000000000387e-01 9.429999999999999494e-02 -5.321500000000000119e-01
5.036900000000000155e+00 6.186000000000000387e-01 8.374999999999999112e-02 -5.245999999999999552e-01
5.200599999999999667e+00 6.186000000000000387e-01 6.769999999999999629e-02 -5.473999999999999977e-01
5.364200000000000301e+00 6.186000000000000387e-01 5.154999999999999860e-02 -5.025999999999999357e-01
5.527800000000000047e+00 6.186000000000000387e-01 3.600000000000000422e-02 -5.085999999999999410e-01
5.691499999999999559e+00 6.186000000000000387e-01 4.180000000000000382e-02 -5.359500000000000375e-01
5.855100000000000193e+00 6.186000000000000387e-01 2.964999999999999927e-02 -5.894500000000000295e-01
6.018799999999999706e+00 6.186000000000000387e-01 1.899999999999999953e-02 -5.834000000000000297e-01
6.182400000000000340e+00 6.186000000000000387e-01 -6.865000000000000269e-02 -5.496499999999999719e-01
6.346099999999999852e+00 6.186000000000000387e-01 -2.829999999999999877e-02 -5.240500000000000158e-01
6.509699999999999598e+00 6.186000000000000387e-01 -4.644999999999999823e-02 -5.062999999999999723e-01
6.673300000000000232e+00 6.186000000000000387e-01 -5.795000000000000151e-02 -5.184999999999999609e-01
6.836999999999999744e+00 6.186000000000000387e-01 -8.129999999999999727e-02 -4.839999999999999858e-01
7.000600000000000378e+00 6.186000000000000387e-01 -1.269500000000000073e-01 -4.923500000000000654e-01
7.164299999999999891e+00 6.186000000000000387e-01 -1.640999999999999959e-01 -5.433999999999999941e-01
7.327899999999999636e+00 6.186000000000000387e-01 -1.827000000000000013e-01 -5.154499999999999638e-01
1.275999999999999912e-01 4.549000000000000266e-01 1.511000000000000121e-01 -4.630000000000000088e-02
2.913000000000000034e-01 4.549000000000000266e-01 1.629499999999999837e-01 -6.360000000000000375e-02
4.549000000000000266e-01 4.549000000000000266e-01 1.531500000000000083e-01 -8.035000000000000475e-02
6.186000000000000387e-01 4.549000000000000266e-01 1.708000000000000074e-01 -9.775000000000000355e-02
7.822000000000000064e-01 4.549000000000000266e-01 1.811500000000000055e-01 -1.146500000000000019e-01
9.458999999999999631e-01 4.549000000000000266e-01 1.741999999999999937e-01 -1.351999999999999869e-01
1.109499999999999931e+00 4.549000000000000266e-01 1.733500000000000041e-01 -1.512000000000000011e-01
1.273099999999999898e+00 4.549000000000000266e-01 1.808000000000000163e-01 -1.770499999999999852e-01
1.436800000000000077e+00 4.549000000000000266e-01 1.965000000000000080e-01 -2.223999999999999866e-01
1.600400000000000045e+00 4.549000000000000266e-01 1.843500000000000139e-01 -2.179000000000000103e-01
1.764100000000000001e+00 4.549000000000000266e-01 2.015500000000000069e-01 -2.451499999999999790e-01
1.927699999999999969e+00 4.549000000000000266e-01 2.112999999999999878e-01 -2.773499999999999854e-01
2.091400000000000148e+00 4.549000000000000266e-01 2.086000000000000076e-01 -3.179499999999999549e-01
2.254999999999999893e+00 4.549000000000000266e-01 2.080000000000000182e-01 -3.246999999999999886e-01
2.418600000000000083e+00 4.549000000000000266e-01 1.856499999999999817e-01 -3.273500000000000298e-01
2.582300000000000040e+00 4.549000000000000266e-01 1.955999999999999961e-01 -3.536000000000000254e-01
2.745899999999999785e+00 4.549000000000000266e-01 1.799000000000000044e-01 -3.571999999999999620e-01
2.909600000000000186e+00 4.549000000000000266e-01 1.979499999999999871e-01 -3.763000000000000234e-01
3.073199999999999932e+00 4.549000000000000266e-01 1.917000000000000093e-01 -4.516499999999999959e-01
3.236800000000000122e+00 4.549000000000000266e-01 1.666499999999999926e-01 -4.916500000000000314e-01
3.400500000000000078e+00 4.549000000000000266e-01 1.429500000000000215e-01 -4.687500000000000000e-01
3.564099999999999824e+00 4.549000000000000266e-01 1.395500000000000074e-01 -5.017500000000000293e-01
3.727799999999999780e+00 4.549000000000000266e-01 1.243000000000000077e-01 -5.042999999999999705e-01
3.891399999999999970e+00 4.549000000000000266e-01 1.228999999999999954e-01 -5.382000000000000117e-01
4.055100000000000371e+00 4.549000000000000266e-01 1.222499999999999976e-01 -5.307999999999999385e-01
4.218700000000000117e+00 4.549000000000000266e-01 1.015000000000000069e-01 -4.951499999999999790e-01
4.382299999999999862e+00 4.549000000000000266e-01 9.634999999999999121e-02 -4.992499999999999716e-01
4.546000000000000263e+00 4.549000000000000266e-01 8.854999999999998983e-02 -5.071999999999999842e-01
4.709600000000000009e+00 4.549000000000000266e-01 1.035999999999999976e-01 -5.729499999999999593e-01
4.873300000000000409e+00 4.549000000000000266e-01 8.035000000000000475e-02 -5.303499999999999881e-01
5.036900000000000155e+00 4.549000000000000266e-01 7.270000000000000073e-02 -5.151999999999999913e-01
5.200599999999999667e+00 4.549000000000000266e-01 7.499999999999999722e-02 -5.993499999999999384e-01
5.364200000000000301e+00 4.549000000000000266e-01 4.070000000000000007e-02 -4.974999999999999978e-01
5.527800000000000047e+00 4.549000000000000266e-01 2.939999999999999905e-02 -4.839499999999999913e-01
5.691499999999999559e+00 4.549000000000000266e-01 2.935000000000000109e-02 -5.255000000000000782e-01
5.855100000000000193e+00 4.549000000000000266e-01 2.804999999999999855e-02 -6.707499999999999574e-01
6.018799999999999706e+00 4.549000000000000266e-01 2.389999999999999764e-02 -6.771000000000000352e-01
6.182400000000000340e+00 4.549000000000000266e-01 -7.734999999999998821e-02 -6.093000000000000638e-01
6.346099999999999852e+00 4.549000000000000266e-01 -4.789999999999999813e-02 -6.093500000000000583e-01
6.509699999999999598e+00 4.549000000000000266e-01 -7.749999999999999944e-03 -9.138499999999999401e-01
6.673300000000000232e+00 4.549000000000000266e-01 -1.172499999999999931e-01 -5.621499999999999275e-01
6.836999999999999744e+00 4.549000000000000266e-01 -1.466500000000000026e-01 -5.282999999999999918e-01
7.000600000000000378e+00 4.549000000000000266e-01 -1.297500000000000042e-01 -5.262499999999999956e-01
7.164299999999999891e+00 4.549000000000000266e-01 -1.436999999999999944e-01 -5.119000000000000217e-01
7.327899999999999636e+00 4.549000000000000266e-01 -2.009500000000000175e-01 -5.295499999999999652e-01
1.275999999999999912e-01 2.913000000000000034e-01 1.599000000000000143e-01 -3.304999999999999605e-02
2.913000000000000034e-01 2.913000000000000034e-01 1.672500000000000098e-01 -7.825000000000001399e-02
4.549000000000000266e-01 2.913000000000000034e-01 1.838500000000000134e-01 -7.530000000000000582e-02
6.186000000000000387e-01 2.913000000000000034e-01 1.872000000000000053e-01 -9.520000000000000684e-02
7.822000000000000064e-01 2.913000000000000034e-01 2.014500000000000179e-01 -1.219000000000000083e-01
9.458999999999999631e-01 2.913000000000000034e-01 2.011499999999999955e-01 -1.440500000000000114e-01
1.109499999999999931e+00 2.913000000000000034e-01 1.924500000000000099e-01 -1.501500000000000057e-01
1.273099999999999898e+00 2.913000000000000034e-01 1.995500000000000052e-01 -1.899000000000000132e-01
1.436800000000000077e+00 2.913000000000000034e-01 2.058500000000000052e-01 -2.047999999999999821e-01
1.600400000000000045e+00 2.913000000000000034e-01 1.771999999999999964e-01 -2.124999999999999944e-01
1.764100000000000001e+00 2.913000000000000034e-01 1.905000000000000027e-01 -2.267500000000000071e-01
1.927699999999999969e+00 2.913000000000000034e-01 2.152000000000000024e-01 -2.657000000000000473e-01
2.091400000000000148e+00 2.913000000000000034e-01 2.384999999999999898e-01 -3.441999999999999504e-01
2.254999999999999893e+00 2.913000000000000034e-01 2.128500000000000114e-01 -3.132000000000000339e-01
2.418600000000000083e+00 2.913000000000000034e-01 1.689499999999999891e-01 -2.945499999999999785e-01
2.582300000000000040e+00 2.913000000000000034e-01 1.901500000000000135e-01 -3.734500000000000042e-01
2.745899999999999785e+00 2.913000000000000034e-01 1.875000000000000000e-01 -3.857500000000000373e-01
2.909600000000000186e+00 2.913000000000000034e-01 2.063000000000000111e-01 -4.046499999999999542e-01
3.073199999999999932e+00 2.913000000000000034e-01 2.025500000000000078e-01 -4.592499999999999916e-01
3.236800000000000122e+00 2.913000000000000034e-01 1.908000000000000251e-01 -4.784499999999999864e-01
3.400500000000000078e+00 2.913000000000000034e-01 1.668999999999999928e-01 -4.788999999999999924e-01
3.564099999999999824e+00 2.913000000000000034e-01 1.421000000000000041e-01 -5.104499999999999593e-01
3.727799999999999780e+00 2.913000000000000034e-01 1.237999999999999934e-01 -5.054499999999999549e-01
3.891399999999999970e+00 2.913000000000000034e-01 1.300499999999999989e-01 -5.628500000000000725e-01
4.055100000000000371e+00 2.913000000000000034e-01 1.179999999999999938e-01 -5.658499999999999641e-01
4.218700000000000117e+00 2.913000000000000034e-01 8.630000000000000171e-02 -5.100999999999999979e-01
4.382299999999999862e+00 2.913000000000000034e-01 8.730000000000000260e-02 -5.105999999999999428e-01
4.546000000000000263e+00 2.913000000000000034e-01 7.925000000000000100e-02 -4.904499999999999971e-01
4.709600000000000009e+00 2.913000000000000034e-01 8.874999999999999556e-02 -5.106500000000000483e-01
4.873300000000000409e+00 2.913000000000000034e-01 6.729999999999999871e-02 -4.927500000000000213e-01
5.036900000000000155e+00 2.913000000000000034e-01 6.179999999999999383e-02 -4.990499999999999936e-01
5.200599999999999667e+00 2.913000000000000034e-01 5.715000000000000635e-02 -5.307500000000000551e-01
5.364200000000000301e+00 2.913000000000000034e-01 4.464999999999999525e-02 -4.704000000000000403e-01
5.527800000000000047e+00 2.913000000000000034e-01 1.820000000000000090e-02 -4.482499999999999818e-01
5.691499999999999559e+00 2.913000000000000034e-01 2.015000000000000124e-02 -5.466499999999999693e-01
5.855100000000000193e+00 2.913000000000000034e-01 1.036499999999999921e-01 -7.452499999999999680e-01
6.018799999999999706e+00 2.913000000000000034e-01 -6.360000000000000375e-02 -6.260999999999999899e-01
6.182400000000000340e+00 2.913000000000000034e-01 -1.594999999999999890e-02 -6.242499999999999716e-01
6.346099999999999852e+00 2.913000000000000034e-01 -3.414999999999999980e-02 -5.298000000000000487e-01
6.509699999999999598e+00 2.913000000000000034e-01 -8.865000000000000657e-02 -5.179500000000000215e-01
6.673300000000000232e+00 2.913000000000000034e-01 -1.068500000000000005e-01 -5.032999999999999696e-01
6.836999999999999744e+00 2.913000000000000034e-01 -1.262999999999999956e-01 -3.195000000000000062e-01
7.000600000000000378e+00 2.913000000000000034e-01 -2.455000000000000238e-02 -2.067000000000000226e-01
7.164299999999999891e+00 2.913000000000000034e-01 -1.170000000000000068e-01 -4.690999999999999615e-01
7.327899999999999636e+00 2.913000000000000034e-01 -1.232499999999999984e-01 -4.568499999999999783e-01
1.275999999999999912e-01 1.275999999999999912e-01 1.577500000000000013e-01 -7.445000000000000229e-02
2.913000000000000034e-01 1.275999999999999912e-01 1.995000000000000107e-01 -3.104999999999999427e-02
4.549000000000000266e-01 1.275999999999999912e-01 1.936999999999999833e-01 -3.969999999999999918e-02
6.186000000000000387e-01 1.275999999999999912e-01 2.011000000000000010e-01 -8.329999999999998517e-02
7.822000000000000064e-01 1.275999999999999912e-01 2.157000000000000028e-01 -9.854999999999999871e-02
9.458999999999999631e-01 1.275999999999999912e-01 2.197500000000000009e-01 -1.126500000000000140e-01
1.109499999999999931e+00 1.275999999999999912e-01 2.251500000000000168e-01 -1.350500000000000034e-01
1.273099999999999898e+00 1.275999999999999912e-01 2.058999999999999997e-01 -2.491500000000000103e-01
1.436800000000000077e+00 1.275999999999999912e-01 2.117499999999999938e-01 -1.552999999999999936e-01
1.600400000000000045e+00 1.275999999999999912e-01 2.384000000000000008e-01 -2.755499999999999616e-01
1.764100000000000001e+00 1.275999999999999912e-01 2.148999999999999799e-01 -2.244999999999999774e-01
1.927699999999999969e+00 1.275999999999999912e-01 2.163499999999999868e-01 -1.978000000000000036e-01
2.091400000000000148e+00 1.275999999999999912e-01 2.126000000000000112e-01 -3.182000000000000384e-01
2.254999999999999893e+00 1.275999999999999912e-01 2.041000000000000036e-01 -2.943000000000000060e-01
2.418600000000000083e+00 1.275999999999999912e-01 1.980000000000000093e-01 -3.311999999999999944e-01
2.582300000000000040e+00 1.275999999999999912e-01 2.003500000000000003e-01 -3.795499999999999985e-01
2.745899999999999785e+00 1.275999999999999912e-01 2.339499999999999913e-01 -4.173999999999999932e-01
2.909600000000000186e+00 1.275999999999999912e-01 1.871000000000000163e-01 -4.795500000000000318e-01
3.073199999999999932e+00 1.275999999999999912e-01 1.746999999999999942e-01 -4.316499999999999782e-01
3.236800000000000122e+00 1.275999999999999912e-01 1.678000000000000047e-01 -5.169000000000000261e-01
3.400500000000000078e+00 1.275999999999999912e-01 1.769999999999999907e-01 -5.465999999999999748e-01
3.564099999999999824e+00 1.275999999999999912e-01 1.313499999999999945e-01 -5.481500000000000261e-01
3.727799999999999780e+00 1.275999999999999912e-01 1.287500000000000033e-01 -5.182999999999999829e-01
3.891399999999999970e+00 1.275999999999999912e-01 1.178000000000000158e-01 -5.309500000000000330e-01
4.055100000000000371e+00 1.275999999999999912e-01 1.168000000000000010e-01 -6.595500000000000806e-01
4.218700000000000117e+00 1.275999999999999912e-01 8.455000000000000016e-02 -5.803000000000000380e-01
4.382299999999999862e+00 1.275999999999999912e-01 9.684999999999999165e-02 -5.266500000000000625e-01
4.546000000000000263e+00 1.275999999999999912e-01 8.815000000000000613e-02 -5.109000000000000208e-01
4.709600000000000009e+00 1.275999999999999912e-01 5.655000000000000304e-02 -4.165999999999999703e-01
4.873300000000000409e+00 1.275999999999999912e-01 5.820000000000000173e-02 -4.534500000000000197e-01
5.036900000000000155e+00 1.275999999999999912e-01 8.349999999999999784e-03 -3.616000000000000325e-01
5.200599999999999667e+00 1.275999999999999912e-01 2.809999999999999998e-02 -3.889500000000000179e-01
5.364200000000000301e+00 1.275999999999999912e-01 5.170000000000000290e-02 -5.367500000000000604e-01
5.527800000000000047e+00 1.275999999999999912e-01 3.080000000000000099e-02 -4.652499999999999414e-01
5.691499999999999559e+00 1.275999999999999912e-01 3.184999999999999637e-02 -6.772000000000000242e-01
5.855100000000000193e+00 1.275999999999999912e-01 -2.424999999999999378e-02 -5.452000000000000179e-01
6.018799999999999706e+00 1.275999999999999912e-01 -3.960000000000000325e-02 -5.613500000000000156e-01
6.182400000000000340e+00 1.275999999999999912e-01 -5.790000000000000008e-02 -5.679499999999999549e-01
6.346099999999999852e+00 1.275999999999999912e-01 2.074999999999999067e-02 -4.293000000000000149e-01
6.509699999999999598e+00 1.275999999999999912e-01 -9.829999999999999849e-02 -5.211999999999999966e-01
6.673300000000000232e+00 1.275999999999999912e-01 -1.155500000000000138e-01 -5.048000000000000265e-01
6.836999999999999744e+00 1.275999999999999912e-01 -1.269500000000000073e-01 -4.811999999999999611e-01
7.000600000000000378e+00 1.275999999999999912e-01 -1.081000000000000016e-01 -4.899000000000000021e-01
7.164299999999999891e+00 1.275999999999999912e-01 -1.176499999999999907e-01 -4.648999999999999799e-01
7.327899999999999636e+00 1.275999999999999912e-01 -3.289999999999999869e-02 -1.895500000000000240e-01
