1.275999999999999912e-01 1.927699999999999969e+00 7.380000000000000449e-02 -6.180000000000000077e-02
2.913000000000000034e-01 1.927699999999999969e+00 8.874999999999999556e-02 -6.784999999999999365e-02
4.549000000000000266e-01 1.927699999999999969e+00 8.995000000000000218e-02 -7.165000000000000535e-02
6.186000000000000387e-01 1.927699999999999969e+00 9.185000000000000109e-02 -7.205000000000000293e-02
7.822000000000000064e-01 1.927699999999999969e+00 8.604999999999998761e-02 -7.074999999999999345e-02
9.458999999999999631e-01 1.927699999999999969e+00 8.119999999999999440e-02 -8.315000000000000169e-02
1.109499999999999931e+00 1.927699999999999969e+00 7.879999999999999505e-02 -7.994999999999999329e-02
1.273099999999999898e+00 1.927699999999999969e+00 8.014999999999999902e-02 -7.785000000000000253e-02
1.436800000000000077e+00 1.927699999999999969e+00 7.380000000000000449e-02 -7.664999999999999591e-02
1.600400000000000045e+00 1.927699999999999969e+00 6.759999999999999343e-02 -7.595000000000000362e-02
1.764100000000000001e+00 1.927699999999999969e+00 7.259999999999999787e-02 -7.799999999999999989e-02
1.927699999999999969e+00 1.927699999999999969e+00 6.829999999999999960e-02 -8.140000000000000013e-02
2.091400000000000148e+00 1.927699999999999969e+00 6.654999999999999805e-02 -8.609999999999999598e-02
2.254999999999999893e+00 1.927699999999999969e+00 6.905000000000000027e-02 -8.050000000000000211e-02
2.418600000000000083e+00 1.927699999999999969e+00 6.279999999999999472e-02 -7.860000000000000320e-02
2.582300000000000040e+00 1.927699999999999969e+00 6.270000000000000573e-02 -9.229999999999999316e-02
2.745899999999999785e+00 1.927699999999999969e+00 6.454999999999999627e-02 -8.984999999999999931e-02
2.909600000000000186e+00 1.927699999999999969e+00 6.325000000000000067e-02 -9.065000000000000835e-02
3.073199999999999932e+00 1.927699999999999969e+00 5.964999999999999469e-02 -8.680000000000000215e-02
3.236800000000000122e+00 1.927699999999999969e+00 5.394999999999999796e-02 -8.934999999999999887e-02
3.400500000000000078e+00 1.927699999999999969e+00 5.450000000000000677e-02 -9.099999999999999756e-02
3.564099999999999824e+00 1.927699999999999969e+00 5.250000000000000500e-02 -8.790000000000000591e-02
3.727799999999999780e+00 1.927699999999999969e+00 5.480000000000000149e-02 -9.365000000000001101e-02
3.891399999999999970e+00 1.927699999999999969e+00 5.569999999999999951e-02 -9.600000000000000200e-02
4.055100000000000371e+00 1.927699999999999969e+00 5.179999999999999882e-02 -9.420000000000000595e-02
4.218700000000000117e+00 1.927699999999999969e+00 4.870000000000000023e-02 -9.569999999999999341e-02
4.382299999999999862e+00 1.927699999999999969e+00 4.589999999999999636e-02 -9.695000000000000839e-02
4.546000000000000263e+00 1.927699999999999969e+00 4.539999999999999591e-02 -1.095499999999999946e-01
4.709600000000000009e+00 1.927699999999999969e+00 4.605000000000000066e-02 -1.059500000000000025e-01
4.873300000000000409e+00 1.927699999999999969e+00 3.889999999999999708e-02 -1.145000000000000046e-01
5.036900000000000155e+00 1.927699999999999969e+00 4.145000000000000073e-02 -1.177999999999999881e-01
5.200599999999999667e+00 1.927699999999999969e+00 3.994999999999999940e-02 -1.077499999999999986e-01
5.364200000000000301e+00 1.927699999999999969e+00 3.175000000000000044e-02 -1.182499999999999940e-01
5.527800000000000047e+00 1.927699999999999969e+00 3.200000000000000067e-02 -1.182999999999999885e-01
5.691499999999999559e+00 1.927699999999999969e+00 2.179999999999999993e-02 -1.251499999999999835e-01
5.855100000000000193e+00 1.927699999999999969e+00 1.494999999999999975e-02 -1.213499999999999995e-01
6.018799999999999706e+00 1.927699999999999969e+00 1.190000000000000085e-02 -1.214000000000000079e-01
6.182400000000000340e+00 1.927699999999999969e+00 8.899999999999999925e-03 -1.297999999999999987e-01
6.346099999999999852e+00 1.927699999999999969e+00 8.500000000000000611e-04 -1.303500000000000214e-01
6.509699999999999598e+00 1.927699999999999969e+00 -7.650000000000000550e-03 -1.201500000000000068e-01
6.673300000000000232e+00 1.927699999999999969e+00 -1.050000000000000065e-02 -1.302999999999999992e-01
6.836999999999999744e+00 1.927699999999999969e+00 -2.090000000000000191e-02 -1.201500000000000068e-01
7.000600000000000378e+00 1.927699999999999969e+00 -2.004999999999999838e-02 -1.183999999999999914e-01
7.164299999999999891e+00 1.927699999999999969e+00 -3.175000000000000044e-02 -1.230999999999999872e-01
7.327899999999999636e+00 1.927699999999999969e+00 -4.535000000000000142e-02 -1.257500000000000007e-01
1.275999999999999912e-01 1.764100000000000001e+00 9.185000000000000109e-02 -6.819999999999999674e-02
2.913000000000000034e-01 1.764100000000000001e+00 9.349999999999999978e-02 -7.814999999999999725e-02
4.549000000000000266e-01 1.764100000000000001e+00 9.370000000000000551e-02 -7.750000000000001332e-02
6.186000000000000387e-01 1.764100000000000001e+00 8.690000000000000502e-02 -8.200000000000000344e-02
7.822000000000000064e-01 1.764100000000000001e+00 8.724999999999999423e-02 -8.349999999999999090e-02
9.458999999999999631e-01 1.764100000000000001e+00 8.085000000000000520e-02 -8.375000000000000500e-02
1.109499999999999931e+00 1.764100000000000001e+00 7.510000000000000009e-02 -7.985000000000000431e-02
1.273099999999999898e+00 1.764100000000000001e+00 7.644999999999999019e-02 -8.569999999999999840e-02
1.436800000000000077e+00 1.764100000000000001e+00 7.474999999999999700e-02 -8.940000000000000724e-02
1.600400000000000045e+00 1.764100000000000001e+00 7.105000000000000204e-02 -8.265000000000000124e-02
1.764100000000000001e+00 1.764100000000000001e+00 7.489999999999999436e-02 -8.569999999999999840e-02
1.927699999999999969e+00 1.764100000000000001e+00 7.015000000000000402e-02 -8.974999999999999645e-02
2.091400000000000148e+00 1.764100000000000001e+00 6.434999999999999054e-02 -9.464999999999999802e-02
2.254999999999999893e+00 1.764100000000000001e+00 6.815000000000000224e-02 -9.204999999999999294e-02
2.418600000000000083e+00 1.764100000000000001e+00 6.640000000000000069e-02 -8.419999999999999707e-02
2.582300000000000040e+00 1.764100000000000001e+00 6.354999999999999538e-02 -8.974999999999999645e-02
2.745899999999999785e+00 1.764100000000000001e+00 6.930000000000000049e-02 -9.249999999999999889e-02
2.909600000000000186e+00 1.764100000000000001e+00 6.654999999999999805e-02 -9.570000000000000728e-02
3.073199999999999932e+00 1.764100000000000001e+00 6.074999999999999845e-02 -9.479999999999999538e-02
3.236800000000000122e+00 1.764100000000000001e+00 6.529999999999999694e-02 -1.013499999999999956e-01
3.400500000000000078e+00 1.764100000000000001e+00 5.990000000000000185e-02 -1.005999999999999950e-01
3.564099999999999824e+00 1.764100000000000001e+00 5.704999999999999655e-02 -9.625000000000000222e-02
3.727799999999999780e+00 1.764100000000000001e+00 5.740000000000000657e-02 -9.800000000000000377e-02
3.891399999999999970e+00 1.764100000000000001e+00 6.089999999999999580e-02 -9.754999999999999782e-02
4.055100000000000371e+00 1.764100000000000001e+00 5.680000000000000326e-02 -9.865000000000000158e-02
4.218700000000000117e+00 1.764100000000000001e+00 5.229999999999999927e-02 -1.021500000000000047e-01
4.382299999999999862e+00 1.764100000000000001e+00 4.660000000000000253e-02 -1.007000000000000117e-01
4.546000000000000263e+00 1.764100000000000001e+00 5.455000000000000127e-02 -1.033499999999999974e-01
4.709600000000000009e+00 1.764100000000000001e+00 4.839999999999999858e-02 -1.048999999999999932e-01
4.873300000000000409e+00 1.764100000000000001e+00 3.940000000000000446e-02 -1.126999999999999946e-01
5.036900000000000155e+00 1.764100000000000001e+00 3.490000000000000047e-02 -1.164999999999999925e-01
5.200599999999999667e+00 1.764100000000000001e+00 3.944999999999999896e-02 -1.259000000000000119e-01
5.364200000000000301e+00 1.764100000000000001e+00 3.189999999999999780e-02 -1.345000000000000084e-01
5.527800000000000047e+00 1.764100000000000001e+00 3.389999999999999958e-02 -1.301999999999999824e-01
5.691499999999999559e+00 1.764100000000000001e+00 2.599999999999999881e-02 -1.380000000000000115e-01
5.855100000000000193e+00 1.764100000000000001e+00 1.965000000000000080e-02 -1.339500000000000135e-01
6.018799999999999706e+00 1.764100000000000001e+00 1.420000000000000082e-02 -1.378999999999999948e-01
6.182400000000000340e+00 1.764100000000000001e+00 1.300000000000000114e-02 -1.384499999999999897e-01
6.346099999999999852e+00 1.764100000000000001e+00 3.149999999999999589e-03 -1.305499999999999994e-01
6.509699999999999598e+00 1.764100000000000001e+00 -3.150000000000000022e-03 -1.227999999999999925e-01
6.673300000000000232e+00 1.764100000000000001e+00 -1.225000000000000047e-02 -1.341999999999999860e-01
6.836999999999999744e+00 1.764100000000000001e+00 -1.890000000000000013e-02 -1.186500000000000055e-01
7.000600000000000378e+00 1.764100000000000001e+00 -2.660000000000000211e-02 -1.284500000000000086e-01
7.164299999999999891e+00 1.764100000000000001e+00 -3.445000000000000145e-02 -1.197499999999999953e-01
7.327899999999999636e+00 1.764100000000000001e+00 -4.479999999999999954e-02 -1.244999999999999996e-01
1.275999999999999912e-01 1.600400000000000045e+00 9.664999999999999980e-02 -8.210000000000000631e-02
2.913000000000000034e-01 1.600400000000000045e+00 9.579999999999999627e-02 -8.599999999999999312e-02
4.549000000000000266e-01 1.600400000000000045e+00 9.029999999999999138e-02 -8.469999999999999751e-02
6.186000000000000387e-01 1.600400000000000045e+00 8.465000000000000302e-02 -8.635000000000001008e-02
7.822000000000000064e-01 1.600400000000000045e+00 8.474999999999999201e-02 -8.644999999999999907e-02
9.458999999999999631e-01 1.600400000000000045e+00 8.060000000000000497e-02 -8.855000000000000371e-02
1.109499999999999931e+00 1.600400000000000045e+00 8.089999999999999969e-02 -8.990000000000000768e-02
1.273099999999999898e+00 1.600400000000000045e+00 7.459999999999999964e-02 -8.565000000000000391e-02
1.436800000000000077e+00 1.600400000000000045e+00 7.564999999999999503e-02 -8.965000000000000746e-02
1.600400000000000045e+00 1.600400000000000045e+00 7.094999999999999918e-02 -8.724999999999999423e-02
1.764100000000000001e+00 1.600400000000000045e+00 7.639999999999999569e-02 -9.345000000000000528e-02
1.927699999999999969e+00 1.600400000000000045e+00 7.184999999999999720e-02 -1.023499999999999965e-01
2.091400000000000148e+00 1.600400000000000045e+00 7.080000000000000182e-02 -1.016999999999999987e-01
2.254999999999999893e+00 1.600400000000000045e+00 7.119999999999999940e-02 -9.370000000000000551e-02
2.418600000000000083e+00 1.600400000000000045e+00 6.900000000000000577e-02 -9.045000000000000262e-02
2.582300000000000040e+00 1.600400000000000045e+00 6.890000000000000291e-02 -9.279999999999999361e-02
2.745899999999999785e+00 1.600400000000000045e+00 6.865000000000000269e-02 -1.009500000000000119e-01
2.909600000000000186e+00 1.600400000000000045e+00 6.459999999999999076e-02 -9.995000000000001106e-02
3.073199999999999932e+00 1.600400000000000045e+00 6.194999999999999812e-02 -1.066499999999999948e-01
3.236800000000000122e+00 1.600400000000000045e+00 6.344999999999999252e-02 -1.086999999999999911e-01
3.400500000000000078e+00 1.600400000000000045e+00 5.904999999999999832e-02 -1.033999999999999919e-01
3.564099999999999824e+00 1.600400000000000045e+00 5.939999999999999447e-02 -1.063000000000000056e-01
3.727799999999999780e+00 1.600400000000000045e+00 6.464999999999999913e-02 -1.100500000000000089e-01
3.891399999999999970e+00 1.600400000000000045e+00 6.279999999999999472e-02 -1.062499999999999972e-01
4.055100000000000371e+00 1.600400000000000045e+00 5.725000000000000228e-02 -1.139000000000000012e-01
4.218700000000000117e+00 1.600400000000000045e+00 5.745000000000000107e-02 -1.126500000000000001e-01
4.382299999999999862e+00 1.600400000000000045e+00 5.750000000000000250e-02 -1.158000000000000140e-01
4.546000000000000263e+00 1.600400000000000045e+00 5.594999999999999973e-02 -1.136000000000000065e-01
4.709600000000000009e+00 1.600400000000000045e+00 4.904999999999999638e-02 -1.132999999999999979e-01
4.873300000000000409e+00 1.600400000000000045e+00 4.370000000000000273e-02 -1.203499999999999848e-01
5.036900000000000155e+00 1.600400000000000045e+00 4.309999999999999942e-02 -1.275999999999999912e-01
5.200599999999999667e+00 1.600400000000000045e+00 4.050000000000000128e-02 -1.311500000000000166e-01
5.364200000000000301e+00 1.600400000000000045e+00 3.565000000000000113e-02 -1.522000000000000020e-01
5.527800000000000047e+00 1.600400000000000045e+00 3.034999999999999851e-02 -1.435000000000000164e-01
5.691499999999999559e+00 1.600400000000000045e+00 2.720000000000000195e-02 -1.409499999999999920e-01
5.855100000000000193e+00 1.600400000000000045e+00 1.830000000000000029e-02 -1.429500000000000215e-01
6.018799999999999706e+00 1.600400000000000045e+00 1.554999999999999959e-02 -1.431499999999999995e-01
6.182400000000000340e+00 1.600400000000000045e+00 1.404999999999999999e-02 -1.398000000000000076e-01
6.346099999999999852e+00 1.600400000000000045e+00 8.100000000000001296e-03 -1.436499999999999999e-01
6.509699999999999598e+00 1.600400000000000045e+00 -3.499999999999998772e-03 -1.544500000000000040e-01
6.673300000000000232e+00 1.600400000000000045e+00 -1.355000000000000128e-02 -1.523499999999999854e-01
6.836999999999999744e+00 1.600400000000000045e+00 -2.220000000000000098e-02 -1.342500000000000082e-01
7.000600000000000378e+00 1.600400000000000045e+00 -2.639999999999999986e-02 -1.374500000000000166e-01
7.164299999999999891e+00 1.600400000000000045e+00 -2.809999999999999998e-02 -1.265499999999999958e-01
7.327899999999999636e+00 1.600400000000000045e+00 -3.490000000000000047e-02 -1.335500000000000020e-01
1.275999999999999912e-01 1.436800000000000077e+00 9.174999999999999822e-02 -8.774999999999999467e-02
2.913000000000000034e-01 1.436800000000000077e+00 9.434999999999998943e-02 -8.475000000000000588e-02
4.549000000000000266e-01 1.436800000000000077e+00 9.479999999999999538e-02 -8.260000000000000675e-02
6.186000000000000387e-01 1.436800000000000077e+00 9.085000000000000020e-02 -8.529999999999998694e-02
7.822000000000000064e-01 1.436800000000000077e+00 8.924999999999999600e-02 -8.899999999999999578e-02
9.458999999999999631e-01 1.436800000000000077e+00 7.664999999999999591e-02 -8.390000000000000235e-02
1.109499999999999931e+00 1.436800000000000077e+00 7.964999999999999858e-02 -9.395000000000000573e-02
1.273099999999999898e+00 1.436800000000000077e+00 7.680000000000000715e-02 -9.670000000000000817e-02
1.436800000000000077e+00 1.436800000000000077e+00 7.930000000000000937e-02 -9.700000000000000289e-02
1.600400000000000045e+00 1.436800000000000077e+00 7.214999999999999192e-02 -9.600000000000000200e-02
1.764100000000000001e+00 1.436800000000000077e+00 7.050000000000000711e-02 -9.695000000000000839e-02
1.927699999999999969e+00 1.436800000000000077e+00 7.730000000000000759e-02 -1.030500000000000027e-01
2.091400000000000148e+00 1.436800000000000077e+00 7.480000000000000537e-02 -1.107500000000000012e-01
2.254999999999999893e+00 1.436800000000000077e+00 7.144999999999999962e-02 -1.033499999999999974e-01
2.418600000000000083e+00 1.436800000000000077e+00 7.055000000000000160e-02 -9.809999999999999276e-02
2.582300000000000040e+00 1.436800000000000077e+00 7.315000000000000668e-02 -1.032500000000000084e-01
2.745899999999999785e+00 1.436800000000000077e+00 7.049999999999999323e-02 -1.045999999999999985e-01
2.909600000000000186e+00 1.436800000000000077e+00 6.369999999999999274e-02 -1.011500000000000038e-01
3.073199999999999932e+00 1.436800000000000077e+00 6.389999999999999847e-02 -1.164499999999999980e-01
3.236800000000000122e+00 1.436800000000000077e+00 6.035000000000000087e-02 -1.169499999999999984e-01
3.400500000000000078e+00 1.436800000000000077e+00 6.095000000000000417e-02 -1.073999999999999955e-01
3.564099999999999824e+00 1.436800000000000077e+00 6.414999999999999869e-02 -1.145000000000000046e-01
3.727799999999999780e+00 1.436800000000000077e+00 6.579999999999999738e-02 -1.208000000000000046e-01
3.891399999999999970e+00 1.436800000000000077e+00 6.590000000000000024e-02 -1.267000000000000071e-01
4.055100000000000371e+00 1.436800000000000077e+00 6.130000000000000032e-02 -1.237000000000000044e-01
4.218700000000000117e+00 1.436800000000000077e+00 6.019999999999999657e-02 -1.185499999999999887e-01
4.382299999999999862e+00 1.436800000000000077e+00 5.955000000000000571e-02 -1.227000000000000035e-01
4.546000000000000263e+00 1.436800000000000077e+00 5.960000000000000020e-02 -1.293499999999999928e-01
4.709600000000000009e+00 1.436800000000000077e+00 5.530000000000000193e-02 -1.222999999999999921e-01
4.873300000000000409e+00 1.436800000000000077e+00 5.015000000000000013e-02 -1.243999999999999967e-01
5.036900000000000155e+00 1.436800000000000077e+00 4.545000000000000429e-02 -1.462999999999999856e-01
5.200599999999999667e+00 1.436800000000000077e+00 4.254999999999999755e-02 -1.464499999999999968e-01
5.364200000000000301e+00 1.436800000000000077e+00 3.990000000000000491e-02 -1.515499999999999903e-01
5.527800000000000047e+00 1.436800000000000077e+00 3.654999999999999916e-02 -1.466000000000000081e-01
5.691499999999999559e+00 1.436800000000000077e+00 3.095000000000000182e-02 -1.451000000000000068e-01
5.855100000000000193e+00 1.436800000000000077e+00 1.905000000000000096e-02 -1.559999999999999998e-01
6.018799999999999706e+00 1.436800000000000077e+00 1.524999999999999967e-02 -1.568499999999999894e-01
6.182400000000000340e+00 1.436800000000000077e+00 1.194999999999999882e-02 -1.534000000000000086e-01
6.346099999999999852e+00 1.436800000000000077e+00 8.000000000000003636e-04 -1.514500000000000013e-01
6.509699999999999598e+00 1.436800000000000077e+00 -4.000000000000000083e-03 -1.564000000000000112e-01
6.673300000000000232e+00 1.436800000000000077e+00 -6.749999999999999056e-03 -1.698999999999999955e-01
6.836999999999999744e+00 1.436800000000000077e+00 -2.009999999999999981e-02 -1.502999999999999892e-01
7.000600000000000378e+00 1.436800000000000077e+00 -3.269999999999999990e-02 -1.387500000000000122e-01
7.164299999999999891e+00 1.436800000000000077e+00 -3.674999999999999795e-02 -1.502499999999999947e-01
7.327899999999999636e+00 1.436800000000000077e+00 -4.549999999999999878e-02 -1.625500000000000000e-01
1.275999999999999912e-01 1.273099999999999898e+00 9.495000000000000662e-02 -9.315000000000001057e-02
2.913000000000000034e-01 1.273099999999999898e+00 9.065000000000000835e-02 -1.044499999999999873e-01
4.549000000000000266e-01 1.273099999999999898e+00 8.565000000000000391e-02 -9.840000000000000135e-02
6.186000000000000387e-01 1.273099999999999898e+00 8.515000000000000346e-02 -9.065000000000000835e-02
7.822000000000000064e-01 1.273099999999999898e+00 8.334999999999999354e-02 -9.575000000000000178e-02
9.458999999999999631e-01 1.273099999999999898e+00 7.770000000000000517e-02 -8.569999999999999840e-02
1.109499999999999931e+00 1.273099999999999898e+00 7.994999999999999329e-02 -1.025000000000000078e-01
1.273099999999999898e+00 1.273099999999999898e+00 7.949999999999998734e-02 -1.038499999999999979e-01
1.436800000000000077e+00 1.273099999999999898e+00 8.179999999999999771e-02 -9.894999999999999629e-02
1.600400000000000045e+00 1.273099999999999898e+00 7.624999999999999833e-02 -1.053999999999999937e-01
1.764100000000000001e+00 1.273099999999999898e+00 7.314999999999999281e-02 -1.126500000000000001e-01
1.927699999999999969e+00 1.273099999999999898e+00 7.930000000000000937e-02 -1.147999999999999993e-01
2.091400000000000148e+00 1.273099999999999898e+00 7.380000000000000449e-02 -1.176999999999999991e-01
2.254999999999999893e+00 1.273099999999999898e+00 6.814999999999998836e-02 -1.136000000000000065e-01
2.418600000000000083e+00 1.273099999999999898e+00 7.239999999999999214e-02 -1.080500000000000071e-01
2.582300000000000040e+00 1.273099999999999898e+00 7.075000000000000733e-02 -1.061499999999999944e-01
2.745899999999999785e+00 1.273099999999999898e+00 6.959999999999999520e-02 -1.097000000000000058e-01
2.909600000000000186e+00 1.273099999999999898e+00 6.679999999999999827e-02 -1.128499999999999920e-01
3.073199999999999932e+00 1.273099999999999898e+00 6.734999999999999321e-02 -1.159499999999999975e-01
3.236800000000000122e+00 1.273099999999999898e+00 6.729999999999999871e-02 -1.226500000000000090e-01
3.400500000000000078e+00 1.273099999999999898e+00 6.615000000000000047e-02 -1.114499999999999935e-01
3.564099999999999824e+00 1.273099999999999898e+00 6.584999999999999187e-02 -1.097500000000000142e-01
3.727799999999999780e+00 1.273099999999999898e+00 6.160000000000000198e-02 -1.116499999999999992e-01
3.891399999999999970e+00 1.273099999999999898e+00 6.850000000000000533e-02 -1.272000000000000075e-01
4.055100000000000371e+00 1.273099999999999898e+00 6.529999999999999694e-02 -1.252999999999999947e-01
4.218700000000000117e+00 1.273099999999999898e+00 6.590000000000000024e-02 -1.186500000000000055e-01
4.382299999999999862e+00 1.273099999999999898e+00 6.675000000000000377e-02 -1.221000000000000002e-01
4.546000000000000263e+00 1.273099999999999898e+00 6.470000000000000751e-02 -1.458500000000000074e-01
4.709600000000000009e+00 1.273099999999999898e+00 5.895000000000000240e-02 -1.433999999999999997e-01
4.873300000000000409e+00 1.273099999999999898e+00 5.530000000000000193e-02 -1.437999999999999834e-01
5.036900000000000155e+00 1.273099999999999898e+00 5.275000000000000522e-02 -1.523499999999999854e-01
5.200599999999999667e+00 1.273099999999999898e+00 4.900000000000000189e-02 -1.581000000000000183e-01
5.364200000000000301e+00 1.273099999999999898e+00 4.560000000000000164e-02 -1.627000000000000113e-01
5.527800000000000047e+00 1.273099999999999898e+00 4.109999999999999765e-02 -1.618499999999999939e-01
5.691499999999999559e+00 1.273099999999999898e+00 3.719999999999999696e-02 -1.642000000000000126e-01
5.855100000000000193e+00 1.273099999999999898e+00 2.985000000000000153e-02 -1.852499999999999980e-01
6.018799999999999706e+00 1.273099999999999898e+00 2.409999999999999989e-02 -1.760499999999999843e-01
6.182400000000000340e+00 1.273099999999999898e+00 1.375000000000000007e-02 -1.738000000000000100e-01
6.346099999999999852e+00 1.273099999999999898e+00 7.599999999999999117e-03 -1.827499999999999958e-01
6.509699999999999598e+00 1.273099999999999898e+00 -2.549999999999999316e-03 -1.737000000000000210e-01
6.673300000000000232e+00 1.273099999999999898e+00 -8.699999999999999400e-03 -1.852499999999999980e-01
6.836999999999999744e+00 1.273099999999999898e+00 -1.969999999999999876e-02 -1.855999999999999872e-01
7.000600000000000378e+00 1.273099999999999898e+00 -2.995000000000000093e-02 -1.859500000000000042e-01
7.164299999999999891e+00 1.273099999999999898e+00 -4.194999999999999424e-02 -1.650500000000000023e-01
7.327899999999999636e+00 1.273099999999999898e+00 -5.000000000000000278e-02 -1.689999999999999836e-01
1.275999999999999912e-01 1.109499999999999931e+00 1.081499999999999961e-01 -9.800000000000000377e-02
2.913000000000000034e-01 1.109499999999999931e+00 9.875000000000000444e-02 -1.061499999999999944e-01
4.549000000000000266e-01 1.109499999999999931e+00 8.795000000000000040e-02 -1.060999999999999999e-01
6.186000000000000387e-01 1.109499999999999931e+00 8.805000000000000326e-02 -1.003499999999999948e-01
7.822000000000000064e-01 1.109499999999999931e+00 8.854999999999998983e-02 -1.006999999999999978e-01
9.458999999999999631e-01 1.109499999999999931e+00 8.309999999999999332e-02 -1.023999999999999910e-01
1.109499999999999931e+00 1.109499999999999931e+00 7.680000000000000715e-02 -1.123500000000000054e-01
1.273099999999999898e+00 1.109499999999999931e+00 7.969999999999999307e-02 -1.181000000000000105e-01
1.436800000000000077e+00 1.109499999999999931e+00 8.100000000000000255e-02 -1.277500000000000024e-01
1.600400000000000045e+00 1.109499999999999931e+00 7.864999999999999769e-02 -1.223999999999999949e-01
1.764100000000000001e+00 1.109499999999999931e+00 7.535000000000000031e-02 -1.176999999999999991e-01
1.927699999999999969e+00 1.109499999999999931e+00 7.939999999999999836e-02 -1.160500000000000004e-01
2.091400000000000148e+00 1.109499999999999931e+00 7.905000000000000915e-02 -1.232499999999999984e-01
2.254999999999999893e+00 1.109499999999999931e+00 7.394999999999998797e-02 -1.335999999999999965e-01
2.418600000000000083e+00 1.109499999999999931e+00 7.439999999999999392e-02 -1.305499999999999994e-01
2.582300000000000040e+00 1.109499999999999931e+00 7.405000000000000471e-02 -1.244999999999999996e-01
2.745899999999999785e+00 1.109499999999999931e+00 7.264999999999999236e-02 -1.290499999999999980e-01
2.909600000000000186e+00 1.109499999999999931e+00 7.364999999999999325e-02 -1.249500000000000055e-01
3.073199999999999932e+00 1.109499999999999931e+00 7.724999999999999922e-02 -1.263499999999999901e-01
3.236800000000000122e+00 1.109499999999999931e+00 6.865000000000000269e-02 -1.169999999999999929e-01
3.400500000000000078e+00 1.109499999999999931e+00 7.090000000000000469e-02 -1.276500000000000135e-01
3.564099999999999824e+00 1.109499999999999931e+00 6.859999999999999432e-02 -1.270499999999999963e-01
3.727799999999999780e+00 1.109499999999999931e+00 6.629999999999999782e-02 -1.234000000000000097e-01
3.891399999999999970e+00 1.109499999999999931e+00 6.834999999999999409e-02 -1.390000000000000124e-01
4.055100000000000371e+00 1.109499999999999931e+00 7.000000000000000666e-02 -1.455000000000000182e-01
4.218700000000000117e+00 1.109499999999999931e+00 7.040000000000000424e-02 -1.340999999999999970e-01
4.382299999999999862e+00 1.109499999999999931e+00 6.834999999999999409e-02 -1.418999999999999984e-01
4.546000000000000263e+00 1.109499999999999931e+00 6.609999999999999210e-02 -1.570999999999999897e-01
4.709600000000000009e+00 1.109499999999999931e+00 6.459999999999999076e-02 -1.570499999999999952e-01
4.873300000000000409e+00 1.109499999999999931e+00 5.309999999999999443e-02 -1.650000000000000078e-01
5.036900000000000155e+00 1.109499999999999931e+00 5.990000000000000185e-02 -1.693500000000000005e-01
5.200599999999999667e+00 1.109499999999999931e+00 5.865000000000000074e-02 -1.778000000000000136e-01
5.364200000000000301e+00 1.109499999999999931e+00 5.125000000000000389e-02 -1.764999999999999902e-01
5.527800000000000047e+00 1.109499999999999931e+00 3.999999999999999389e-02 -1.753000000000000114e-01
5.691499999999999559e+00 1.109499999999999931e+00 4.039999999999999841e-02 -1.948500000000000232e-01
5.855100000000000193e+00 1.109499999999999931e+00 3.059999999999999873e-02 -2.026499999999999968e-01
6.018799999999999706e+00 1.109499999999999931e+00 2.375000000000000028e-02 -1.940500000000000003e-01
6.182400000000000340e+00 1.109499999999999931e+00 1.685000000000000039e-02 -2.058499999999999774e-01
6.346099999999999852e+00 1.109499999999999931e+00 1.290000000000000174e-02 -2.008000000000000063e-01
6.509699999999999598e+00 1.109499999999999931e+00 -6.399999999999999439e-03 -1.864999999999999991e-01
6.673300000000000232e+00 1.109499999999999931e+00 -1.070000000000000118e-02 -2.028999999999999970e-01
6.836999999999999744e+00 1.109499999999999931e+00 -1.980000000000000163e-02 -2.062499999999999889e-01
7.000600000000000378e+00 1.109499999999999931e+00 -2.809999999999999998e-02 -2.178999999999999826e-01
7.164299999999999891e+00 1.109499999999999931e+00 -4.494999999999999690e-02 -1.960500000000000020e-01
7.327899999999999636e+00 1.109499999999999931e+00 -5.880000000000000504e-02 -1.971499999999999919e-01
1.275999999999999912e-01 9.458999999999999631e-01 1.140499999999999986e-01 -1.092499999999999999e-01
2.913000000000000034e-01 9.458999999999999631e-01 1.064499999999999891e-01 -1.190500000000000030e-01
4.549000000000000266e-01 9.458999999999999631e-01 9.129999999999999227e-02 -1.082499999999999990e-01
6.186000000000000387e-01 9.458999999999999631e-01 7.985000000000000431e-02 -1.095499999999999946e-01
7.822000000000000064e-01 9.458999999999999631e-01 8.865000000000000657e-02 -1.234999999999999987e-01
9.458999999999999631e-01 9.458999999999999631e-01 8.790000000000000591e-02 -1.280000000000000027e-01
1.109499999999999931e+00 9.458999999999999631e-01 7.814999999999999725e-02 -1.172499999999999931e-01
1.273099999999999898e+00 9.458999999999999631e-01 7.760000000000000231e-02 -1.175999999999999962e-01
1.436800000000000077e+00 9.458999999999999631e-01 7.359999999999999876e-02 -1.327500000000000069e-01
1.600400000000000045e+00 9.458999999999999631e-01 7.864999999999999769e-02 -1.348999999999999921e-01
1.764100000000000001e+00 9.458999999999999631e-01 7.804999999999999438e-02 -1.270000000000000018e-01
1.927699999999999969e+00 9.458999999999999631e-01 7.499999999999999722e-02 -1.272500000000000020e-01
2.091400000000000148e+00 9.458999999999999631e-01 7.464999999999999414e-02 -1.289000000000000146e-01
2.254999999999999893e+00 9.458999999999999631e-01 7.370000000000000162e-02 -1.350500000000000034e-01
2.418600000000000083e+00 9.458999999999999631e-01 7.794999999999999152e-02 -1.466000000000000081e-01
2.582300000000000040e+00 9.458999999999999631e-01 8.354999999999999927e-02 -1.492999999999999883e-01
2.745899999999999785e+00 9.458999999999999631e-01 7.605000000000000648e-02 -1.393500000000000016e-01
2.909600000000000186e+00 9.458999999999999631e-01 7.350000000000000977e-02 -1.406000000000000028e-01
3.073199999999999932e+00 9.458999999999999631e-01 6.965000000000000357e-02 -1.431999999999999940e-01
3.236800000000000122e+00 9.458999999999999631e-01 6.769999999999999629e-02 -1.319000000000000172e-01
3.400500000000000078e+00 9.458999999999999631e-01 6.669999999999999540e-02 -1.468000000000000138e-01
3.564099999999999824e+00 9.458999999999999631e-01 6.800000000000000488e-02 -1.424999999999999878e-01
3.727799999999999780e+00 9.458999999999999631e-01 6.819999999999999674e-02 -1.468499999999999805e-01
3.891399999999999970e+00 9.458999999999999631e-01 6.815000000000000224e-02 -1.553499999999999881e-01
4.055100000000000371e+00 9.458999999999999631e-01 7.255000000000000338e-02 -1.535499999999999921e-01
4.218700000000000117e+00 9.458999999999999631e-01 7.159999999999999698e-02 -1.511500000000000066e-01
4.382299999999999862e+00 9.458999999999999631e-01 7.230000000000000315e-02 -1.573499999999999899e-01
4.546000000000000263e+00 9.458999999999999631e-01 7.380000000000000449e-02 -1.694499999999999895e-01
4.709600000000000009e+00 9.458999999999999631e-01 6.880000000000000004e-02 -1.643499999999999961e-01
4.873300000000000409e+00 9.458999999999999631e-01 6.460000000000000464e-02 -1.837000000000000022e-01
5.036900000000000155e+00 9.458999999999999631e-01 6.485000000000000486e-02 -2.152999999999999914e-01
5.200599999999999667e+00 9.458999999999999631e-01 6.065000000000000252e-02 -2.056000000000000050e-01
5.364200000000000301e+00 9.458999999999999631e-01 5.349999999999999895e-02 -1.971999999999999864e-01
5.527800000000000047e+00 9.458999999999999631e-01 5.000000000000000278e-02 -2.155999999999999861e-01
5.691499999999999559e+00 9.458999999999999631e-01 4.280000000000000471e-02 -2.142499999999999960e-01
5.855100000000000193e+00 9.458999999999999631e-01 3.529999999999999805e-02 -2.225499999999999978e-01
6.018799999999999706e+00 9.458999999999999631e-01 2.114999999999999866e-02 -2.210500000000000242e-01
6.182400000000000340e+00 9.458999999999999631e-01 1.849999999999999908e-02 -2.277000000000000135e-01
6.346099999999999852e+00 9.458999999999999631e-01 8.300000000000000086e-03 -2.370499999999999829e-01
6.509699999999999598e+00 9.458999999999999631e-01 -2.100000000000000304e-03 -2.482499999999999984e-01
6.673300000000000232e+00 9.458999999999999631e-01 -1.129999999999999928e-02 -2.391499999999999737e-01
6.836999999999999744e+00 9.458999999999999631e-01 -1.909999999999999892e-02 -2.264999999999999791e-01
7.000600000000000378e+00 9.458999999999999631e-01 -3.269999999999999990e-02 -2.375499999999999834e-01
7.164299999999999891e+00 9.458999999999999631e-01 -4.754999999999999505e-02 -2.247500000000000053e-01
7.327899999999999636e+00 9.458999999999999631e-01 -6.154999999999999361e-02 -2.198999999999999844e-01
1.275999999999999912e-01 7.822000000000000064e-01 1.090500000000000080e-01 -1.365000000000000102e-01
2.913000000000000034e-01 7.822000000000000064e-01 1.035000000000000087e-01 -1.428000000000000103e-01
4.549000000000000266e-01 7.822000000000000064e-01 9.535000000000000420e-02 -1.402999999999999803e-01
6.186000000000000387e-01 7.822000000000000064e-01 8.555000000000000104e-02 -1.408500000000000030e-01
7.822000000000000064e-01 7.822000000000000064e-01 8.150000000000000300e-02 -1.356999999999999873e-01
9.458999999999999631e-01 7.822000000000000064e-01 7.675000000000001266e-02 -1.353999999999999926e-01
1.109499999999999931e+00 7.822000000000000064e-01 7.114999999999999103e-02 -1.336499999999999910e-01
1.273099999999999898e+00 7.822000000000000064e-01 7.245000000000000051e-02 -1.398500000000000021e-01
1.436800000000000077e+00 7.822000000000000064e-01 7.685000000000000164e-02 -1.437499999999999889e-01
1.600400000000000045e+00 7.822000000000000064e-01 7.749999999999999944e-02 -1.453000000000000125e-01
1.764100000000000001e+00 7.822000000000000064e-01 6.989999999999998992e-02 -1.428500000000000048e-01
1.927699999999999969e+00 7.822000000000000064e-01 7.555000000000000604e-02 -1.516000000000000125e-01
2.091400000000000148e+00 7.822000000000000064e-01 7.839999999999999747e-02 -1.489499999999999991e-01
2.254999999999999893e+00 7.822000000000000064e-01 7.610000000000000098e-02 -1.457999999999999852e-01
2.418600000000000083e+00 7.822000000000000064e-01 7.114999999999999103e-02 -1.515499999999999903e-01
2.582300000000000040e+00 7.822000000000000064e-01 7.839999999999999747e-02 -1.579500000000000071e-01
2.745899999999999785e+00 7.822000000000000064e-01 7.574999999999999789e-02 -1.607999999999999985e-01
2.909600000000000186e+00 7.822000000000000064e-01 7.699999999999999900e-02 -1.650500000000000023e-01
3.073199999999999932e+00 7.822000000000000064e-01 6.955000000000000071e-02 -1.709499999999999909e-01
3.236800000000000122e+00 7.822000000000000064e-01 6.814999999999998836e-02 -1.602000000000000091e-01
3.400500000000000078e+00 7.822000000000000064e-01 6.554999999999999716e-02 -1.474499999999999977e-01
3.564099999999999824e+00 7.822000000000000064e-01 6.504999999999999671e-02 -1.668499999999999983e-01
3.727799999999999780e+00 7.822000000000000064e-01 6.744999999999999607e-02 -1.747500000000000164e-01
3.891399999999999970e+00 7.822000000000000064e-01 6.925000000000000600e-02 -1.694499999999999895e-01
4.055100000000000371e+00 7.822000000000000064e-01 7.190000000000000557e-02 -1.670999999999999985e-01
4.218700000000000117e+00 7.822000000000000064e-01 7.155000000000000249e-02 -1.820499999999999896e-01
4.382299999999999862e+00 7.822000000000000064e-01 7.239999999999999214e-02 -1.912999999999999978e-01
4.546000000000000263e+00 7.822000000000000064e-01 7.184999999999999720e-02 -2.028999999999999970e-01
4.709600000000000009e+00 7.822000000000000064e-01 7.294999999999998708e-02 -2.088999999999999746e-01
4.873300000000000409e+00 7.822000000000000064e-01 6.969999999999999807e-02 -2.219500000000000084e-01
5.036900000000000155e+00 7.822000000000000064e-01 6.779999999999999916e-02 -2.351999999999999924e-01
5.200599999999999667e+00 7.822000000000000064e-01 6.469999999999999363e-02 -2.384000000000000008e-01
5.364200000000000301e+00 7.822000000000000064e-01 6.014999999999999514e-02 -2.508000000000000229e-01
5.527800000000000047e+00 7.822000000000000064e-01 5.355000000000000038e-02 -2.619000000000000217e-01
5.691499999999999559e+00 7.822000000000000064e-01 4.245000000000000162e-02 -2.658500000000000307e-01
5.855100000000000193e+00 7.822000000000000064e-01 3.740000000000000269e-02 -2.621999999999999886e-01
6.018799999999999706e+00 7.822000000000000064e-01 2.305000000000000104e-02 -2.666000000000000036e-01
6.182400000000000340e+00 7.822000000000000064e-01 2.230000000000000038e-02 -2.659500000000000197e-01
6.346099999999999852e+00 7.822000000000000064e-01 1.434999999999999991e-02 -2.708000000000000407e-01
6.509699999999999598e+00 7.822000000000000064e-01 -3.500000000000004843e-04 -2.759499999999999731e-01
6.673300000000000232e+00 7.822000000000000064e-01 -9.249999999999999542e-03 -2.808999999999999830e-01
6.836999999999999744e+00 7.822000000000000064e-01 -1.874999999999999931e-02 -2.800500000000000211e-01
7.000600000000000378e+00 7.822000000000000064e-01 -3.010000000000000175e-02 -2.677499999999999880e-01
7.164299999999999891e+00 7.822000000000000064e-01 -4.759999999999999648e-02 -2.598000000000000309e-01
7.327899999999999636e+00 7.822000000000000064e-01 -6.224999999999999978e-02 -2.567000000000000393e-01
1.275999999999999912e-01 6.186000000000000387e-01 1.103000000000000091e-01 -1.572500000000000009e-01
2.913000000000000034e-01 6.186000000000000387e-01 9.545000000000000706e-02 -1.513499999999999845e-01
4.549000000000000266e-01 6.186000000000000387e-01 8.379999999999999949e-02 -1.489999999999999936e-01
6.186000000000000387e-01 6.186000000000000387e-01 7.819999999999999174e-02 -1.572999999999999954e-01
7.822000000000000064e-01 6.186000000000000387e-01 7.660000000000000142e-02 -1.537000000000000033e-01
9.458999999999999631e-01 6.186000000000000387e-01 7.364999999999999325e-02 -1.512000000000000011e-01
1.109499999999999931e+00 6.186000000000000387e-01 7.324999999999999567e-02 -1.496999999999999997e-01
1.273099999999999898e+00 6.186000000000000387e-01 7.780000000000000804e-02 -1.589500000000000079e-01
1.436800000000000077e+00 6.186000000000000387e-01 8.019999999999999352e-02 -1.631499999999999895e-01
1.600400000000000045e+00 6.186000000000000387e-01 7.450000000000001066e-02 -1.664499999999999869e-01
1.764100000000000001e+00 6.186000000000000387e-01 7.125000000000000777e-02 -1.728000000000000091e-01
1.927699999999999969e+00 6.186000000000000387e-01 7.514999999999999458e-02 -1.745499999999999829e-01
2.091400000000000148e+00 6.186000000000000387e-01 7.399999999999999634e-02 -1.813000000000000167e-01
2.254999999999999893e+00 6.186000000000000387e-01 7.125000000000000777e-02 -1.805499999999999883e-01
2.418600000000000083e+00 6.186000000000000387e-01 6.745000000000000995e-02 -1.793000000000000149e-01
2.582300000000000040e+00 6.186000000000000387e-01 7.255000000000000338e-02 -1.869000000000000106e-01
2.745899999999999785e+00 6.186000000000000387e-01 7.445000000000000229e-02 -1.909000000000000141e-01
2.909600000000000186e+00 6.186000000000000387e-01 7.660000000000000142e-02 -1.975500000000000034e-01
3.073199999999999932e+00 6.186000000000000387e-01 7.680000000000000715e-02 -1.986999999999999877e-01
3.236800000000000122e+00 6.186000000000000387e-01 6.659999999999999254e-02 -1.941999999999999837e-01
3.400500000000000078e+00 6.186000000000000387e-01 6.629999999999999782e-02 -2.014499999999999902e-01
3.564099999999999824e+00 6.186000000000000387e-01 6.520000000000000795e-02 -2.103499999999999814e-01
3.727799999999999780e+00 6.186000000000000387e-01 6.494999999999999385e-02 -2.104000000000000314e-01
3.891399999999999970e+00 6.186000000000000387e-01 6.784999999999999365e-02 -2.162999999999999923e-01
4.055100000000000371e+00 6.186000000000000387e-01 7.395000000000000184e-02 -2.304499999999999882e-01
4.218700000000000117e+00 6.186000000000000387e-01 7.405000000000000471e-02 -2.333999999999999964e-01
4.382299999999999862e+00 6.186000000000000387e-01 7.514999999999999458e-02 -2.333000000000000074e-01
4.546000000000000263e+00 6.186000000000000387e-01 7.275000000000000910e-02 -2.414000000000000035e-01
4.709600000000000009e+00 6.186000000000000387e-01 7.889999999999999791e-02 -2.615500000000000047e-01
4.873300000000000409e+00 6.186000000000000387e-01 7.080000000000000182e-02 -2.623999999999999666e-01
5.036900000000000155e+00 6.186000000000000387e-01 6.700000000000000400e-02 -2.807000000000000051e-01
5.200599999999999667e+00 6.186000000000000387e-01 7.050000000000000711e-02 -2.893999999999999906e-01
5.364200000000000301e+00 6.186000000000000387e-01 6.525000000000000244e-02 -3.029499999999999971e-01
5.527800000000000047e+00 6.186000000000000387e-01 6.679999999999999827e-02 -3.071999999999999731e-01
5.691499999999999559e+00 6.186000000000000387e-01 5.469999999999999862e-02 -3.178999999999999604e-01
5.855100000000000193e+00 6.186000000000000387e-01 4.854999999999999594e-02 -3.111000000000000432e-01
6.018799999999999706e+00 6.186000000000000387e-01 2.894999999999999657e-02 -3.121499999999999830e-01
6.182400000000000340e+00 6.186000000000000387e-01 2.765000000000000097e-02 -3.080500000000000460e-01
6.346099999999999852e+00 6.186000000000000387e-01 3.550000000000000204e-03 -3.022500000000000187e-01
6.509699999999999598e+00 6.186000000000000387e-01 9.999999999999939493e-05 -3.104500000000000037e-01
6.673300000000000232e+00 6.186000000000000387e-01 -6.899999999999999883e-03 -3.101000000000000423e-01
6.836999999999999744e+00 6.186000000000000387e-01 -2.379999999999999824e-02 -3.142500000000000293e-01
7.000600000000000378e+00 6.186000000000000387e-01 -3.544999999999999540e-02 -3.090999999999999859e-01
7.164299999999999891e+00 6.186000000000000387e-01 -5.084999999999999937e-02 -2.935999999999999721e-01
7.327899999999999636e+00 6.186000000000000387e-01 -6.199999999999999956e-02 -2.983500000000000041e-01
1.275999999999999912e-01 4.549000000000000266e-01 1.052000000000000018e-01 -1.837000000000000022e-01
2.913000000000000034e-01 4.549000000000000266e-01 9.140000000000000902e-02 -1.834000000000000075e-01
4.549000000000000266e-01 4.549000000000000266e-01 8.390000000000000235e-02 -1.942500000000000060e-01
6.186000000000000387e-01 4.549000000000000266e-01 8.294999999999999596e-02 -1.905000000000000027e-01
7.822000000000000064e-01 4.549000000000000266e-01 7.655000000000000693e-02 -1.883500000000000174e-01
9.458999999999999631e-01 4.549000000000000266e-01 7.239999999999999214e-02 -1.860999999999999877e-01
1.109499999999999931e+00 4.549000000000000266e-01 7.055000000000000160e-02 -1.910499999999999976e-01
1.273099999999999898e+00 4.549000000000000266e-01 8.049999999999998823e-02 -2.032999999999999807e-01
1.436800000000000077e+00 4.549000000000000266e-01 7.910000000000000364e-02 -2.057499999999999885e-01
1.600400000000000045e+00 4.549000000000000266e-01 7.409999999999999920e-02 -1.871499999999999830e-01
1.764100000000000001e+00 4.549000000000000266e-01 7.580000000000000626e-02 -1.974500000000000144e-01
1.927699999999999969e+00 4.549000000000000266e-01 7.400000000000001021e-02 -2.109000000000000041e-01
2.091400000000000148e+00 4.549000000000000266e-01 7.649999999999999856e-02 -2.256500000000000172e-01
2.254999999999999893e+00 4.549000000000000266e-01 7.630000000000000671e-02 -2.222999999999999976e-01
2.418600000000000083e+00 4.549000000000000266e-01 6.984999999999999543e-02 -2.281999999999999862e-01
2.582300000000000040e+00 4.549000000000000266e-01 6.989999999999998992e-02 -2.403000000000000136e-01
2.745899999999999785e+00 4.549000000000000266e-01 7.130000000000000226e-02 -2.268999999999999906e-01
2.909600000000000186e+00 4.549000000000000266e-01 6.565000000000000002e-02 -2.275999999999999968e-01
3.073199999999999932e+00 4.549000000000000266e-01 6.160000000000000198e-02 -2.347500000000000142e-01
3.236800000000000122e+00 4.549000000000000266e-01 6.085000000000000131e-02 -2.329999999999999849e-01
3.400500000000000078e+00 4.549000000000000266e-01 6.529999999999999694e-02 -2.444999999999999951e-01
3.564099999999999824e+00 4.549000000000000266e-01 5.879999999999999810e-02 -2.389499999999999957e-01
3.727799999999999780e+00 4.549000000000000266e-01 5.494999999999999885e-02 -2.448500000000000121e-01
3.891399999999999970e+00 4.549000000000000266e-01 6.895000000000001128e-02 -2.661999999999999922e-01
4.055100000000000371e+00 4.549000000000000266e-01 7.389999999999999347e-02 -2.680500000000000105e-01
4.218700000000000117e+00 4.549000000000000266e-01 7.299999999999999545e-02 -2.641499999999999959e-01
4.382299999999999862e+00 4.549000000000000266e-01 7.864999999999999769e-02 -2.748499999999999832e-01
4.546000000000000263e+00 4.549000000000000266e-01 8.149999999999998912e-02 -2.837500000000000022e-01
4.709600000000000009e+00 4.549000000000000266e-01 8.444999999999999729e-02 -3.033000000000000140e-01
4.873300000000000409e+00 4.549000000000000266e-01 7.799999999999999989e-02 -3.165999999999999925e-01
5.036900000000000155e+00 4.549000000000000266e-01 7.744999999999999107e-02 -3.340500000000000136e-01
5.200599999999999667e+00 4.549000000000000266e-01 7.345000000000000140e-02 -3.380999999999999561e-01
5.364200000000000301e+00 4.549000000000000266e-01 6.600000000000000311e-02 -3.353499999999999814e-01
5.527800000000000047e+00 4.549000000000000266e-01 6.220000000000000528e-02 -3.246999999999999886e-01
5.691499999999999559e+00 4.549000000000000266e-01 5.169999999999999596e-02 -3.389499999999999735e-01
5.855100000000000193e+00 4.549000000000000266e-01 4.789999999999999813e-02 -3.483999999999999875e-01
6.018799999999999706e+00 4.549000000000000266e-01 3.755000000000000004e-02 -3.295500000000000096e-01
6.182400000000000340e+00 4.549000000000000266e-01 3.575000000000000400e-02 -3.444500000000000339e-01
6.346099999999999852e+00 4.549000000000000266e-01 2.104999999999999927e-02 -3.472999999999999976e-01
6.509699999999999598e+00 4.549000000000000266e-01 1.195000000000000055e-02 -3.611499999999999710e-01
6.673300000000000232e+00 4.549000000000000266e-01 9.000000000000006259e-04 -3.709999999999999964e-01
6.836999999999999744e+00 4.549000000000000266e-01 -2.444999999999999951e-02 -3.208499999999999686e-01
7.000600000000000378e+00 4.549000000000000266e-01 -2.999999999999999889e-02 -3.176999999999999824e-01
7.164299999999999891e+00 4.549000000000000266e-01 -4.934999999999999803e-02 -3.082500000000000240e-01
7.327899999999999636e+00 4.549000000000000266e-01 -6.460000000000000464e-02 -3.104000000000000092e-01
1.275999999999999912e-01 2.913000000000000034e-01 1.006999999999999978e-01 -2.070500000000000118e-01
2.913000000000000034e-01 2.913000000000000034e-01 8.715000000000000524e-02 -2.016999999999999904e-01
4.549000000000000266e-01 2.913000000000000034e-01 8.204999999999999793e-02 -2.101999999999999980e-01
6.186000000000000387e-01 2.913000000000000034e-01 7.910000000000000364e-02 -2.278000000000000025e-01
7.822000000000000064e-01 2.913000000000000034e-01 7.505000000000000560e-02 -2.219000000000000139e-01
9.458999999999999631e-01 2.913000000000000034e-01 7.044999999999999873e-02 -2.212999999999999967e-01
1.109499999999999931e+00 2.913000000000000034e-01 7.040000000000000424e-02 -2.447000000000000008e-01
1.273099999999999898e+00 2.913000000000000034e-01 7.105000000000000204e-02 -2.289999999999999813e-01
1.436800000000000077e+00 2.913000000000000034e-01 7.220000000000000029e-02 -2.338000000000000078e-01
1.600400000000000045e+00 2.913000000000000034e-01 7.175000000000000822e-02 -2.371999999999999942e-01
1.764100000000000001e+00 2.913000000000000034e-01 7.330000000000000404e-02 -2.176500000000000101e-01
1.927699999999999969e+00 2.913000000000000034e-01 7.735000000000000209e-02 -2.438000000000000167e-01
2.091400000000000148e+00 2.913000000000000034e-01 7.209999999999999742e-02 -2.696500000000000008e-01
2.254999999999999893e+00 2.913000000000000034e-01 7.324999999999999567e-02 -2.809500000000000330e-01
2.418600000000000083e+00 2.913000000000000034e-01 6.174999999999999933e-02 -2.637999999999999790e-01
2.582300000000000040e+00 2.913000000000000034e-01 7.050000000000000711e-02 -2.879000000000000448e-01
2.745899999999999785e+00 2.913000000000000034e-01 7.200000000000000844e-02 -2.949499999999999900e-01
2.909600000000000186e+00 2.913000000000000034e-01 5.890000000000000097e-02 -3.145000000000000018e-01
3.073199999999999932e+00 2.913000000000000034e-01 5.019999999999999463e-02 -3.033500000000000085e-01
3.236800000000000122e+00 2.913000000000000034e-01 5.530000000000000193e-02 -3.240999999999999992e-01
3.400500000000000078e+00 2.913000000000000034e-01 5.900000000000000383e-02 -2.984999999999999876e-01
3.564099999999999824e+00 2.913000000000000034e-01 3.034999999999999851e-02 -2.918000000000000038e-01
3.727799999999999780e+00 2.913000000000000034e-01 5.419999999999999818e-02 -2.901500000000000190e-01
3.891399999999999970e+00 2.913000000000000034e-01 6.609999999999999210e-02 -3.190999999999999948e-01
4.055100000000000371e+00 2.913000000000000034e-01 7.009999999999999565e-02 -3.176999999999999824e-01
4.218700000000000117e+00 2.913000000000000034e-01 8.424999999999999156e-02 -3.449999999999999734e-01
4.382299999999999862e+00 2.913000000000000034e-01 8.190000000000000058e-02 -3.394500000000000295e-01
4.546000000000000263e+00 2.913000000000000034e-01 8.110000000000000542e-02 -3.000000000000000444e-01
4.709600000000000009e+00 2.913000000000000034e-01 7.799999999999999989e-02 -3.268499999999999739e-01
4.873300000000000409e+00 2.913000000000000034e-01 7.694999999999999063e-02 -3.683499999999999552e-01
5.036900000000000155e+00 2.913000000000000034e-01 7.309999999999999831e-02 -3.427000000000000046e-01
5.200599999999999667e+00 2.913000000000000034e-01 7.189999999999999170e-02 -3.464000000000000412e-01
5.364200000000000301e+00 2.913000000000000034e-01 6.284999999999998921e-02 -3.678000000000000158e-01
5.527800000000000047e+00 2.913000000000000034e-01 5.659999999999999754e-02 -3.278999999999999693e-01
5.691499999999999559e+00 2.913000000000000034e-01 6.160000000000000198e-02 -3.920000000000000151e-01
5.855100000000000193e+00 2.913000000000000034e-01 4.039999999999999841e-02 -3.554499999999999882e-01
6.018799999999999706e+00 2.913000000000000034e-01 4.345000000000000251e-02 -3.363500000000000378e-01
6.182400000000000340e+00 2.913000000000000034e-01 3.805000000000000049e-02 -3.660999999999999810e-01
6.346099999999999852e+00 2.913000000000000034e-01 1.770000000000000046e-02 -3.350500000000000145e-01
6.509699999999999598e+00 2.913000000000000034e-01 1.895000000000000157e-02 -3.852499999999999813e-01
6.673300000000000232e+00 2.913000000000000034e-01 2.599999999999999881e-03 -3.075499999999999901e-01
6.836999999999999744e+00 2.913000000000000034e-01 -1.649999999999999991e-03 5.199999999999999761e-03
7.000600000000000378e+00 2.913000000000000034e-01 1.400000000000000203e-03 1.685000000000000039e-02
7.164299999999999891e+00 2.913000000000000034e-01 4.059999999999999720e-02 -6.815000000000000224e-02
7.327899999999999636e+00 2.913000000000000034e-01 3.969999999999999918e-02 -1.313000000000000000e-01
1.275999999999999912e-01 1.275999999999999912e-01 8.565000000000000391e-02 -2.061999999999999944e-01
2.913000000000000034e-01 1.275999999999999912e-01 7.510000000000000009e-02 -2.609000000000000208e-01
4.549000000000000266e-01 1.275999999999999912e-01 8.130000000000001115e-02 -2.139500000000000013e-01
6.186000000000000387e-01 1.275999999999999912e-01 5.895000000000000240e-02 -1.396000000000000019e-01
7.822000000000000064e-01 1.275999999999999912e-01 7.094999999999999918e-02 -2.057499999999999885e-01
9.458999999999999631e-01 1.275999999999999912e-01 7.205000000000000293e-02 -2.146500000000000075e-01
1.109499999999999931e+00 1.275999999999999912e-01 6.149999999999999911e-02 -3.011000000000000343e-01
1.273099999999999898e+00 1.275999999999999912e-01 6.565000000000000002e-02 -3.043500000000000094e-01
1.436800000000000077e+00 1.275999999999999912e-01 6.919999999999999762e-02 -2.936499999999999666e-01
1.600400000000000045e+00 1.275999999999999912e-01 7.645000000000000406e-02 -3.301499999999999990e-01
1.764100000000000001e+00 1.275999999999999912e-01 6.875000000000000555e-02 -3.202500000000000346e-01
1.927699999999999969e+00 1.275999999999999912e-01 6.770000000000001017e-02 -2.315500000000000058e-01
2.091400000000000148e+00 1.275999999999999912e-01 7.564999999999999503e-02 -3.052000000000000268e-01
2.254999999999999893e+00 1.275999999999999912e-01 7.730000000000000759e-02 -3.435500000000000220e-01
2.418600000000000083e+00 1.275999999999999912e-01 6.925000000000000600e-02 -3.505500000000000282e-01
2.582300000000000040e+00 1.275999999999999912e-01 7.320000000000000118e-02 -3.415500000000000203e-01
2.745899999999999785e+00 1.275999999999999912e-01 6.984999999999999543e-02 -3.168499999999999650e-01
2.909600000000000186e+00 1.275999999999999912e-01 5.759999999999999842e-02 -2.903999999999999915e-01
3.073199999999999932e+00 1.275999999999999912e-01 6.214999999999999691e-02 -2.707499999999999907e-01
3.236800000000000122e+00 1.275999999999999912e-01 4.199999999999999567e-02 -4.035999999999999588e-01
3.400500000000000078e+00 1.275999999999999912e-01 4.704999999999999460e-02 -4.055999999999999606e-01
3.564099999999999824e+00 1.275999999999999912e-01 4.095000000000000029e-02 -4.108000000000000540e-01
3.727799999999999780e+00 1.275999999999999912e-01 6.690000000000000113e-02 -3.195500000000000007e-01
3.891399999999999970e+00 1.275999999999999912e-01 6.074999999999999845e-02 -4.224999999999999867e-01
4.055100000000000371e+00 1.275999999999999912e-01 6.504999999999999671e-02 -4.300499999999999878e-01
4.218700000000000117e+00 1.275999999999999912e-01 7.689999999999999614e-02 -3.399499999999999744e-01
4.382299999999999862e+00 1.275999999999999912e-01 7.974999999999998757e-02 -4.643500000000000405e-01
4.546000000000000263e+00 1.275999999999999912e-01 9.109999999999998654e-02 -4.650499999999999634e-01
4.709600000000000009e+00 1.275999999999999912e-01 7.880000000000000893e-02 -4.571000000000000618e-01
4.873300000000000409e+00 1.275999999999999912e-01 8.119999999999999440e-02 -4.667000000000000037e-01
5.036900000000000155e+00 1.275999999999999912e-01 7.384999999999999898e-02 -3.665499999999999869e-01
5.200599999999999667e+00 1.275999999999999912e-01 6.575000000000000289e-02 -3.674000000000000044e-01
5.364200000000000301e+00 1.275999999999999912e-01 6.004999999999999921e-02 -3.713500000000000134e-01
5.527800000000000047e+00 1.275999999999999912e-01 6.640000000000000069e-02 -2.963000000000000078e-01
5.691499999999999559e+00 1.275999999999999912e-01 6.139999999999999625e-02 -3.336999999999999966e-01
5.855100000000000193e+00 1.275999999999999912e-01 4.489999999999999547e-02 -3.318499999999999783e-01
6.018799999999999706e+00 1.275999999999999912e-01 3.729999999999999982e-02 -3.301499999999999990e-01
6.182400000000000340e+00 1.275999999999999912e-01 2.854999999999999899e-02 -3.205500000000000016e-01
6.346099999999999852e+00 1.275999999999999912e-01 2.000000000000000042e-02 -2.966000000000000303e-01
6.509699999999999598e+00 1.275999999999999912e-01 1.119999999999999989e-02 -2.733499999999999819e-01
6.673300000000000232e+00 1.275999999999999912e-01 9.999999999999998473e-03 1.900000000000000647e-03
6.836999999999999744e+00 1.275999999999999912e-01 3.985000000000000347e-02 -8.269999999999999574e-02
7.000600000000000378e+00 1.275999999999999912e-01 -5.000000000000000104e-04 -8.640000000000000457e-02
7.164299999999999891e+00 1.275999999999999912e-01 4.794999999999999957e-02 -1.274000000000000132e-01
7.327899999999999636e+00 1.275999999999999912e-01 4.540500000000000091e-01 4.916499999999999759e-01
