1.275999999999999912e-01 1.927699999999999969e+00 1.111999999999999933e-01 5.054999999999999771e-02
2.913000000000000034e-01 1.927699999999999969e+00 1.016999999999999987e-01 4.854999999999999594e-02
4.549000000000000266e-01 1.927699999999999969e+00 1.057499999999999968e-01 5.480000000000000149e-02
6.186000000000000387e-01 1.927699999999999969e+00 1.096000000000000030e-01 6.105000000000000010e-02
7.822000000000000064e-01 1.927699999999999969e+00 1.096499999999999975e-01 5.774999999999999578e-02
9.458999999999999631e-01 1.927699999999999969e+00 1.081499999999999961e-01 5.815000000000000030e-02
1.109499999999999931e+00 1.927699999999999969e+00 1.136500000000000010e-01 5.929999999999999855e-02
1.273099999999999898e+00 1.927699999999999969e+00 1.082499999999999990e-01 6.890000000000000291e-02
1.436800000000000077e+00 1.927699999999999969e+00 1.029499999999999998e-01 6.994999999999999829e-02
1.600400000000000045e+00 1.927699999999999969e+00 9.585000000000000464e-02 7.009999999999999565e-02
1.764100000000000001e+00 1.927699999999999969e+00 9.690000000000000002e-02 7.274999999999999523e-02
1.927699999999999969e+00 1.927699999999999969e+00 9.704999999999999738e-02 7.239999999999999214e-02
2.091400000000000148e+00 1.927699999999999969e+00 9.504999999999999560e-02 8.140000000000000013e-02
2.254999999999999893e+00 1.927699999999999969e+00 9.795000000000000928e-02 8.490000000000000324e-02
2.418600000000000083e+00 1.927699999999999969e+00 9.349999999999999978e-02 8.665000000000000480e-02
2.582300000000000040e+00 1.927699999999999969e+00 9.709999999999999187e-02 9.064999999999999447e-02
2.745899999999999785e+00 1.927699999999999969e+00 9.289999999999999647e-02 9.204999999999999294e-02
2.909600000000000186e+00 1.927699999999999969e+00 9.124999999999999778e-02 1.006999999999999978e-01
3.073199999999999932e+00 1.927699999999999969e+00 9.229999999999999316e-02 1.013499999999999956e-01
3.236800000000000122e+00 1.927699999999999969e+00 8.930000000000000437e-02 9.829999999999999849e-02
3.400500000000000078e+00 1.927699999999999969e+00 8.895000000000000129e-02 9.900000000000000466e-02
3.564099999999999824e+00 1.927699999999999969e+00 8.219999999999999529e-02 9.984999999999999432e-02
3.727799999999999780e+00 1.927699999999999969e+00 8.460000000000000853e-02 1.105499999999999955e-01
3.891399999999999970e+00 1.927699999999999969e+00 9.015000000000000790e-02 1.097500000000000003e-01
4.055100000000000371e+00 1.927699999999999969e+00 9.049999999999999711e-02 1.124499999999999944e-01
4.218700000000000117e+00 1.927699999999999969e+00 8.300000000000000433e-02 1.096499999999999975e-01
4.382299999999999862e+00 1.927699999999999969e+00 8.119999999999999440e-02 1.091499999999999970e-01
4.546000000000000263e+00 1.927699999999999969e+00 8.229999999999999816e-02 1.154999999999999916e-01
4.709600000000000009e+00 1.927699999999999969e+00 7.875000000000000056e-02 1.227999999999999925e-01
4.873300000000000409e+00 1.927699999999999969e+00 8.310000000000000719e-02 1.238999999999999962e-01
5.036900000000000155e+00 1.927699999999999969e+00 8.655000000000000193e-02 1.217499999999999971e-01
5.200599999999999667e+00 1.927699999999999969e+00 8.404999999999999971e-02 1.282500000000000029e-01
5.364200000000000301e+00 1.927699999999999969e+00 8.705000000000000238e-02 1.370999999999999996e-01
5.527800000000000047e+00 1.927699999999999969e+00 8.945000000000000173e-02 1.366999999999999882e-01
5.691499999999999559e+00 1.927699999999999969e+00 8.399999999999999134e-02 1.426000000000000045e-01
5.855100000000000193e+00 1.927699999999999969e+00 8.150000000000000300e-02 1.473499999999999810e-01
6.018799999999999706e+00 1.927699999999999969e+00 8.644999999999999907e-02 1.487499999999999933e-01
6.182400000000000340e+00 1.927699999999999969e+00 9.359999999999998876e-02 1.523999999999999799e-01
6.346099999999999852e+00 1.927699999999999969e+00 9.210000000000000131e-02 1.433499999999999774e-01
6.509699999999999598e+00 1.927699999999999969e+00 9.329999999999999405e-02 1.484000000000000041e-01
6.673300000000000232e+00 1.927699999999999969e+00 1.020000000000000073e-01 1.446000000000000063e-01
6.836999999999999744e+00 1.927699999999999969e+00 9.750000000000000333e-02 1.274500000000000077e-01
7.000600000000000378e+00 1.927699999999999969e+00 1.066499999999999948e-01 1.317000000000000115e-01
7.164299999999999891e+00 1.927699999999999969e+00 1.077499999999999986e-01 1.327000000000000124e-01
7.327899999999999636e+00 1.927699999999999969e+00 1.123500000000000054e-01 1.319500000000000117e-01
1.275999999999999912e-01 1.764100000000000001e+00 1.171999999999999986e-01 6.470000000000000751e-02
2.913000000000000034e-01 1.764100000000000001e+00 1.181500000000000050e-01 6.325000000000000067e-02
4.549000000000000266e-01 1.764100000000000001e+00 1.153499999999999942e-01 6.155000000000000054e-02
6.186000000000000387e-01 1.764100000000000001e+00 1.081999999999999906e-01 6.844999999999999696e-02
7.822000000000000064e-01 1.764100000000000001e+00 1.121499999999999997e-01 7.370000000000000162e-02
9.458999999999999631e-01 1.764100000000000001e+00 1.136500000000000010e-01 7.664999999999999591e-02
1.109499999999999931e+00 1.764100000000000001e+00 1.025999999999999968e-01 7.320000000000000118e-02
1.273099999999999898e+00 1.764100000000000001e+00 1.015999999999999959e-01 7.864999999999999769e-02
1.436800000000000077e+00 1.764100000000000001e+00 9.994999999999999718e-02 8.809999999999999776e-02
1.600400000000000045e+00 1.764100000000000001e+00 9.459999999999998965e-02 8.560000000000000941e-02
1.764100000000000001e+00 1.764100000000000001e+00 9.129999999999999227e-02 8.845000000000000084e-02
1.927699999999999969e+00 1.764100000000000001e+00 9.525000000000000133e-02 9.020000000000000240e-02
2.091400000000000148e+00 1.764100000000000001e+00 9.750000000000000333e-02 9.634999999999999121e-02
2.254999999999999893e+00 1.764100000000000001e+00 9.329999999999999405e-02 1.017000000000000126e-01
2.418600000000000083e+00 1.764100000000000001e+00 8.879999999999999005e-02 9.840000000000000135e-02
2.582300000000000040e+00 1.764100000000000001e+00 9.389999999999999736e-02 1.048999999999999932e-01
2.745899999999999785e+00 1.764100000000000001e+00 9.239999999999999603e-02 1.136000000000000065e-01
2.909600000000000186e+00 1.764100000000000001e+00 8.774999999999999467e-02 1.160999999999999949e-01
3.073199999999999932e+00 1.764100000000000001e+00 9.134999999999998677e-02 1.162999999999999867e-01
3.236800000000000122e+00 1.764100000000000001e+00 9.085000000000000020e-02 1.165999999999999953e-01
3.400500000000000078e+00 1.764100000000000001e+00 8.809999999999999776e-02 1.260499999999999954e-01
3.564099999999999824e+00 1.764100000000000001e+00 8.399999999999999134e-02 1.279500000000000082e-01
3.727799999999999780e+00 1.764100000000000001e+00 8.169999999999999485e-02 1.292999999999999983e-01
3.891399999999999970e+00 1.764100000000000001e+00 8.799999999999999489e-02 1.340000000000000080e-01
4.055100000000000371e+00 1.764100000000000001e+00 9.059999999999999998e-02 1.373499999999999999e-01
4.218700000000000117e+00 1.764100000000000001e+00 8.915000000000000702e-02 1.353499999999999981e-01
4.382299999999999862e+00 1.764100000000000001e+00 8.744999999999999996e-02 1.318000000000000005e-01
4.546000000000000263e+00 1.764100000000000001e+00 7.894999999999999241e-02 1.408000000000000085e-01
4.709600000000000009e+00 1.764100000000000001e+00 8.169999999999999485e-02 1.487499999999999933e-01
4.873300000000000409e+00 1.764100000000000001e+00 8.429999999999999993e-02 1.498499999999999832e-01
5.036900000000000155e+00 1.764100000000000001e+00 8.474999999999999201e-02 1.486999999999999988e-01
5.200599999999999667e+00 1.764100000000000001e+00 7.875000000000000056e-02 1.610000000000000042e-01
5.364200000000000301e+00 1.764100000000000001e+00 8.315000000000000169e-02 1.643999999999999906e-01
5.527800000000000047e+00 1.764100000000000001e+00 9.004999999999999116e-02 1.609999999999999765e-01
5.691499999999999559e+00 1.764100000000000001e+00 8.580000000000000127e-02 1.689499999999999891e-01
5.855100000000000193e+00 1.764100000000000001e+00 8.674999999999999378e-02 1.660500000000000032e-01
6.018799999999999706e+00 1.764100000000000001e+00 9.055000000000000548e-02 1.791499999999999759e-01
6.182400000000000340e+00 1.764100000000000001e+00 8.799999999999999489e-02 1.835499999999999909e-01
6.346099999999999852e+00 1.764100000000000001e+00 8.310000000000000719e-02 1.768500000000000072e-01
6.509699999999999598e+00 1.764100000000000001e+00 8.824999999999999512e-02 1.698000000000000065e-01
6.673300000000000232e+00 1.764100000000000001e+00 1.018000000000000016e-01 1.678000000000000047e-01
6.836999999999999744e+00 1.764100000000000001e+00 1.006999999999999978e-01 1.666500000000000203e-01
7.000600000000000378e+00 1.764100000000000001e+00 1.026999999999999996e-01 1.767500000000000182e-01
7.164299999999999891e+00 1.764100000000000001e+00 1.139499999999999957e-01 1.771500000000000019e-01
7.327899999999999636e+00 1.764100000000000001e+00 1.143500000000000072e-01 1.587500000000000022e-01
1.275999999999999912e-01 1.600400000000000045e+00 1.100000000000000006e-01 6.854999999999999982e-02
2.913000000000000034e-01 1.600400000000000045e+00 1.109499999999999931e-01 7.155000000000000249e-02
4.549000000000000266e-01 1.600400000000000045e+00 1.116000000000000048e-01 7.400000000000001021e-02
6.186000000000000387e-01 1.600400000000000045e+00 1.035999999999999976e-01 7.499999999999999722e-02
7.822000000000000064e-01 1.600400000000000045e+00 1.044999999999999957e-01 8.005000000000001004e-02
9.458999999999999631e-01 1.600400000000000045e+00 1.030000000000000082e-01 8.365000000000000213e-02
1.109499999999999931e+00 1.600400000000000045e+00 9.884999999999999343e-02 8.549999999999999267e-02
1.273099999999999898e+00 1.600400000000000045e+00 9.700000000000000289e-02 8.674999999999999378e-02
1.436800000000000077e+00 1.600400000000000045e+00 9.844999999999999585e-02 9.884999999999999343e-02
1.600400000000000045e+00 1.600400000000000045e+00 9.489999999999999825e-02 1.013499999999999956e-01
1.764100000000000001e+00 1.600400000000000045e+00 9.429999999999999494e-02 1.057499999999999968e-01
1.927699999999999969e+00 1.600400000000000045e+00 9.375000000000000000e-02 1.060999999999999999e-01
2.091400000000000148e+00 1.600400000000000045e+00 9.315000000000001057e-02 1.118999999999999995e-01
2.254999999999999893e+00 1.600400000000000045e+00 8.909999999999999865e-02 1.131999999999999951e-01
2.418600000000000083e+00 1.600400000000000045e+00 8.424999999999999156e-02 1.168000000000000010e-01
2.582300000000000040e+00 1.600400000000000045e+00 8.475000000000000588e-02 1.254000000000000115e-01
2.745899999999999785e+00 1.600400000000000045e+00 8.615000000000000435e-02 1.282999999999999974e-01
2.909600000000000186e+00 1.600400000000000045e+00 8.419999999999999707e-02 1.292000000000000093e-01
3.073199999999999932e+00 1.600400000000000045e+00 8.829999999999998961e-02 1.353499999999999981e-01
3.236800000000000122e+00 1.600400000000000045e+00 8.804999999999998939e-02 1.396999999999999909e-01
3.400500000000000078e+00 1.600400000000000045e+00 8.835000000000001186e-02 1.425000000000000155e-01
3.564099999999999824e+00 1.600400000000000045e+00 8.740000000000000546e-02 1.467499999999999916e-01
3.727799999999999780e+00 1.600400000000000045e+00 8.205000000000001181e-02 1.477499999999999925e-01
3.891399999999999970e+00 1.600400000000000045e+00 8.369999999999999662e-02 1.469999999999999918e-01
4.055100000000000371e+00 1.600400000000000045e+00 8.360000000000000764e-02 1.551000000000000156e-01
4.218700000000000117e+00 1.600400000000000045e+00 8.304999999999999882e-02 1.572999999999999954e-01
4.382299999999999862e+00 1.600400000000000045e+00 8.480000000000000038e-02 1.593499999999999917e-01
4.546000000000000263e+00 1.600400000000000045e+00 8.110000000000000542e-02 1.707000000000000184e-01
4.709600000000000009e+00 1.600400000000000045e+00 8.094999999999999418e-02 1.722500000000000142e-01
4.873300000000000409e+00 1.600400000000000045e+00 8.535000000000000919e-02 1.707500000000000129e-01
5.036900000000000155e+00 1.600400000000000045e+00 8.390000000000000235e-02 1.808500000000000107e-01
5.200599999999999667e+00 1.600400000000000045e+00 7.714999999999999636e-02 1.831000000000000127e-01
5.364200000000000301e+00 1.600400000000000045e+00 7.925000000000000100e-02 1.805999999999999828e-01
5.527800000000000047e+00 1.600400000000000045e+00 7.810000000000000275e-02 1.914000000000000146e-01
5.691499999999999559e+00 1.600400000000000045e+00 8.044999999999999374e-02 1.980000000000000093e-01
5.855100000000000193e+00 1.600400000000000045e+00 8.000000000000000167e-02 1.943500000000000227e-01
6.018799999999999706e+00 1.600400000000000045e+00 8.375000000000000500e-02 2.035000000000000142e-01
6.182400000000000340e+00 1.600400000000000045e+00 8.920000000000000151e-02 2.125500000000000167e-01
6.346099999999999852e+00 1.600400000000000045e+00 8.505000000000000060e-02 2.081000000000000072e-01
6.509699999999999598e+00 1.600400000000000045e+00 8.210000000000000631e-02 2.087999999999999856e-01
6.673300000000000232e+00 1.600400000000000045e+00 9.515000000000001235e-02 2.080500000000000127e-01
6.836999999999999744e+00 1.600400000000000045e+00 9.779999999999999805e-02 1.668499999999999983e-01
7.000600000000000378e+00 1.600400000000000045e+00 1.068500000000000005e-01 2.106999999999999984e-01
7.164299999999999891e+00 1.600400000000000045e+00 1.176000000000000101e-01 2.128499999999999837e-01
7.327899999999999636e+00 1.600400000000000045e+00 1.269000000000000128e-01 1.949000000000000177e-01
1.275999999999999912e-01 1.436800000000000077e+00 1.045500000000000040e-01 8.039999999999999925e-02
2.913000000000000034e-01 1.436800000000000077e+00 1.063000000000000056e-01 8.350000000000000477e-02
4.549000000000000266e-01 1.436800000000000077e+00 1.058000000000000052e-01 8.075000000000000233e-02
6.186000000000000387e-01 1.436800000000000077e+00 1.030500000000000027e-01 8.005000000000001004e-02
7.822000000000000064e-01 1.436800000000000077e+00 1.015000000000000069e-01 8.179999999999999771e-02
9.458999999999999631e-01 1.436800000000000077e+00 8.880000000000000393e-02 8.519999999999999796e-02
1.109499999999999931e+00 1.436800000000000077e+00 9.479999999999999538e-02 9.859999999999999321e-02
1.273099999999999898e+00 1.436800000000000077e+00 8.899999999999999578e-02 1.003499999999999948e-01
1.436800000000000077e+00 1.436800000000000077e+00 9.285000000000000198e-02 1.089999999999999997e-01
1.600400000000000045e+00 1.436800000000000077e+00 9.045000000000000262e-02 1.147499999999999909e-01
1.764100000000000001e+00 1.436800000000000077e+00 9.015000000000000790e-02 1.220999999999999863e-01
1.927699999999999969e+00 1.436800000000000077e+00 8.744999999999999996e-02 1.253499999999999892e-01
2.091400000000000148e+00 1.436800000000000077e+00 8.820000000000000062e-02 1.315500000000000003e-01
2.254999999999999893e+00 1.436800000000000077e+00 8.594999999999999862e-02 1.298999999999999877e-01
2.418600000000000083e+00 1.436800000000000077e+00 8.419999999999999707e-02 1.395500000000000074e-01
2.582300000000000040e+00 1.436800000000000077e+00 8.410000000000000808e-02 1.485500000000000154e-01
2.745899999999999785e+00 1.436800000000000077e+00 8.770000000000000018e-02 1.527000000000000024e-01
2.909600000000000186e+00 1.436800000000000077e+00 8.390000000000000235e-02 1.514999999999999958e-01
3.073199999999999932e+00 1.436800000000000077e+00 8.274999999999999023e-02 1.520500000000000185e-01
3.236800000000000122e+00 1.436800000000000077e+00 8.279999999999999860e-02 1.631000000000000227e-01
3.400500000000000078e+00 1.436800000000000077e+00 8.249999999999999001e-02 1.648499999999999965e-01
3.564099999999999824e+00 1.436800000000000077e+00 8.365000000000000213e-02 1.634499999999999842e-01
3.727799999999999780e+00 1.436800000000000077e+00 8.210000000000000631e-02 1.682000000000000162e-01
3.891399999999999970e+00 1.436800000000000077e+00 8.494999999999999774e-02 1.693999999999999950e-01
4.055100000000000371e+00 1.436800000000000077e+00 8.199999999999998956e-02 1.759999999999999898e-01
4.218700000000000117e+00 1.436800000000000077e+00 8.110000000000000542e-02 1.769999999999999907e-01
4.382299999999999862e+00 1.436800000000000077e+00 7.989999999999999880e-02 1.794499999999999984e-01
4.546000000000000263e+00 1.436800000000000077e+00 7.910000000000000364e-02 1.864000000000000101e-01
4.709600000000000009e+00 1.436800000000000077e+00 8.074999999999998845e-02 1.930499999999999994e-01
4.873300000000000409e+00 1.436800000000000077e+00 7.595000000000000362e-02 1.922500000000000042e-01
5.036900000000000155e+00 1.436800000000000077e+00 7.674999999999999878e-02 2.011499999999999955e-01
5.200599999999999667e+00 1.436800000000000077e+00 7.459999999999999964e-02 2.147499999999999964e-01
5.364200000000000301e+00 1.436800000000000077e+00 7.875000000000000056e-02 2.154999999999999971e-01
5.527800000000000047e+00 1.436800000000000077e+00 7.425000000000001044e-02 2.185999999999999888e-01
5.691499999999999559e+00 1.436800000000000077e+00 7.839999999999999747e-02 2.263499999999999956e-01
5.855100000000000193e+00 1.436800000000000077e+00 7.894999999999999241e-02 2.276000000000000245e-01
6.018799999999999706e+00 1.436800000000000077e+00 8.144999999999999463e-02 2.343999999999999972e-01
6.182400000000000340e+00 1.436800000000000077e+00 8.505000000000000060e-02 2.342000000000000193e-01
6.346099999999999852e+00 1.436800000000000077e+00 8.990000000000000768e-02 2.467000000000000026e-01
6.509699999999999598e+00 1.436800000000000077e+00 8.605000000000000149e-02 2.580000000000000071e-01
6.673300000000000232e+00 1.436800000000000077e+00 9.454999999999999516e-02 2.499500000000000055e-01
6.836999999999999744e+00 1.436800000000000077e+00 1.053000000000000047e-01 2.066999999999999948e-01
7.000600000000000378e+00 1.436800000000000077e+00 1.210500000000000048e-01 2.620000000000000107e-01
7.164299999999999891e+00 1.436800000000000077e+00 1.272999999999999965e-01 2.581499999999999906e-01
7.327899999999999636e+00 1.436800000000000077e+00 1.347499999999999809e-01 2.429999999999999938e-01
1.275999999999999912e-01 1.273099999999999898e+00 1.035999999999999976e-01 8.315000000000000169e-02
2.913000000000000034e-01 1.273099999999999898e+00 1.018000000000000016e-01 9.229999999999999316e-02
4.549000000000000266e-01 1.273099999999999898e+00 1.030999999999999972e-01 9.670000000000000817e-02
6.186000000000000387e-01 1.273099999999999898e+00 1.011499999999999899e-01 9.725000000000000311e-02
7.822000000000000064e-01 1.273099999999999898e+00 9.679999999999999716e-02 1.019499999999999990e-01
9.458999999999999631e-01 1.273099999999999898e+00 8.064999999999999947e-02 9.884999999999999343e-02
1.109499999999999931e+00 1.273099999999999898e+00 8.909999999999999865e-02 1.154000000000000026e-01
1.273099999999999898e+00 1.273099999999999898e+00 8.285000000000000697e-02 1.243499999999999883e-01
1.436800000000000077e+00 1.273099999999999898e+00 8.360000000000000764e-02 1.304000000000000159e-01
1.600400000000000045e+00 1.273099999999999898e+00 8.785000000000001141e-02 1.364500000000000157e-01
1.764100000000000001e+00 1.273099999999999898e+00 8.859999999999999820e-02 1.461999999999999966e-01
1.927699999999999969e+00 1.273099999999999898e+00 8.744999999999999996e-02 1.502000000000000002e-01
2.091400000000000148e+00 1.273099999999999898e+00 8.465000000000000302e-02 1.522499999999999964e-01
2.254999999999999893e+00 1.273099999999999898e+00 8.530000000000000082e-02 1.469999999999999918e-01
2.418600000000000083e+00 1.273099999999999898e+00 8.544999999999999818e-02 1.575500000000000234e-01
2.582300000000000040e+00 1.273099999999999898e+00 8.179999999999999771e-02 1.635999999999999954e-01
2.745899999999999785e+00 1.273099999999999898e+00 8.560000000000000941e-02 1.724499999999999922e-01
2.909600000000000186e+00 1.273099999999999898e+00 8.385000000000000786e-02 1.791999999999999982e-01
3.073199999999999932e+00 1.273099999999999898e+00 8.490000000000000324e-02 1.713500000000000023e-01
3.236800000000000122e+00 1.273099999999999898e+00 7.949999999999998734e-02 1.859999999999999987e-01
3.400500000000000078e+00 1.273099999999999898e+00 8.054999999999999660e-02 1.885000000000000009e-01
3.564099999999999824e+00 1.273099999999999898e+00 8.160000000000000586e-02 1.875499999999999945e-01
3.727799999999999780e+00 1.273099999999999898e+00 7.960000000000000409e-02 1.884500000000000064e-01
3.891399999999999970e+00 1.273099999999999898e+00 8.035000000000000475e-02 1.932500000000000051e-01
4.055100000000000371e+00 1.273099999999999898e+00 7.939999999999999836e-02 1.956499999999999906e-01
4.218700000000000117e+00 1.273099999999999898e+00 7.545000000000000318e-02 2.160000000000000253e-01
4.382299999999999862e+00 1.273099999999999898e+00 7.284999999999999809e-02 2.103499999999999814e-01
4.546000000000000263e+00 1.273099999999999898e+00 7.284999999999999809e-02 2.155000000000000249e-01
4.709600000000000009e+00 1.273099999999999898e+00 7.115000000000000491e-02 2.288499999999999979e-01
4.873300000000000409e+00 1.273099999999999898e+00 6.279999999999999472e-02 2.209499999999999797e-01
5.036900000000000155e+00 1.273099999999999898e+00 6.819999999999999674e-02 2.242000000000000104e-01
5.200599999999999667e+00 1.273099999999999898e+00 7.089999999999999081e-02 2.467500000000000249e-01
5.364200000000000301e+00 1.273099999999999898e+00 6.765000000000000180e-02 2.587499999999999800e-01
5.527800000000000047e+00 1.273099999999999898e+00 6.795000000000001039e-02 2.545999999999999930e-01
5.691499999999999559e+00 1.273099999999999898e+00 7.225000000000000866e-02 2.558500000000000218e-01
5.855100000000000193e+00 1.273099999999999898e+00 8.019999999999999352e-02 2.726999999999999980e-01
6.018799999999999706e+00 1.273099999999999898e+00 7.364999999999999325e-02 2.890000000000000346e-01
6.182400000000000340e+00 1.273099999999999898e+00 7.810000000000000275e-02 2.790000000000000258e-01
6.346099999999999852e+00 1.273099999999999898e+00 8.654999999999998805e-02 2.857000000000000095e-01
6.509699999999999598e+00 1.273099999999999898e+00 8.630000000000000171e-02 3.029000000000000026e-01
6.673300000000000232e+00 1.273099999999999898e+00 9.864999999999998770e-02 2.959500000000000464e-01
6.836999999999999744e+00 1.273099999999999898e+00 1.083500000000000019e-01 3.001500000000000279e-01
7.000600000000000378e+00 1.273099999999999898e+00 1.222499999999999976e-01 2.938500000000000001e-01
7.164299999999999891e+00 1.273099999999999898e+00 1.226000000000000145e-01 3.248499999999999721e-01
7.327899999999999636e+00 1.273099999999999898e+00 1.544499999999999762e-01 3.058499999999999552e-01
1.275999999999999912e-01 1.109499999999999931e+00 1.129499999999999948e-01 9.700000000000000289e-02
2.913000000000000034e-01 1.109499999999999931e+00 1.082499999999999990e-01 1.037000000000000005e-01
4.549000000000000266e-01 1.109499999999999931e+00 9.095000000000000306e-02 1.093000000000000083e-01
6.186000000000000387e-01 1.109499999999999931e+00 8.519999999999999796e-02 1.136500000000000010e-01
7.822000000000000064e-01 1.109499999999999931e+00 8.770000000000000018e-02 1.295499999999999985e-01
9.458999999999999631e-01 1.109499999999999931e+00 8.529999999999998694e-02 1.295000000000000040e-01
1.109499999999999931e+00 1.109499999999999931e+00 8.509999999999999509e-02 1.385500000000000065e-01
1.273099999999999898e+00 1.109499999999999931e+00 8.254999999999999838e-02 1.454000000000000015e-01
1.436800000000000077e+00 1.109499999999999931e+00 8.519999999999999796e-02 1.512000000000000011e-01
1.600400000000000045e+00 1.109499999999999931e+00 8.190000000000000058e-02 1.576500000000000123e-01
1.764100000000000001e+00 1.109499999999999931e+00 8.404999999999999971e-02 1.703500000000000014e-01
1.927699999999999969e+00 1.109499999999999931e+00 8.590000000000000413e-02 1.746499999999999997e-01
2.091400000000000148e+00 1.109499999999999931e+00 8.235000000000000653e-02 1.743000000000000105e-01
2.254999999999999893e+00 1.109499999999999931e+00 8.410000000000000808e-02 1.850999999999999868e-01
2.418600000000000083e+00 1.109499999999999931e+00 8.104999999999999705e-02 1.872499999999999998e-01
2.582300000000000040e+00 1.109499999999999931e+00 8.044999999999999374e-02 1.909000000000000141e-01
2.745899999999999785e+00 1.109499999999999931e+00 8.200000000000000344e-02 1.910499999999999976e-01
2.909600000000000186e+00 1.109499999999999931e+00 7.819999999999999174e-02 1.997499999999999831e-01
3.073199999999999932e+00 1.109499999999999931e+00 7.804999999999999438e-02 2.091999999999999971e-01
3.236800000000000122e+00 1.109499999999999931e+00 7.710000000000000187e-02 2.053499999999999770e-01
3.400500000000000078e+00 1.109499999999999931e+00 7.825000000000000011e-02 2.206500000000000128e-01
3.564099999999999824e+00 1.109499999999999931e+00 7.805000000000000826e-02 2.206000000000000183e-01
3.727799999999999780e+00 1.109499999999999931e+00 7.780000000000000804e-02 2.213999999999999857e-01
3.891399999999999970e+00 1.109499999999999931e+00 7.284999999999999809e-02 2.355999999999999761e-01
4.055100000000000371e+00 1.109499999999999931e+00 7.660000000000000142e-02 2.456999999999999740e-01
4.218700000000000117e+00 1.109499999999999931e+00 7.359999999999999876e-02 2.499000000000000110e-01
4.382299999999999862e+00 1.109499999999999931e+00 6.725000000000000422e-02 2.573499999999999677e-01
4.546000000000000263e+00 1.109499999999999931e+00 6.425000000000000155e-02 2.556499999999999884e-01
4.709600000000000009e+00 1.109499999999999931e+00 6.245000000000000551e-02 2.636499999999999955e-01
4.873300000000000409e+00 1.109499999999999931e+00 5.985000000000000042e-02 2.579500000000000126e-01
5.036900000000000155e+00 1.109499999999999931e+00 6.339999999999999802e-02 2.671999999999999931e-01
5.200599999999999667e+00 1.109499999999999931e+00 6.154999999999999361e-02 2.792000000000000037e-01
5.364200000000000301e+00 1.109499999999999931e+00 5.464999999999999719e-02 2.890000000000000346e-01
5.527800000000000047e+00 1.109499999999999931e+00 5.440000000000000391e-02 2.943500000000000005e-01
5.691499999999999559e+00 1.109499999999999931e+00 6.085000000000000131e-02 2.967000000000000193e-01
5.855100000000000193e+00 1.109499999999999931e+00 7.214999999999999192e-02 3.094999999999999973e-01
6.018799999999999706e+00 1.109499999999999931e+00 7.680000000000000715e-02 3.201500000000000457e-01
6.182400000000000340e+00 1.109499999999999931e+00 7.839999999999999747e-02 3.123000000000000220e-01
6.346099999999999852e+00 1.109499999999999931e+00 8.299999999999999045e-02 3.060499999999999887e-01
6.509699999999999598e+00 1.109499999999999931e+00 8.540000000000000369e-02 3.298499999999999766e-01
6.673300000000000232e+00 1.109499999999999931e+00 9.510000000000000397e-02 3.432000000000000051e-01
6.836999999999999744e+00 1.109499999999999931e+00 1.100499999999999950e-01 3.439499999999999780e-01
7.000600000000000378e+00 1.109499999999999931e+00 1.214500000000000024e-01 3.228999999999999648e-01
7.164299999999999891e+00 1.109499999999999931e+00 1.380000000000000115e-01 3.833999999999999631e-01
7.327899999999999636e+00 1.109499999999999931e+00 1.721499999999999975e-01 3.345000000000000195e-01
1.275999999999999912e-01 9.458999999999999631e-01 9.919999999999999651e-02 1.161500000000000032e-01
2.913000000000000034e-01 9.458999999999999631e-01 1.013499999999999956e-01 1.155499999999999999e-01
4.549000000000000266e-01 9.458999999999999631e-01 8.799999999999999489e-02 1.231500000000000095e-01
6.186000000000000387e-01 9.458999999999999631e-01 7.539999999999999480e-02 1.250499999999999945e-01
7.822000000000000064e-01 9.458999999999999631e-01 8.740000000000000546e-02 1.517000000000000015e-01
9.458999999999999631e-01 9.458999999999999631e-01 8.530000000000000082e-02 1.580500000000000238e-01
1.109499999999999931e+00 9.458999999999999631e-01 8.315000000000000169e-02 1.623499999999999943e-01
1.273099999999999898e+00 9.458999999999999631e-01 7.655000000000000693e-02 1.734499999999999931e-01
1.436800000000000077e+00 9.458999999999999631e-01 7.430000000000000493e-02 1.746000000000000052e-01
1.600400000000000045e+00 9.458999999999999631e-01 7.374999999999999611e-02 1.902999999999999969e-01
1.764100000000000001e+00 9.458999999999999631e-01 7.355000000000000426e-02 2.040000000000000147e-01
1.927699999999999969e+00 9.458999999999999631e-01 7.274999999999999523e-02 2.042499999999999871e-01
2.091400000000000148e+00 9.458999999999999631e-01 7.289999999999999258e-02 2.076500000000000012e-01
2.254999999999999893e+00 9.458999999999999631e-01 7.489999999999999436e-02 2.197999999999999954e-01
2.418600000000000083e+00 9.458999999999999631e-01 7.599999999999999811e-02 2.193999999999999839e-01
2.582300000000000040e+00 9.458999999999999631e-01 7.764999999999999680e-02 2.308000000000000052e-01
2.745899999999999785e+00 9.458999999999999631e-01 8.014999999999999902e-02 2.247500000000000053e-01
2.909600000000000186e+00 9.458999999999999631e-01 8.249999999999999001e-02 2.322000000000000175e-01
3.073199999999999932e+00 9.458999999999999631e-01 8.185000000000000608e-02 2.363000000000000100e-01
3.236800000000000122e+00 9.458999999999999631e-01 7.760000000000000231e-02 2.275000000000000078e-01
3.400500000000000078e+00 9.458999999999999631e-01 7.505000000000000560e-02 2.441999999999999726e-01
3.564099999999999824e+00 9.458999999999999631e-01 7.689999999999999614e-02 2.498500000000000165e-01
3.727799999999999780e+00 9.458999999999999631e-01 7.295000000000000095e-02 2.520499999999999963e-01
3.891399999999999970e+00 9.458999999999999631e-01 7.375000000000000999e-02 2.684500000000000219e-01
4.055100000000000371e+00 9.458999999999999631e-01 7.230000000000000315e-02 2.832999999999999963e-01
4.218700000000000117e+00 9.458999999999999631e-01 6.610000000000000597e-02 2.921000000000000263e-01
4.382299999999999862e+00 9.458999999999999631e-01 6.120000000000000440e-02 2.932000000000000162e-01
4.546000000000000263e+00 9.458999999999999631e-01 5.655000000000000304e-02 3.039499999999999980e-01
4.709600000000000009e+00 9.458999999999999631e-01 4.835000000000000409e-02 3.038000000000000145e-01
4.873300000000000409e+00 9.458999999999999631e-01 4.320000000000000229e-02 3.035499999999999865e-01
5.036900000000000155e+00 9.458999999999999631e-01 4.660000000000000253e-02 3.159000000000000141e-01
5.200599999999999667e+00 9.458999999999999631e-01 4.689999999999999725e-02 3.321500000000000008e-01
5.364200000000000301e+00 9.458999999999999631e-01 4.339999999999999414e-02 3.343000000000000416e-01
5.527800000000000047e+00 9.458999999999999631e-01 4.750000000000000056e-02 3.429999999999999716e-01
5.691499999999999559e+00 9.458999999999999631e-01 5.100000000000000366e-02 3.543000000000000038e-01
5.855100000000000193e+00 9.458999999999999631e-01 4.100000000000000172e-02 3.842999999999999750e-01
6.018799999999999706e+00 9.458999999999999631e-01 5.809999999999999887e-02 4.002000000000000002e-01
6.182400000000000340e+00 9.458999999999999631e-01 5.965000000000000163e-02 4.131500000000000172e-01
6.346099999999999852e+00 9.458999999999999631e-01 6.704999999999999849e-02 3.959500000000000242e-01
6.509699999999999598e+00 9.458999999999999631e-01 8.100000000000000255e-02 3.989500000000000268e-01
6.673300000000000232e+00 9.458999999999999631e-01 9.379999999999999449e-02 4.232000000000000206e-01
6.836999999999999744e+00 9.458999999999999631e-01 1.038000000000000034e-01 4.390499999999999958e-01
7.000600000000000378e+00 9.458999999999999631e-01 1.297500000000000042e-01 4.145499999999999741e-01
7.164299999999999891e+00 9.458999999999999631e-01 1.360999999999999988e-01 4.572499999999999898e-01
7.327899999999999636e+00 9.458999999999999631e-01 1.419499999999999929e-01 4.047499999999999987e-01
1.275999999999999912e-01 7.822000000000000064e-01 8.674999999999999378e-02 1.290999999999999925e-01
2.913000000000000034e-01 7.822000000000000064e-01 8.699999999999999400e-02 1.410000000000000142e-01
4.549000000000000266e-01 7.822000000000000064e-01 8.114999999999999991e-02 1.580499999999999960e-01
6.186000000000000387e-01 7.822000000000000064e-01 7.259999999999999787e-02 1.639999999999999791e-01
7.822000000000000064e-01 7.822000000000000064e-01 7.259999999999999787e-02 1.766999999999999960e-01
9.458999999999999631e-01 7.822000000000000064e-01 7.034999999999999587e-02 1.826500000000000068e-01
1.109499999999999931e+00 7.822000000000000064e-01 6.544999999999999429e-02 1.819999999999999951e-01
1.273099999999999898e+00 7.822000000000000064e-01 6.675000000000000377e-02 1.921999999999999820e-01
1.436800000000000077e+00 7.822000000000000064e-01 6.790000000000000202e-02 2.048000000000000098e-01
1.600400000000000045e+00 7.822000000000000064e-01 6.704999999999999849e-02 2.219999999999999751e-01
1.764100000000000001e+00 7.822000000000000064e-01 6.729999999999999871e-02 2.244499999999999829e-01
1.927699999999999969e+00 7.822000000000000064e-01 7.080000000000000182e-02 2.363000000000000100e-01
2.091400000000000148e+00 7.822000000000000064e-01 7.080000000000000182e-02 2.479500000000000037e-01
2.254999999999999893e+00 7.822000000000000064e-01 7.025000000000000688e-02 2.525999999999999912e-01
2.418600000000000083e+00 7.822000000000000064e-01 7.080000000000000182e-02 2.496999999999999775e-01
2.582300000000000040e+00 7.822000000000000064e-01 7.084999999999999631e-02 2.611999999999999877e-01
2.745899999999999785e+00 7.822000000000000064e-01 7.315000000000000668e-02 2.689000000000000279e-01
2.909600000000000186e+00 7.822000000000000064e-01 7.954999999999999571e-02 2.717500000000000471e-01
3.073199999999999932e+00 7.822000000000000064e-01 7.764999999999999680e-02 2.836000000000000187e-01
3.236800000000000122e+00 7.822000000000000064e-01 7.224999999999999478e-02 2.909999999999999809e-01
3.400500000000000078e+00 7.822000000000000064e-01 7.820000000000000562e-02 2.854499999999999815e-01
3.564099999999999824e+00 7.822000000000000064e-01 7.349999999999999589e-02 2.977499999999999591e-01
3.727799999999999780e+00 7.822000000000000064e-01 7.430000000000000493e-02 2.913000000000000034e-01
3.891399999999999970e+00 7.822000000000000064e-01 7.189999999999999170e-02 3.305000000000000160e-01
4.055100000000000371e+00 7.822000000000000064e-01 6.279999999999999472e-02 3.297999999999999821e-01
4.218700000000000117e+00 7.822000000000000064e-01 5.790000000000000008e-02 3.329999999999999627e-01
4.382299999999999862e+00 7.822000000000000064e-01 5.884999999999999953e-02 3.259999999999999565e-01
4.546000000000000263e+00 7.822000000000000064e-01 5.419999999999999818e-02 3.259500000000000175e-01
4.709600000000000009e+00 7.822000000000000064e-01 4.365000000000000130e-02 3.470499999999999696e-01
4.873300000000000409e+00 7.822000000000000064e-01 3.679999999999999938e-02 3.578500000000000014e-01
5.036900000000000155e+00 7.822000000000000064e-01 3.665000000000000202e-02 3.685499999999999887e-01
5.200599999999999667e+00 7.822000000000000064e-01 2.820000000000000284e-02 3.901999999999999913e-01
5.364200000000000301e+00 7.822000000000000064e-01 3.160000000000000309e-02 3.911000000000000032e-01
5.527800000000000047e+00 7.822000000000000064e-01 4.524999999999999856e-02 3.633000000000000118e-01
5.691499999999999559e+00 7.822000000000000064e-01 3.729999999999999982e-02 4.098500000000000476e-01
5.855100000000000193e+00 7.822000000000000064e-01 2.759999999999999953e-02 4.314000000000000057e-01
6.018799999999999706e+00 7.822000000000000064e-01 3.039999999999999994e-02 4.784499999999999864e-01
6.182400000000000340e+00 7.822000000000000064e-01 4.979999999999999705e-02 4.655500000000000194e-01
6.346099999999999852e+00 7.822000000000000064e-01 6.300000000000000044e-02 4.288000000000000145e-01
6.509699999999999598e+00 7.822000000000000064e-01 7.714999999999999636e-02 4.236999999999999655e-01
6.673300000000000232e+00 7.822000000000000064e-01 8.865000000000000657e-02 4.576500000000000012e-01
6.836999999999999744e+00 7.822000000000000064e-01 9.634999999999999121e-02 4.821499999999999675e-01
7.000600000000000378e+00 7.822000000000000064e-01 1.201000000000000123e-01 4.634000000000000341e-01
7.164299999999999891e+00 7.822000000000000064e-01 1.325999999999999956e-01 5.398499999999999410e-01
7.327899999999999636e+00 7.822000000000000064e-01 1.391499999999999959e-01 4.988000000000000211e-01
1.275999999999999912e-01 6.186000000000000387e-01 8.250000000000000389e-02 1.444000000000000006e-01
2.913000000000000034e-01 6.186000000000000387e-01 7.914999999999999813e-02 1.562000000000000055e-01
4.549000000000000266e-01 6.186000000000000387e-01 6.740000000000000158e-02 1.696000000000000008e-01
6.186000000000000387e-01 6.186000000000000387e-01 6.319999999999999230e-02 1.743999999999999995e-01
7.822000000000000064e-01 6.186000000000000387e-01 6.400000000000000133e-02 1.953000000000000014e-01
9.458999999999999631e-01 6.186000000000000387e-01 6.024999999999999800e-02 1.961999999999999855e-01
1.109499999999999931e+00 6.186000000000000387e-01 5.614999999999999852e-02 2.120500000000000163e-01
1.273099999999999898e+00 6.186000000000000387e-01 5.795000000000000151e-02 2.305999999999999994e-01
1.436800000000000077e+00 6.186000000000000387e-01 6.160000000000000198e-02 2.520499999999999963e-01
1.600400000000000045e+00 6.186000000000000387e-01 6.394999999999999296e-02 2.595999999999999974e-01
1.764100000000000001e+00 6.186000000000000387e-01 6.650000000000000355e-02 2.671000000000000041e-01
1.927699999999999969e+00 6.186000000000000387e-01 6.494999999999999385e-02 2.832999999999999963e-01
2.091400000000000148e+00 6.186000000000000387e-01 6.535000000000000531e-02 2.912500000000000089e-01
2.254999999999999893e+00 6.186000000000000387e-01 6.464999999999999913e-02 2.973999999999999977e-01
2.418600000000000083e+00 6.186000000000000387e-01 6.494999999999999385e-02 3.005499999999999838e-01
2.582300000000000040e+00 6.186000000000000387e-01 6.959999999999999520e-02 3.028000000000000136e-01
2.745899999999999785e+00 6.186000000000000387e-01 6.660000000000000642e-02 3.105999999999999872e-01
2.909600000000000186e+00 6.186000000000000387e-01 7.050000000000000711e-02 3.102500000000000258e-01
3.073199999999999932e+00 6.186000000000000387e-01 6.685000000000000664e-02 3.405500000000000194e-01
3.236800000000000122e+00 6.186000000000000387e-01 7.225000000000000866e-02 3.475000000000000311e-01
3.400500000000000078e+00 6.186000000000000387e-01 7.405000000000000471e-02 3.580499999999999794e-01
3.564099999999999824e+00 6.186000000000000387e-01 6.854999999999999982e-02 3.762499999999999734e-01
3.727799999999999780e+00 6.186000000000000387e-01 7.599999999999999811e-02 3.657000000000000250e-01
3.891399999999999970e+00 6.186000000000000387e-01 6.704999999999999849e-02 3.771999999999999797e-01
4.055100000000000371e+00 6.186000000000000387e-01 6.035000000000000087e-02 3.829000000000000181e-01
4.218700000000000117e+00 6.186000000000000387e-01 5.304999999999999993e-02 3.794500000000000095e-01
4.382299999999999862e+00 6.186000000000000387e-01 4.695000000000000562e-02 3.873999999999999666e-01
4.546000000000000263e+00 6.186000000000000387e-01 3.980000000000000204e-02 4.037000000000000033e-01
4.709600000000000009e+00 6.186000000000000387e-01 2.755000000000000157e-02 4.420000000000000040e-01
4.873300000000000409e+00 6.186000000000000387e-01 2.179999999999999993e-02 4.454500000000000126e-01
5.036900000000000155e+00 6.186000000000000387e-01 2.104999999999999927e-02 4.394000000000000128e-01
5.200599999999999667e+00 6.186000000000000387e-01 2.019999999999999921e-02 4.397499999999999742e-01
5.364200000000000301e+00 6.186000000000000387e-01 2.064999999999999822e-02 4.309499999999999997e-01
5.527800000000000047e+00 6.186000000000000387e-01 1.460000000000000013e-02 4.567499999999999893e-01
5.691499999999999559e+00 6.186000000000000387e-01 1.994999999999999898e-02 4.805500000000000327e-01
5.855100000000000193e+00 6.186000000000000387e-01 1.439999999999999961e-02 5.178499999999999215e-01
6.018799999999999706e+00 6.186000000000000387e-01 1.354999999999999954e-02 5.258000000000000451e-01
6.182400000000000340e+00 6.186000000000000387e-01 3.859999999999999543e-02 5.103500000000000814e-01
6.346099999999999852e+00 6.186000000000000387e-01 5.015000000000000013e-02 4.574499999999999678e-01
6.509699999999999598e+00 6.186000000000000387e-01 7.150000000000000799e-02 4.301000000000000378e-01
6.673300000000000232e+00 6.186000000000000387e-01 8.494999999999999774e-02 4.668999999999999817e-01
6.836999999999999744e+00 6.186000000000000387e-01 9.195000000000000395e-02 4.659499999999999753e-01
7.000600000000000378e+00 6.186000000000000387e-01 1.165999999999999953e-01 4.620500000000000163e-01
7.164299999999999891e+00 6.186000000000000387e-01 1.193000000000000033e-01 5.966000000000000192e-01
7.327899999999999636e+00 6.186000000000000387e-01 1.664999999999999813e-01 5.961000000000000743e-01
1.275999999999999912e-01 4.549000000000000266e-01 8.029999999999999638e-02 1.738000000000000100e-01
2.913000000000000034e-01 4.549000000000000266e-01 6.640000000000000069e-02 1.872499999999999998e-01
4.549000000000000266e-01 4.549000000000000266e-01 5.449999999999999983e-02 1.923500000000000210e-01
6.186000000000000387e-01 4.549000000000000266e-01 5.549999999999999378e-02 2.072499999999999898e-01
7.822000000000000064e-01 4.549000000000000266e-01 5.399999999999999245e-02 2.366499999999999992e-01
9.458999999999999631e-01 4.549000000000000266e-01 4.984999999999999848e-02 2.437499999999999944e-01
1.109499999999999931e+00 4.549000000000000266e-01 4.954999999999999682e-02 2.595000000000000084e-01
1.273099999999999898e+00 4.549000000000000266e-01 4.875000000000000167e-02 2.767499999999999960e-01
1.436800000000000077e+00 4.549000000000000266e-01 4.834999999999999715e-02 2.933000000000000052e-01
1.600400000000000045e+00 4.549000000000000266e-01 5.474999999999999312e-02 3.037000000000000255e-01
1.764100000000000001e+00 4.549000000000000266e-01 5.359999999999999487e-02 3.089000000000000079e-01
1.927699999999999969e+00 4.549000000000000266e-01 5.215000000000000191e-02 3.184500000000000108e-01
2.091400000000000148e+00 4.549000000000000266e-01 5.290000000000000258e-02 3.457000000000000073e-01
2.254999999999999893e+00 4.549000000000000266e-01 5.254999999999999949e-02 3.615500000000000380e-01
2.418600000000000083e+00 4.549000000000000266e-01 5.399999999999999939e-02 3.674000000000000044e-01
2.582300000000000040e+00 4.549000000000000266e-01 5.799999999999999600e-02 3.744499999999999496e-01
2.745899999999999785e+00 4.549000000000000266e-01 6.504999999999999671e-02 3.613500000000000045e-01
2.909600000000000186e+00 4.549000000000000266e-01 6.354999999999999538e-02 3.714500000000000024e-01
3.073199999999999932e+00 4.549000000000000266e-01 6.180000000000000077e-02 3.929000000000000270e-01
3.236800000000000122e+00 4.549000000000000266e-01 6.895000000000001128e-02 4.054499999999999771e-01
3.400500000000000078e+00 4.549000000000000266e-01 6.675000000000000377e-02 4.143999999999999906e-01
3.564099999999999824e+00 4.549000000000000266e-01 5.920000000000000262e-02 4.209000000000000519e-01
3.727799999999999780e+00 4.549000000000000266e-01 6.659999999999999254e-02 4.142000000000000126e-01
3.891399999999999970e+00 4.549000000000000266e-01 5.319999999999999729e-02 4.369000000000000106e-01
4.055100000000000371e+00 4.549000000000000266e-01 4.975000000000000255e-02 4.298500000000000099e-01
4.218700000000000117e+00 4.549000000000000266e-01 5.394999999999999796e-02 4.071500000000000119e-01
4.382299999999999862e+00 4.549000000000000266e-01 3.909999999999999587e-02 4.311500000000000332e-01
4.546000000000000263e+00 4.549000000000000266e-01 3.429999999999999716e-02 4.644499999999999740e-01
4.709600000000000009e+00 4.549000000000000266e-01 1.805000000000000007e-02 4.982499999999999707e-01
4.873300000000000409e+00 4.549000000000000266e-01 1.105000000000000079e-02 4.665499999999999647e-01
5.036900000000000155e+00 4.549000000000000266e-01 8.349999999999999784e-03 4.968000000000000194e-01
5.200599999999999667e+00 4.549000000000000266e-01 9.199999999999999845e-03 5.235999999999999543e-01
5.364200000000000301e+00 4.549000000000000266e-01 2.015000000000000124e-02 5.260499999999999066e-01
5.527800000000000047e+00 4.549000000000000266e-01 1.720000000000000001e-02 4.950499999999999901e-01
5.691499999999999559e+00 4.549000000000000266e-01 4.049999999999999781e-03 5.123999999999999666e-01
5.855100000000000193e+00 4.549000000000000266e-01 -3.900000000000000688e-03 6.064500000000000446e-01
6.018799999999999706e+00 4.549000000000000266e-01 9.549999999999999462e-03 5.517499999999999627e-01
6.182400000000000340e+00 4.549000000000000266e-01 3.534999999999999948e-02 4.639000000000000346e-01
6.346099999999999852e+00 4.549000000000000266e-01 4.854999999999999594e-02 4.317999999999999616e-01
6.509699999999999598e+00 4.549000000000000266e-01 6.775000000000000466e-02 4.497499999999999831e-01
6.673300000000000232e+00 4.549000000000000266e-01 7.090000000000000469e-02 6.307000000000000384e-01
6.836999999999999744e+00 4.549000000000000266e-01 9.750000000000000333e-02 4.684499999999999775e-01
7.000600000000000378e+00 4.549000000000000266e-01 1.442499999999999893e-01 4.431499999999999884e-01
7.164299999999999891e+00 4.549000000000000266e-01 1.289000000000000146e-01 4.061000000000000165e-01
7.327899999999999636e+00 4.549000000000000266e-01 2.026499999999999968e-01 5.052499999999999769e-01
1.275999999999999912e-01 2.913000000000000034e-01 6.139999999999999625e-02 2.005500000000000060e-01
2.913000000000000034e-01 2.913000000000000034e-01 4.599999999999999922e-02 2.253499999999999948e-01
4.549000000000000266e-01 2.913000000000000034e-01 2.939999999999999905e-02 2.414499999999999980e-01
6.186000000000000387e-01 2.913000000000000034e-01 3.640000000000000180e-02 2.620000000000000107e-01
7.822000000000000064e-01 2.913000000000000034e-01 3.284999999999999726e-02 2.721500000000000030e-01
9.458999999999999631e-01 2.913000000000000034e-01 2.839999999999999816e-02 2.837999999999999967e-01
1.109499999999999931e+00 2.913000000000000034e-01 3.095000000000000182e-02 2.941500000000000226e-01
1.273099999999999898e+00 2.913000000000000034e-01 2.994999999999999746e-02 3.047999999999999599e-01
1.436800000000000077e+00 2.913000000000000034e-01 3.425000000000000266e-02 3.234500000000000153e-01
1.600400000000000045e+00 2.913000000000000034e-01 3.984999999999999654e-02 3.286499999999999977e-01
1.764100000000000001e+00 2.913000000000000034e-01 3.799999999999999906e-02 3.328499999999999792e-01
1.927699999999999969e+00 2.913000000000000034e-01 3.544999999999999540e-02 3.710499999999999909e-01
2.091400000000000148e+00 2.913000000000000034e-01 3.269999999999999990e-02 3.940500000000000114e-01
2.254999999999999893e+00 2.913000000000000034e-01 4.585000000000000187e-02 3.959000000000000297e-01
2.418600000000000083e+00 2.913000000000000034e-01 5.054999999999999771e-02 3.926499999999999990e-01
2.582300000000000040e+00 2.913000000000000034e-01 4.830000000000000265e-02 4.223999999999999977e-01
2.745899999999999785e+00 2.913000000000000034e-01 5.165000000000000147e-02 4.268000000000000127e-01
2.909600000000000186e+00 2.913000000000000034e-01 5.425000000000000655e-02 4.475999999999999979e-01
3.073199999999999932e+00 2.913000000000000034e-01 5.365000000000000324e-02 4.761000000000000232e-01
3.236800000000000122e+00 2.913000000000000034e-01 6.114999999999999603e-02 4.640999999999999570e-01
3.400500000000000078e+00 2.913000000000000034e-01 6.550000000000000266e-02 4.482499999999999818e-01
3.564099999999999824e+00 2.913000000000000034e-01 5.030000000000000443e-02 4.507499999999999840e-01
3.727799999999999780e+00 2.913000000000000034e-01 5.600000000000000117e-02 4.593999999999999750e-01
3.891399999999999970e+00 2.913000000000000034e-01 4.080000000000000293e-02 5.221999999999999975e-01
4.055100000000000371e+00 2.913000000000000034e-01 3.629999999999999893e-02 5.009000000000000119e-01
4.218700000000000117e+00 2.913000000000000034e-01 2.174999999999999850e-02 5.195499999999999563e-01
4.382299999999999862e+00 2.913000000000000034e-01 1.214999999999999934e-02 5.293999999999999817e-01
4.546000000000000263e+00 2.913000000000000034e-01 2.695000000000000173e-02 4.667999999999999927e-01
4.709600000000000009e+00 2.913000000000000034e-01 8.399999999999999481e-03 5.195000000000000728e-01
4.873300000000000409e+00 2.913000000000000034e-01 1.915000000000000036e-02 4.749499999999999833e-01
5.036900000000000155e+00 2.913000000000000034e-01 1.779999999999999985e-02 4.973500000000000143e-01
5.200599999999999667e+00 2.913000000000000034e-01 -8.000000000000000167e-03 5.771999999999999353e-01
5.364200000000000301e+00 2.913000000000000034e-01 7.600000000000000852e-03 5.526499999999999746e-01
5.527800000000000047e+00 2.913000000000000034e-01 -3.225000000000000089e-02 5.004999999999999449e-01
5.691499999999999559e+00 2.913000000000000034e-01 -5.409999999999999531e-02 5.704000000000000181e-01
5.855100000000000193e+00 2.913000000000000034e-01 -1.449999999999999033e-03 5.560000000000000497e-01
6.018799999999999706e+00 2.913000000000000034e-01 -2.844999999999999959e-02 4.782499999999999529e-01
6.182400000000000340e+00 2.913000000000000034e-01 -2.980000000000000010e-02 5.634500000000000064e-01
6.346099999999999852e+00 2.913000000000000034e-01 -2.145000000000000032e-02 5.659499999999999531e-01
6.509699999999999598e+00 2.913000000000000034e-01 -1.464999999999999983e-02 2.443499999999999839e-01
6.673300000000000232e+00 2.913000000000000034e-01 -8.500000000000000611e-03 -4.749999999999999882e-03
6.836999999999999744e+00 2.913000000000000034e-01 2.625000000000000250e-02 1.711999999999999911e-01
7.000600000000000378e+00 2.913000000000000034e-01 2.390000000000000110e-02 1.650500000000000023e-01
7.164299999999999891e+00 2.913000000000000034e-01 1.183499999999999969e-01 2.254000000000000170e-01
7.327899999999999636e+00 2.913000000000000034e-01 1.828999999999999793e-01 4.053999999999999826e-01
1.275999999999999912e-01 1.275999999999999912e-01 2.904999999999999943e-02 2.035500000000000087e-01
2.913000000000000034e-01 1.275999999999999912e-01 2.000000000000000042e-02 2.302500000000000102e-01
4.549000000000000266e-01 1.275999999999999912e-01 1.745000000000000023e-02 2.539000000000000146e-01
6.186000000000000387e-01 1.275999999999999912e-01 1.439999999999999961e-02 2.634500000000000175e-01
7.822000000000000064e-01 1.275999999999999912e-01 1.450000000000000247e-02 3.008500000000000063e-01
9.458999999999999631e-01 1.275999999999999912e-01 8.349999999999999784e-03 3.135000000000000009e-01
1.109499999999999931e+00 1.275999999999999912e-01 9.749999999999999986e-03 3.285000000000000142e-01
1.273099999999999898e+00 1.275999999999999912e-01 1.924999999999999975e-02 3.439499999999999780e-01
1.436800000000000077e+00 1.275999999999999912e-01 2.309999999999999901e-02 3.488999999999999879e-01
1.600400000000000045e+00 1.275999999999999912e-01 1.749999999999999820e-02 3.785499999999999976e-01
1.764100000000000001e+00 1.275999999999999912e-01 1.545000000000000019e-02 3.825500000000000012e-01
1.927699999999999969e+00 1.275999999999999912e-01 1.830000000000000029e-02 3.785999999999999921e-01
2.091400000000000148e+00 1.275999999999999912e-01 1.549999999999999989e-02 4.193000000000000060e-01
2.254999999999999893e+00 1.275999999999999912e-01 2.504999999999999935e-02 4.234499999999999931e-01
2.418600000000000083e+00 1.275999999999999912e-01 2.835000000000000020e-02 3.967499999999999916e-01
2.582300000000000040e+00 1.275999999999999912e-01 2.904999999999999943e-02 4.838000000000000078e-01
2.745899999999999785e+00 1.275999999999999912e-01 3.359999999999999792e-02 4.556499999999999995e-01
2.909600000000000186e+00 1.275999999999999912e-01 5.699999999999999512e-02 4.044499999999999762e-01
3.073199999999999932e+00 1.275999999999999912e-01 5.184999999999999332e-02 4.586000000000000076e-01
3.236800000000000122e+00 1.275999999999999912e-01 4.624999999999999944e-02 5.379500000000000393e-01
3.400500000000000078e+00 1.275999999999999912e-01 4.175000000000000239e-02 5.508999999999999453e-01
3.564099999999999824e+00 1.275999999999999912e-01 4.150000000000000216e-02 5.293999999999999817e-01
3.727799999999999780e+00 1.275999999999999912e-01 4.249999999999999611e-02 5.656999999999999806e-01
3.891399999999999970e+00 1.275999999999999912e-01 2.974999999999999867e-02 5.942000000000000615e-01
4.055100000000000371e+00 1.275999999999999912e-01 1.605000000000000177e-02 5.923000000000000487e-01
4.218700000000000117e+00 1.275999999999999912e-01 4.300000000000000003e-03 6.184000000000000608e-01
4.382299999999999862e+00 1.275999999999999912e-01 2.124999999999999806e-02 5.715500000000000025e-01
4.546000000000000263e+00 1.275999999999999912e-01 2.000000000000000042e-02 4.756000000000000227e-01
4.709600000000000009e+00 1.275999999999999912e-01 -5.849999999999999298e-03 5.815000000000000169e-01
4.873300000000000409e+00 1.275999999999999912e-01 1.425000000000000051e-02 5.602000000000000313e-01
5.036900000000000155e+00 1.275999999999999912e-01 -1.050000000000000152e-03 6.169499999999999984e-01
5.200599999999999667e+00 1.275999999999999912e-01 -5.749999999999998168e-03 5.505499999999999838e-01
5.364200000000000301e+00 1.275999999999999912e-01 -1.000000000000011297e-04 5.710500000000000576e-01
5.527800000000000047e+00 1.275999999999999912e-01 -4.875000000000000167e-02 5.244499999999999718e-01
5.691499999999999559e+00 1.275999999999999912e-01 -5.015000000000000013e-02 5.230500000000000149e-01
5.855100000000000193e+00 1.275999999999999912e-01 -4.885000000000000453e-02 5.161499999999999977e-01
6.018799999999999706e+00 1.275999999999999912e-01 -2.089000000000000024e-01 3.407999999999999918e-01
6.182400000000000340e+00 1.275999999999999912e-01 -3.669999999999999651e-02 4.732999999999999985e-01
6.346099999999999852e+00 1.275999999999999912e-01 -2.539999999999999897e-02 4.439000000000000168e-01
6.509699999999999598e+00 1.275999999999999912e-01 -3.495000000000000190e-02 2.421000000000000096e-01
6.673300000000000232e+00 1.275999999999999912e-01 1.023999999999999910e-01 3.990500000000000158e-01
6.836999999999999744e+00 1.275999999999999912e-01 2.089999999999999844e-02 1.582500000000000018e-01
7.000600000000000378e+00 1.275999999999999912e-01 1.461999999999999966e-01 3.742499999999999716e-01
7.164299999999999891e+00 1.275999999999999912e-01 1.343000000000000027e-01 2.046499999999999986e-01
7.327899999999999636e+00 1.275999999999999912e-01 1.478999999999999759e-01 2.124000000000000055e-01
