1.275999999999999912e-01 1.927699999999999969e+00 3.940000000000000446e-02 -2.589999999999999941e-02
2.913000000000000034e-01 1.927699999999999969e+00 4.084999999999999742e-02 -3.260000000000000397e-02
4.549000000000000266e-01 1.927699999999999969e+00 4.174999999999999545e-02 -3.264999999999999847e-02
6.186000000000000387e-01 1.927699999999999969e+00 6.615000000000000047e-02 -4.769999999999999934e-02
7.822000000000000064e-01 1.927699999999999969e+00 6.380000000000000948e-02 -5.075000000000000344e-02
9.458999999999999631e-01 1.927699999999999969e+00 7.364999999999999325e-02 -6.425000000000000155e-02
1.109499999999999931e+00 1.927699999999999969e+00 7.669999999999999041e-02 -6.964999999999998970e-02
1.273099999999999898e+00 1.927699999999999969e+00 7.779999999999999416e-02 -7.749999999999999944e-02
1.436800000000000077e+00 1.927699999999999969e+00 7.835000000000000298e-02 -8.225000000000000366e-02
1.600400000000000045e+00 1.927699999999999969e+00 6.940000000000000335e-02 -8.674999999999999378e-02
1.764100000000000001e+00 1.927699999999999969e+00 6.980000000000000093e-02 -9.625000000000000222e-02
1.927699999999999969e+00 1.927699999999999969e+00 6.969999999999999807e-02 -1.088999999999999968e-01
2.091400000000000148e+00 1.927699999999999969e+00 7.599999999999999811e-02 -1.207000000000000017e-01
2.254999999999999893e+00 1.927699999999999969e+00 8.149999999999998912e-02 -1.345999999999999974e-01
2.418600000000000083e+00 1.927699999999999969e+00 8.099999999999998868e-02 -1.363000000000000045e-01
2.582300000000000040e+00 1.927699999999999969e+00 7.545000000000000318e-02 -1.487499999999999933e-01
2.745899999999999785e+00 1.927699999999999969e+00 7.294999999999998708e-02 -1.567000000000000060e-01
2.909600000000000186e+00 1.927699999999999969e+00 7.030000000000000138e-02 -1.690500000000000058e-01
3.073199999999999932e+00 1.927699999999999969e+00 6.370000000000000662e-02 -1.701499999999999957e-01
3.236800000000000122e+00 1.927699999999999969e+00 5.804999999999999744e-02 -1.655500000000000027e-01
3.400500000000000078e+00 1.927699999999999969e+00 5.215000000000000191e-02 -1.784499999999999975e-01
3.564099999999999824e+00 1.927699999999999969e+00 5.265000000000000235e-02 -1.937499999999999778e-01
3.727799999999999780e+00 1.927699999999999969e+00 5.740000000000000657e-02 -2.169500000000000040e-01
3.891399999999999970e+00 1.927699999999999969e+00 5.034999999999999892e-02 -2.223999999999999866e-01
4.055100000000000371e+00 1.927699999999999969e+00 4.655000000000000110e-02 -2.253000000000000003e-01
4.218700000000000117e+00 1.927699999999999969e+00 3.840000000000000357e-02 -2.208499999999999908e-01
4.382299999999999862e+00 1.927699999999999969e+00 3.860000000000000236e-02 -2.338000000000000078e-01
4.546000000000000263e+00 1.927699999999999969e+00 3.554999999999999827e-02 -2.482499999999999707e-01
4.709600000000000009e+00 1.927699999999999969e+00 3.055000000000000077e-02 -2.462499999999999967e-01
4.873300000000000409e+00 1.927699999999999969e+00 2.094999999999999640e-02 -2.548500000000000210e-01
5.036900000000000155e+00 1.927699999999999969e+00 1.534999999999999906e-02 -2.622999999999999776e-01
5.200599999999999667e+00 1.927699999999999969e+00 7.700000000000001982e-03 -2.612499999999999822e-01
5.364200000000000301e+00 1.927699999999999969e+00 -2.000000000000001776e-03 -2.611999999999999877e-01
5.527800000000000047e+00 1.927699999999999969e+00 -2.999999999999999195e-03 -2.686499999999999999e-01
5.691499999999999559e+00 1.927699999999999969e+00 -1.720000000000000001e-02 -2.741000000000000103e-01
5.855100000000000193e+00 1.927699999999999969e+00 -2.855000000000000246e-02 -2.896499999999999631e-01
6.018799999999999706e+00 1.927699999999999969e+00 -3.604999999999999871e-02 -2.963500000000000023e-01
6.182400000000000340e+00 1.927699999999999969e+00 -5.115000000000000102e-02 -3.049000000000000044e-01
6.346099999999999852e+00 1.927699999999999969e+00 -5.880000000000000504e-02 -2.871500000000000163e-01
6.509699999999999598e+00 1.927699999999999969e+00 -7.835000000000000298e-02 -2.786500000000000088e-01
6.673300000000000232e+00 1.927699999999999969e+00 -8.934999999999999887e-02 -2.836000000000000187e-01
6.836999999999999744e+00 1.927699999999999969e+00 -9.770000000000000906e-02 -2.731500000000000039e-01
7.000600000000000378e+00 1.927699999999999969e+00 -1.154000000000000026e-01 -2.755499999999999616e-01
7.164299999999999891e+00 1.927699999999999969e+00 -1.252500000000000002e-01 -2.697999999999999843e-01
7.327899999999999636e+00 1.927699999999999969e+00 -1.312499999999999778e-01 -2.637000000000000455e-01
1.275999999999999912e-01 1.764100000000000001e+00 4.814999999999999836e-02 -2.009999999999999981e-02
2.913000000000000034e-01 1.764100000000000001e+00 5.864999999999999380e-02 -2.384999999999999967e-02
4.549000000000000266e-01 1.764100000000000001e+00 6.829999999999999960e-02 -3.404999999999999694e-02
6.186000000000000387e-01 1.764100000000000001e+00 6.625000000000000333e-02 -4.389999999999999458e-02
7.822000000000000064e-01 1.764100000000000001e+00 8.325000000000000455e-02 -5.909999999999999976e-02
9.458999999999999631e-01 1.764100000000000001e+00 8.354999999999999927e-02 -6.809999999999999387e-02
1.109499999999999931e+00 1.764100000000000001e+00 7.930000000000000937e-02 -6.619999999999999496e-02
1.273099999999999898e+00 1.764100000000000001e+00 8.279999999999999860e-02 -7.939999999999999836e-02
1.436800000000000077e+00 1.764100000000000001e+00 8.460000000000000853e-02 -9.129999999999999227e-02
1.600400000000000045e+00 1.764100000000000001e+00 7.875000000000000056e-02 -9.569999999999999341e-02
1.764100000000000001e+00 1.764100000000000001e+00 8.210000000000000631e-02 -9.809999999999999276e-02
1.927699999999999969e+00 1.764100000000000001e+00 9.354999999999999427e-02 -1.202000000000000013e-01
2.091400000000000148e+00 1.764100000000000001e+00 8.704999999999998850e-02 -1.365000000000000102e-01
2.254999999999999893e+00 1.764100000000000001e+00 9.370000000000000551e-02 -1.453500000000000070e-01
2.418600000000000083e+00 1.764100000000000001e+00 9.064999999999999447e-02 -1.467999999999999861e-01
2.582300000000000040e+00 1.764100000000000001e+00 7.900000000000000078e-02 -1.570499999999999952e-01
2.745899999999999785e+00 1.764100000000000001e+00 8.840000000000000635e-02 -1.838500000000000134e-01
2.909600000000000186e+00 1.764100000000000001e+00 8.565000000000000391e-02 -1.906499999999999861e-01
3.073199999999999932e+00 1.764100000000000001e+00 7.724999999999999922e-02 -1.989500000000000157e-01
3.236800000000000122e+00 1.764100000000000001e+00 7.439999999999999392e-02 -2.026499999999999968e-01
3.400500000000000078e+00 1.764100000000000001e+00 7.345000000000000140e-02 -2.162000000000000033e-01
3.564099999999999824e+00 1.764100000000000001e+00 6.699999999999999012e-02 -2.253000000000000003e-01
3.727799999999999780e+00 1.764100000000000001e+00 6.209999999999999548e-02 -2.313000000000000056e-01
3.891399999999999970e+00 1.764100000000000001e+00 6.045000000000000373e-02 -2.431999999999999995e-01
4.055100000000000371e+00 1.764100000000000001e+00 5.395000000000000490e-02 -2.472000000000000308e-01
4.218700000000000117e+00 1.764100000000000001e+00 4.504999999999999977e-02 -2.464000000000000079e-01
4.382299999999999862e+00 1.764100000000000001e+00 3.764999999999999597e-02 -2.432499999999999940e-01
4.546000000000000263e+00 1.764100000000000001e+00 3.860000000000000236e-02 -2.721999999999999975e-01
4.709600000000000009e+00 1.764100000000000001e+00 3.550000000000000377e-02 -2.891000000000000236e-01
4.873300000000000409e+00 1.764100000000000001e+00 2.469999999999999973e-02 -2.933499999999999996e-01
5.036900000000000155e+00 1.764100000000000001e+00 1.779999999999999638e-02 -2.994499999999999940e-01
5.200599999999999667e+00 1.764100000000000001e+00 8.800000000000002265e-03 -3.063000000000000167e-01
5.364200000000000301e+00 1.764100000000000001e+00 3.849999999999999256e-03 -3.115499999999999936e-01
5.527800000000000047e+00 1.764100000000000001e+00 -8.000000000000020983e-04 -3.095999999999999863e-01
5.691499999999999559e+00 1.764100000000000001e+00 -1.100000000000000110e-02 -3.140499999999999958e-01
5.855100000000000193e+00 1.764100000000000001e+00 -3.034999999999999851e-02 -2.985999999999999766e-01
6.018799999999999706e+00 1.764100000000000001e+00 -3.744999999999999718e-02 -3.230999999999999983e-01
6.182400000000000340e+00 1.764100000000000001e+00 -5.025000000000000300e-02 -3.362999999999999878e-01
6.346099999999999852e+00 1.764100000000000001e+00 -6.520000000000000795e-02 -3.288499999999999757e-01
6.509699999999999598e+00 1.764100000000000001e+00 -7.560000000000000053e-02 -3.041500000000000314e-01
6.673300000000000232e+00 1.764100000000000001e+00 -8.820000000000000062e-02 -3.028500000000000081e-01
6.836999999999999744e+00 1.764100000000000001e+00 -1.172499999999999931e-01 -3.155000000000000027e-01
7.000600000000000378e+00 1.764100000000000001e+00 -1.300999999999999934e-01 -3.169500000000000095e-01
7.164299999999999891e+00 1.764100000000000001e+00 -1.422499999999999876e-01 -3.054499999999999993e-01
7.327899999999999636e+00 1.764100000000000001e+00 -1.500500000000000167e-01 -2.977500000000000147e-01
1.275999999999999912e-01 1.600400000000000045e+00 4.539999999999999591e-02 -1.430000000000000021e-02
2.913000000000000034e-01 1.600400000000000045e+00 6.004999999999999227e-02 -2.064999999999999822e-02
4.549000000000000266e-01 1.600400000000000045e+00 6.525000000000000244e-02 -2.740000000000000074e-02
6.186000000000000387e-01 1.600400000000000045e+00 6.140000000000000319e-02 -2.874999999999999778e-02
7.822000000000000064e-01 1.600400000000000045e+00 8.569999999999999840e-02 -5.555000000000000215e-02
9.458999999999999631e-01 1.600400000000000045e+00 8.209999999999999243e-02 -6.095000000000000417e-02
1.109499999999999931e+00 1.600400000000000045e+00 9.170000000000000373e-02 -7.190000000000000557e-02
1.273099999999999898e+00 1.600400000000000045e+00 8.859999999999999820e-02 -8.224999999999998979e-02
1.436800000000000077e+00 1.600400000000000045e+00 9.580000000000001015e-02 -9.859999999999999321e-02
1.600400000000000045e+00 1.600400000000000045e+00 9.295000000000000484e-02 -1.026999999999999857e-01
1.764100000000000001e+00 1.600400000000000045e+00 9.115000000000000879e-02 -1.111499999999999988e-01
1.927699999999999969e+00 1.600400000000000045e+00 9.744999999999999496e-02 -1.255000000000000004e-01
2.091400000000000148e+00 1.600400000000000045e+00 9.815000000000000113e-02 -1.426000000000000045e-01
2.254999999999999893e+00 1.600400000000000045e+00 9.850000000000000422e-02 -1.571500000000000119e-01
2.418600000000000083e+00 1.600400000000000045e+00 9.750000000000000333e-02 -1.683000000000000052e-01
2.582300000000000040e+00 1.600400000000000045e+00 9.074999999999999734e-02 -1.794000000000000039e-01
2.745899999999999785e+00 1.600400000000000045e+00 9.229999999999999316e-02 -1.943999999999999895e-01
2.909600000000000186e+00 1.600400000000000045e+00 8.514999999999998959e-02 -1.976499999999999924e-01
3.073199999999999932e+00 1.600400000000000045e+00 8.085000000000000520e-02 -2.174999999999999989e-01
3.236800000000000122e+00 1.600400000000000045e+00 8.344999999999999640e-02 -2.317000000000000171e-01
3.400500000000000078e+00 1.600400000000000045e+00 8.334999999999999354e-02 -2.373999999999999999e-01
3.564099999999999824e+00 1.600400000000000045e+00 7.879999999999999505e-02 -2.542499999999999760e-01
3.727799999999999780e+00 1.600400000000000045e+00 7.009999999999999565e-02 -2.658000000000000362e-01
3.891399999999999970e+00 1.600400000000000045e+00 6.529999999999999694e-02 -2.640000000000000124e-01
4.055100000000000371e+00 1.600400000000000045e+00 6.579999999999999738e-02 -2.737499999999999933e-01
4.218700000000000117e+00 1.600400000000000045e+00 5.775000000000000272e-02 -2.812999999999999945e-01
4.382299999999999862e+00 1.600400000000000045e+00 5.190000000000000169e-02 -2.981000000000000316e-01
4.546000000000000263e+00 1.600400000000000045e+00 4.624999999999999944e-02 -3.074500000000000011e-01
4.709600000000000009e+00 1.600400000000000045e+00 4.109999999999999765e-02 -3.222000000000000419e-01
4.873300000000000409e+00 1.600400000000000045e+00 3.860000000000000236e-02 -3.314500000000000224e-01
5.036900000000000155e+00 1.600400000000000045e+00 2.995000000000000440e-02 -3.395000000000000240e-01
5.200599999999999667e+00 1.600400000000000045e+00 2.224999999999999895e-02 -3.540499999999999758e-01
5.364200000000000301e+00 1.600400000000000045e+00 1.500000000000000118e-02 -3.369499999999999718e-01
5.527800000000000047e+00 1.600400000000000045e+00 -1.949999999999998609e-03 -3.684999999999999942e-01
5.691499999999999559e+00 1.600400000000000045e+00 -8.799999999999998795e-03 -3.641999999999999682e-01
5.855100000000000193e+00 1.600400000000000045e+00 -1.380000000000000150e-02 -3.708000000000000185e-01
6.018799999999999706e+00 1.600400000000000045e+00 -2.854999999999999899e-02 -3.687500000000000222e-01
6.182400000000000340e+00 1.600400000000000045e+00 -5.134999999999999981e-02 -3.708000000000000185e-01
6.346099999999999852e+00 1.600400000000000045e+00 -6.719999999999999585e-02 -3.730499999999999927e-01
6.509699999999999598e+00 1.600400000000000045e+00 -7.724999999999999922e-02 -3.831499999999999906e-01
6.673300000000000232e+00 1.600400000000000045e+00 -9.709999999999999187e-02 -3.816499999999999893e-01
6.836999999999999744e+00 1.600400000000000045e+00 -9.065000000000000835e-02 -2.845999999999999641e-01
7.000600000000000378e+00 1.600400000000000045e+00 -1.428999999999999992e-01 -3.568000000000000060e-01
7.164299999999999891e+00 1.600400000000000045e+00 -1.521000000000000130e-01 -3.492999999999999994e-01
7.327899999999999636e+00 1.600400000000000045e+00 -1.562999999999999945e-01 -3.220999999999999974e-01
1.275999999999999912e-01 1.436800000000000077e+00 5.019999999999999463e-02 -9.849999999999999381e-03
2.913000000000000034e-01 1.436800000000000077e+00 6.049999999999999822e-02 -2.089999999999999844e-02
4.549000000000000266e-01 1.436800000000000077e+00 7.795000000000000540e-02 -3.400000000000000244e-02
6.186000000000000387e-01 1.436800000000000077e+00 8.049999999999998823e-02 -3.685000000000000081e-02
7.822000000000000064e-01 1.436800000000000077e+00 8.719999999999999973e-02 -4.719999999999999890e-02
9.458999999999999631e-01 1.436800000000000077e+00 8.440000000000000280e-02 -5.880000000000000504e-02
1.109499999999999931e+00 1.436800000000000077e+00 1.013000000000000012e-01 -7.574999999999999789e-02
1.273099999999999898e+00 1.436800000000000077e+00 9.959999999999999409e-02 -8.510000000000000897e-02
1.436800000000000077e+00 1.436800000000000077e+00 1.023000000000000020e-01 -9.779999999999999805e-02
1.600400000000000045e+00 1.436800000000000077e+00 1.041499999999999926e-01 -1.091499999999999970e-01
1.764100000000000001e+00 1.436800000000000077e+00 1.084500000000000047e-01 -1.227000000000000035e-01
1.927699999999999969e+00 1.436800000000000077e+00 1.069500000000000034e-01 -1.372500000000000109e-01
2.091400000000000148e+00 1.436800000000000077e+00 1.075499999999999928e-01 -1.533999999999999808e-01
2.254999999999999893e+00 1.436800000000000077e+00 1.015999999999999959e-01 -1.625000000000000056e-01
2.418600000000000083e+00 1.436800000000000077e+00 1.038499999999999979e-01 -1.774999999999999911e-01
2.582300000000000040e+00 1.436800000000000077e+00 1.100499999999999950e-01 -1.968499999999999972e-01
2.745899999999999785e+00 1.436800000000000077e+00 1.019499999999999990e-01 -2.077499999999999902e-01
2.909600000000000186e+00 1.436800000000000077e+00 9.675000000000000266e-02 -2.285999999999999976e-01
3.073199999999999932e+00 1.436800000000000077e+00 1.026999999999999996e-01 -2.500499999999999945e-01
3.236800000000000122e+00 1.436800000000000077e+00 9.890000000000000180e-02 -2.650500000000000078e-01
3.400500000000000078e+00 1.436800000000000077e+00 9.429999999999999494e-02 -2.710500000000000131e-01
3.564099999999999824e+00 1.436800000000000077e+00 8.930000000000000437e-02 -2.766000000000000125e-01
3.727799999999999780e+00 1.436800000000000077e+00 8.419999999999999707e-02 -2.938999999999999946e-01
3.891399999999999970e+00 1.436800000000000077e+00 7.119999999999999940e-02 -3.020499999999999852e-01
4.055100000000000371e+00 1.436800000000000077e+00 6.729999999999999871e-02 -2.977500000000000147e-01
4.218700000000000117e+00 1.436800000000000077e+00 6.389999999999999847e-02 -3.146999999999999797e-01
4.382299999999999862e+00 1.436800000000000077e+00 5.919999999999999568e-02 -3.263000000000000345e-01
4.546000000000000263e+00 1.436800000000000077e+00 5.795000000000000151e-02 -3.386500000000000066e-01
4.709600000000000009e+00 1.436800000000000077e+00 5.224999999999999784e-02 -3.489499999999999824e-01
4.873300000000000409e+00 1.436800000000000077e+00 4.945000000000000090e-02 -3.681999999999999718e-01
5.036900000000000155e+00 1.436800000000000077e+00 3.744999999999999718e-02 -3.845999999999999974e-01
5.200599999999999667e+00 1.436800000000000077e+00 2.770000000000000240e-02 -3.791999999999999815e-01
5.364200000000000301e+00 1.436800000000000077e+00 2.230000000000000038e-02 -4.040000000000000258e-01
5.527800000000000047e+00 1.436800000000000077e+00 7.199999999999998068e-03 -4.055999999999999606e-01
5.691499999999999559e+00 1.436800000000000077e+00 -2.949999999999999498e-03 -3.923500000000000321e-01
5.855100000000000193e+00 1.436800000000000077e+00 -8.799999999999998795e-03 -4.177000000000000157e-01
6.018799999999999706e+00 1.436800000000000077e+00 -2.270000000000000143e-02 -4.145999999999999686e-01
6.182400000000000340e+00 1.436800000000000077e+00 -5.304999999999999993e-02 -3.986999999999999433e-01
6.346099999999999852e+00 1.436800000000000077e+00 -6.790000000000000202e-02 -4.201000000000000290e-01
6.509699999999999598e+00 1.436800000000000077e+00 -8.000000000000000167e-02 -4.315999999999999837e-01
6.673300000000000232e+00 1.436800000000000077e+00 -9.560000000000000442e-02 -4.114499999999999824e-01
6.836999999999999744e+00 1.436800000000000077e+00 -8.424999999999999156e-02 -2.832999999999999963e-01
7.000600000000000378e+00 1.436800000000000077e+00 -1.358499999999999985e-01 -4.078999999999999848e-01
7.164299999999999891e+00 1.436800000000000077e+00 -1.597999999999999976e-01 -4.188500000000000001e-01
7.327899999999999636e+00 1.436800000000000077e+00 -1.827499999999999958e-01 -3.768500000000000183e-01
1.275999999999999912e-01 1.273099999999999898e+00 5.750000000000000250e-02 -1.400000000000000203e-03
2.913000000000000034e-01 1.273099999999999898e+00 6.124999999999999889e-02 -6.700000000000001094e-03
4.549000000000000266e-01 1.273099999999999898e+00 8.190000000000000058e-02 -3.185000000000000331e-02
6.186000000000000387e-01 1.273099999999999898e+00 9.040000000000000813e-02 -3.805000000000000049e-02
7.822000000000000064e-01 1.273099999999999898e+00 9.210000000000000131e-02 -4.504999999999999977e-02
9.458999999999999631e-01 1.273099999999999898e+00 9.210000000000000131e-02 -6.004999999999999921e-02
1.109499999999999931e+00 1.273099999999999898e+00 1.102500000000000008e-01 -7.560000000000000053e-02
1.273099999999999898e+00 1.273099999999999898e+00 1.142499999999999905e-01 -8.940000000000000724e-02
1.436800000000000077e+00 1.273099999999999898e+00 1.159999999999999920e-01 -1.032499999999999946e-01
1.600400000000000045e+00 1.273099999999999898e+00 1.267500000000000016e-01 -1.197999999999999898e-01
1.764100000000000001e+00 1.273099999999999898e+00 1.272500000000000020e-01 -1.421999999999999931e-01
1.927699999999999969e+00 1.273099999999999898e+00 1.269500000000000073e-01 -1.579000000000000126e-01
2.091400000000000148e+00 1.273099999999999898e+00 1.162500000000000061e-01 -1.673000000000000043e-01
2.254999999999999893e+00 1.273099999999999898e+00 1.041499999999999926e-01 -1.756999999999999951e-01
2.418600000000000083e+00 1.273099999999999898e+00 1.226499999999999951e-01 -2.046000000000000041e-01
2.582300000000000040e+00 1.273099999999999898e+00 1.176499999999999907e-01 -2.212000000000000077e-01
2.745899999999999785e+00 1.273099999999999898e+00 1.149499999999999966e-01 -2.328999999999999959e-01
2.909600000000000186e+00 1.273099999999999898e+00 1.162500000000000061e-01 -2.595000000000000084e-01
3.073199999999999932e+00 1.273099999999999898e+00 1.084499999999999909e-01 -2.620500000000000052e-01
3.236800000000000122e+00 1.273099999999999898e+00 1.039000000000000062e-01 -2.922500000000000098e-01
3.400500000000000078e+00 1.273099999999999898e+00 9.679999999999999716e-02 -2.960999999999999743e-01
3.564099999999999824e+00 1.273099999999999898e+00 9.959999999999999409e-02 -3.275000000000000133e-01
3.727799999999999780e+00 1.273099999999999898e+00 9.100000000000001144e-02 -3.367499999999999938e-01
3.891399999999999970e+00 1.273099999999999898e+00 8.435000000000000830e-02 -3.445500000000000229e-01
4.055100000000000371e+00 1.273099999999999898e+00 8.100000000000000255e-02 -3.513000000000000012e-01
4.218700000000000117e+00 1.273099999999999898e+00 7.695000000000000451e-02 -3.598000000000000087e-01
4.382299999999999862e+00 1.273099999999999898e+00 7.010000000000000953e-02 -3.649000000000000021e-01
4.546000000000000263e+00 1.273099999999999898e+00 6.174999999999999933e-02 -3.831499999999999906e-01
4.709600000000000009e+00 1.273099999999999898e+00 6.690000000000000113e-02 -4.033999999999999808e-01
4.873300000000000409e+00 1.273099999999999898e+00 5.489999999999999741e-02 -4.121500000000000163e-01
5.036900000000000155e+00 1.273099999999999898e+00 4.410000000000000031e-02 -4.185499999999999776e-01
5.200599999999999667e+00 1.273099999999999898e+00 3.699999999999999817e-02 -4.444000000000000172e-01
5.364200000000000301e+00 1.273099999999999898e+00 3.164999999999999758e-02 -4.637000000000000011e-01
5.527800000000000047e+00 1.273099999999999898e+00 1.509999999999999884e-02 -4.670000000000000262e-01
5.691499999999999559e+00 1.273099999999999898e+00 2.299999999999999961e-03 -4.434000000000000163e-01
5.855100000000000193e+00 1.273099999999999898e+00 -1.159999999999999920e-02 -4.640499999999999625e-01
6.018799999999999706e+00 1.273099999999999898e+00 -2.160000000000000114e-02 -4.768999999999999906e-01
6.182400000000000340e+00 1.273099999999999898e+00 -4.440000000000000197e-02 -4.579500000000000237e-01
6.346099999999999852e+00 1.273099999999999898e+00 -6.610000000000000597e-02 -4.381999999999999784e-01
6.509699999999999598e+00 1.273099999999999898e+00 -7.960000000000000409e-02 -4.579499999999999682e-01
6.673300000000000232e+00 1.273099999999999898e+00 -1.050500000000000045e-01 -4.683999999999999830e-01
6.836999999999999744e+00 1.273099999999999898e+00 -1.222499999999999976e-01 -4.781999999999999584e-01
7.000600000000000378e+00 1.273099999999999898e+00 -1.385500000000000065e-01 -4.488499999999999712e-01
7.164299999999999891e+00 1.273099999999999898e+00 -1.778500000000000081e-01 -4.612500000000000488e-01
7.327899999999999636e+00 1.273099999999999898e+00 -1.751999999999999946e-01 -4.077999999999999958e-01
1.275999999999999912e-01 1.109499999999999931e+00 8.490000000000000324e-02 2.449999999999999054e-03
2.913000000000000034e-01 1.109499999999999931e+00 9.000000000000001055e-02 -7.450000000000000025e-03
4.549000000000000266e-01 1.109499999999999931e+00 9.324999999999999956e-02 -1.975000000000000019e-02
6.186000000000000387e-01 1.109499999999999931e+00 1.013000000000000012e-01 -3.490000000000000047e-02
7.822000000000000064e-01 1.109499999999999931e+00 1.093500000000000028e-01 -5.034999999999999892e-02
9.458999999999999631e-01 1.109499999999999931e+00 1.173000000000000015e-01 -6.469999999999999363e-02
1.109499999999999931e+00 1.109499999999999931e+00 1.179999999999999938e-01 -8.154999999999999749e-02
1.273099999999999898e+00 1.109499999999999931e+00 1.282500000000000029e-01 -9.790000000000000091e-02
1.436800000000000077e+00 1.109499999999999931e+00 1.450500000000000123e-01 -1.274000000000000132e-01
1.600400000000000045e+00 1.109499999999999931e+00 1.386499999999999955e-01 -1.412999999999999812e-01
1.764100000000000001e+00 1.109499999999999931e+00 1.426999999999999935e-01 -1.606000000000000205e-01
1.927699999999999969e+00 1.109499999999999931e+00 1.402500000000000135e-01 -1.859999999999999987e-01
2.091400000000000148e+00 1.109499999999999931e+00 1.439499999999999946e-01 -1.940999999999999948e-01
2.254999999999999893e+00 1.109499999999999931e+00 1.462499999999999911e-01 -2.212999999999999967e-01
2.418600000000000083e+00 1.109499999999999931e+00 1.443000000000000116e-01 -2.365500000000000103e-01
2.582300000000000040e+00 1.109499999999999931e+00 1.448500000000000065e-01 -2.573500000000000232e-01
2.745899999999999785e+00 1.109499999999999931e+00 1.370499999999999774e-01 -2.770500000000000185e-01
2.909600000000000186e+00 1.109499999999999931e+00 1.285999999999999921e-01 -2.753499999999999837e-01
3.073199999999999932e+00 1.109499999999999931e+00 1.205999999999999989e-01 -3.052000000000000268e-01
3.236800000000000122e+00 1.109499999999999931e+00 1.208000000000000046e-01 -3.316999999999999948e-01
3.400500000000000078e+00 1.109499999999999931e+00 1.180000000000000077e-01 -3.492999999999999994e-01
3.564099999999999824e+00 1.109499999999999931e+00 1.057499999999999968e-01 -3.581999999999999629e-01
3.727799999999999780e+00 1.109499999999999931e+00 9.514999999999999847e-02 -3.687500000000000222e-01
3.891399999999999970e+00 1.109499999999999931e+00 9.140000000000000902e-02 -3.839500000000000135e-01
4.055100000000000371e+00 1.109499999999999931e+00 9.395000000000000573e-02 -4.112500000000000044e-01
4.218700000000000117e+00 1.109499999999999931e+00 8.605000000000000149e-02 -4.228999999999999981e-01
4.382299999999999862e+00 1.109499999999999931e+00 7.930000000000000937e-02 -4.260499999999999843e-01
4.546000000000000263e+00 1.109499999999999931e+00 6.469999999999999363e-02 -4.270500000000000407e-01
4.709600000000000009e+00 1.109499999999999931e+00 6.955000000000000071e-02 -4.461500000000000465e-01
4.873300000000000409e+00 1.109499999999999931e+00 5.420000000000000512e-02 -4.569999999999999618e-01
5.036900000000000155e+00 1.109499999999999931e+00 5.215000000000000191e-02 -4.750499999999999723e-01
5.200599999999999667e+00 1.109499999999999931e+00 4.670000000000000540e-02 -5.056499999999999329e-01
5.364200000000000301e+00 1.109499999999999931e+00 4.365000000000000130e-02 -5.107000000000000428e-01
5.527800000000000047e+00 1.109499999999999931e+00 2.820000000000000284e-02 -5.276000000000000689e-01
5.691499999999999559e+00 1.109499999999999931e+00 1.654999999999999874e-02 -5.375499999999999723e-01
5.855100000000000193e+00 1.109499999999999931e+00 -2.000000000000000042e-03 -5.299499999999999211e-01
6.018799999999999706e+00 1.109499999999999931e+00 -2.019999999999999921e-02 -5.314499999999999780e-01
6.182400000000000340e+00 1.109499999999999931e+00 -3.975000000000000061e-02 -5.077500000000000346e-01
6.346099999999999852e+00 1.109499999999999931e+00 -6.625000000000000333e-02 -4.880999999999999783e-01
6.509699999999999598e+00 1.109499999999999931e+00 -8.029999999999999638e-02 -5.417499999999999538e-01
6.673300000000000232e+00 1.109499999999999931e+00 -1.066499999999999948e-01 -5.151499999999999968e-01
6.836999999999999744e+00 1.109499999999999931e+00 -1.188000000000000028e-01 -5.039500000000000091e-01
7.000600000000000378e+00 1.109499999999999931e+00 -1.428999999999999992e-01 -4.909499999999999975e-01
7.164299999999999891e+00 1.109499999999999931e+00 -1.915999999999999925e-01 -5.421500000000000208e-01
7.327899999999999636e+00 1.109499999999999931e+00 -1.991999999999999882e-01 -4.455000000000000071e-01
1.275999999999999912e-01 9.458999999999999631e-01 9.064999999999999447e-02 2.224999999999999895e-02
2.913000000000000034e-01 9.458999999999999631e-01 9.564999999999999891e-02 -1.100000000000000283e-03
4.549000000000000266e-01 9.458999999999999631e-01 1.081000000000000016e-01 -1.929999999999999771e-02
6.186000000000000387e-01 9.458999999999999631e-01 1.091999999999999915e-01 -3.000000000000000236e-02
7.822000000000000064e-01 9.458999999999999631e-01 1.411999999999999922e-01 -6.004999999999999921e-02
9.458999999999999631e-01 9.458999999999999631e-01 1.485499999999999876e-01 -8.060000000000000497e-02
1.109499999999999931e+00 9.458999999999999631e-01 1.420000000000000151e-01 -9.324999999999999956e-02
1.273099999999999898e+00 9.458999999999999631e-01 1.437000000000000222e-01 -1.144000000000000017e-01
1.436800000000000077e+00 9.458999999999999631e-01 1.546000000000000152e-01 -1.331499999999999906e-01
1.600400000000000045e+00 9.458999999999999631e-01 1.562000000000000055e-01 -1.615499999999999992e-01
1.764100000000000001e+00 9.458999999999999631e-01 1.624000000000000166e-01 -1.883000000000000229e-01
1.927699999999999969e+00 9.458999999999999631e-01 1.599499999999999811e-01 -2.024500000000000188e-01
2.091400000000000148e+00 9.458999999999999631e-01 1.653000000000000025e-01 -2.255499999999999727e-01
2.254999999999999893e+00 9.458999999999999631e-01 1.642499999999999793e-01 -2.559000000000000163e-01
2.418600000000000083e+00 9.458999999999999631e-01 1.603999999999999870e-01 -2.628500000000000281e-01
2.582300000000000040e+00 9.458999999999999631e-01 1.577000000000000068e-01 -2.929999999999999827e-01
2.745899999999999785e+00 9.458999999999999631e-01 1.487499999999999933e-01 -3.048500000000000099e-01
2.909600000000000186e+00 9.458999999999999631e-01 1.483999999999999764e-01 -3.354000000000000314e-01
3.073199999999999932e+00 9.458999999999999631e-01 1.410000000000000142e-01 -3.607500000000000151e-01
3.236800000000000122e+00 9.458999999999999631e-01 1.231000000000000011e-01 -3.618000000000000105e-01
3.400500000000000078e+00 9.458999999999999631e-01 1.145999999999999935e-01 -3.817500000000000338e-01
3.564099999999999824e+00 9.458999999999999631e-01 1.205999999999999989e-01 -4.050000000000000266e-01
3.727799999999999780e+00 9.458999999999999631e-01 1.113999999999999990e-01 -4.233500000000000041e-01
3.891399999999999970e+00 9.458999999999999631e-01 9.969999999999999696e-02 -4.300499999999999878e-01
4.055100000000000371e+00 9.458999999999999631e-01 9.480000000000000926e-02 -4.435000000000000053e-01
4.218700000000000117e+00 9.458999999999999631e-01 1.030500000000000027e-01 -4.708999999999999853e-01
4.382299999999999862e+00 9.458999999999999631e-01 9.109999999999998654e-02 -4.778499999999999970e-01
4.546000000000000263e+00 9.458999999999999631e-01 8.235000000000000653e-02 -4.934499999999999997e-01
4.709600000000000009e+00 9.458999999999999631e-01 8.755000000000000282e-02 -5.089500000000000135e-01
4.873300000000000409e+00 9.458999999999999631e-01 6.959999999999999520e-02 -5.190000000000000169e-01
5.036900000000000155e+00 9.458999999999999631e-01 5.645000000000000018e-02 -5.223499999999999810e-01
5.200599999999999667e+00 9.458999999999999631e-01 5.340000000000000302e-02 -5.642499999999999183e-01
5.364200000000000301e+00 9.458999999999999631e-01 5.639999999999999875e-02 -5.846000000000000085e-01
5.527800000000000047e+00 9.458999999999999631e-01 3.524999999999999661e-02 -5.969999999999999751e-01
5.691499999999999559e+00 9.458999999999999631e-01 2.025000000000000064e-02 -5.961499999999999577e-01
5.855100000000000193e+00 9.458999999999999631e-01 2.899999999999999800e-03 -6.061000000000000831e-01
6.018799999999999706e+00 9.458999999999999631e-01 -9.999999999999998473e-03 -6.471999999999999975e-01
6.182400000000000340e+00 9.458999999999999631e-01 -3.500000000000000333e-02 -6.167500000000000204e-01
6.346099999999999852e+00 9.458999999999999631e-01 -6.105000000000000010e-02 -5.864000000000000323e-01
6.509699999999999598e+00 9.458999999999999631e-01 -8.205000000000001181e-02 -5.763000000000000345e-01
6.673300000000000232e+00 9.458999999999999631e-01 -1.101000000000000034e-01 -5.956000000000000183e-01
6.836999999999999744e+00 9.458999999999999631e-01 -1.320999999999999952e-01 -6.139999999999999902e-01
7.000600000000000378e+00 9.458999999999999631e-01 -1.500500000000000167e-01 -5.229500000000000259e-01
7.164299999999999891e+00 9.458999999999999631e-01 -1.959500000000000131e-01 -5.944500000000000339e-01
7.327899999999999636e+00 9.458999999999999631e-01 -2.337000000000000188e-01 -6.476999999999999424e-01
1.275999999999999912e-01 7.822000000000000064e-01 9.149999999999999800e-02 2.159999999999999767e-02
2.913000000000000034e-01 7.822000000000000064e-01 1.224500000000000033e-01 4.300000000000001737e-03
4.549000000000000266e-01 7.822000000000000064e-01 1.403000000000000080e-01 -1.484999999999999862e-02
6.186000000000000387e-01 7.822000000000000064e-01 1.340500000000000025e-01 -3.644999999999999629e-02
7.822000000000000064e-01 7.822000000000000064e-01 1.506000000000000116e-01 -6.220000000000000528e-02
9.458999999999999631e-01 7.822000000000000064e-01 1.545499999999999929e-01 -8.030000000000001026e-02
1.109499999999999931e+00 7.822000000000000064e-01 1.557000000000000051e-01 -9.324999999999999956e-02
1.273099999999999898e+00 7.822000000000000064e-01 1.697000000000000175e-01 -1.166000000000000092e-01
1.436800000000000077e+00 7.822000000000000064e-01 1.692000000000000171e-01 -1.435500000000000109e-01
1.600400000000000045e+00 7.822000000000000064e-01 1.638499999999999956e-01 -1.780999999999999805e-01
1.764100000000000001e+00 7.822000000000000064e-01 1.762500000000000178e-01 -1.976500000000000201e-01
1.927699999999999969e+00 7.822000000000000064e-01 1.885000000000000009e-01 -2.333500000000000019e-01
2.091400000000000148e+00 7.822000000000000064e-01 1.834500000000000020e-01 -2.639000000000000234e-01
2.254999999999999893e+00 7.822000000000000064e-01 1.847000000000000031e-01 -2.720000000000000195e-01
2.418600000000000083e+00 7.822000000000000064e-01 1.740500000000000103e-01 -2.903999999999999915e-01
2.582300000000000040e+00 7.822000000000000064e-01 1.621500000000000163e-01 -3.107499999999999707e-01
2.745899999999999785e+00 7.822000000000000064e-01 1.601499999999999868e-01 -3.467000000000000082e-01
2.909600000000000186e+00 7.822000000000000064e-01 1.610499999999999987e-01 -3.724500000000000033e-01
3.073199999999999932e+00 7.822000000000000064e-01 1.572000000000000064e-01 -3.948499999999999788e-01
3.236800000000000122e+00 7.822000000000000064e-01 1.458000000000000129e-01 -4.236499999999999710e-01
3.400500000000000078e+00 7.822000000000000064e-01 1.254000000000000115e-01 -4.300000000000000488e-01
3.564099999999999824e+00 7.822000000000000064e-01 1.241499999999999965e-01 -4.605000000000000204e-01
3.727799999999999780e+00 7.822000000000000064e-01 1.131000000000000061e-01 -4.826499999999999679e-01
3.891399999999999970e+00 7.822000000000000064e-01 1.084500000000000047e-01 -5.198000000000000398e-01
4.055100000000000371e+00 7.822000000000000064e-01 1.100500000000000089e-01 -5.312500000000000000e-01
4.218700000000000117e+00 7.822000000000000064e-01 1.159000000000000030e-01 -5.538999999999999480e-01
4.382299999999999862e+00 7.822000000000000064e-01 1.093500000000000028e-01 -5.546500000000000874e-01
4.546000000000000263e+00 7.822000000000000064e-01 1.074500000000000038e-01 -5.726499999999999924e-01
4.709600000000000009e+00 7.822000000000000064e-01 8.114999999999999991e-02 -5.423499999999999988e-01
4.873300000000000409e+00 7.822000000000000064e-01 7.109999999999999654e-02 -5.526999999999999691e-01
5.036900000000000155e+00 7.822000000000000064e-01 7.209999999999999742e-02 -5.696499999999999897e-01
5.200599999999999667e+00 7.822000000000000064e-01 6.615000000000000047e-02 -5.963500000000000467e-01
5.364200000000000301e+00 7.822000000000000064e-01 5.949999999999999734e-02 -5.975000000000000311e-01
5.527800000000000047e+00 7.822000000000000064e-01 3.955000000000000182e-02 -5.544999999999999929e-01
5.691499999999999559e+00 7.822000000000000064e-01 2.595000000000000084e-02 -6.063500000000000556e-01
5.855100000000000193e+00 7.822000000000000064e-01 5.349999999999999721e-03 -6.751000000000000334e-01
6.018799999999999706e+00 7.822000000000000064e-01 1.499999999999999598e-04 -7.026999999999999913e-01
6.182400000000000340e+00 7.822000000000000064e-01 -3.160000000000000309e-02 -6.181499999999999773e-01
6.346099999999999852e+00 7.822000000000000064e-01 -4.245000000000000162e-02 -6.188500000000000112e-01
6.509699999999999598e+00 7.822000000000000064e-01 -7.889999999999999791e-02 -5.784500000000000197e-01
6.673300000000000232e+00 7.822000000000000064e-01 -9.179999999999999272e-02 -5.916500000000000092e-01
6.836999999999999744e+00 7.822000000000000064e-01 -1.325999999999999956e-01 -6.300000000000000044e-01
7.000600000000000378e+00 7.822000000000000064e-01 -1.501000000000000112e-01 -5.416999999999999593e-01
7.164299999999999891e+00 7.822000000000000064e-01 -1.666500000000000203e-01 -6.189000000000000057e-01
7.327899999999999636e+00 7.822000000000000064e-01 -2.510999999999999899e-01 -7.225500000000000256e-01
1.275999999999999912e-01 6.186000000000000387e-01 1.071000000000000008e-01 3.929999999999999466e-02
2.913000000000000034e-01 6.186000000000000387e-01 1.175500000000000017e-01 2.029999999999999860e-02
4.549000000000000266e-01 6.186000000000000387e-01 1.313499999999999945e-01 -2.149999999999999134e-03
6.186000000000000387e-01 6.186000000000000387e-01 1.464000000000000024e-01 -3.375000000000000222e-02
7.822000000000000064e-01 6.186000000000000387e-01 1.579000000000000126e-01 -6.625000000000000333e-02
9.458999999999999631e-01 6.186000000000000387e-01 1.733999999999999986e-01 -8.169999999999999485e-02
1.109499999999999931e+00 6.186000000000000387e-01 1.703999999999999959e-01 -1.053999999999999937e-01
1.273099999999999898e+00 6.186000000000000387e-01 1.939000000000000168e-01 -1.305000000000000049e-01
1.436800000000000077e+00 6.186000000000000387e-01 2.012500000000000122e-01 -1.685499999999999776e-01
1.600400000000000045e+00 6.186000000000000387e-01 1.825999999999999845e-01 -1.932500000000000051e-01
1.764100000000000001e+00 6.186000000000000387e-01 1.985999999999999988e-01 -2.312000000000000166e-01
1.927699999999999969e+00 6.186000000000000387e-01 2.192500000000000004e-01 -2.689500000000000224e-01
2.091400000000000148e+00 6.186000000000000387e-01 2.125499999999999889e-01 -2.923999999999999932e-01
2.254999999999999893e+00 6.186000000000000387e-01 2.053499999999999770e-01 -3.251000000000000001e-01
2.418600000000000083e+00 6.186000000000000387e-01 1.966000000000000247e-01 -3.568999999999999950e-01
2.582300000000000040e+00 6.186000000000000387e-01 1.771500000000000019e-01 -3.183000000000000274e-01
2.745899999999999785e+00 6.186000000000000387e-01 1.890000000000000013e-01 -3.669000000000000039e-01
2.909600000000000186e+00 6.186000000000000387e-01 1.784499999999999975e-01 -3.730499999999999927e-01
3.073199999999999932e+00 6.186000000000000387e-01 1.916499999999999870e-01 -4.591999999999999416e-01
3.236800000000000122e+00 6.186000000000000387e-01 1.775500000000000134e-01 -4.810999999999999721e-01
3.400500000000000078e+00 6.186000000000000387e-01 1.516000000000000125e-01 -4.830499999999999794e-01
3.564099999999999824e+00 6.186000000000000387e-01 1.410500000000000087e-01 -5.517999999999999572e-01
3.727799999999999780e+00 6.186000000000000387e-01 1.270499999999999963e-01 -5.566999999999999726e-01
3.891399999999999970e+00 6.186000000000000387e-01 1.187499999999999944e-01 -5.754500000000000171e-01
4.055100000000000371e+00 6.186000000000000387e-01 1.091000000000000025e-01 -5.874000000000000332e-01
4.218700000000000117e+00 6.186000000000000387e-01 1.082999999999999935e-01 -5.678499999999999659e-01
4.382299999999999862e+00 6.186000000000000387e-01 1.068999999999999950e-01 -5.714500000000000135e-01
4.546000000000000263e+00 6.186000000000000387e-01 1.234500000000000042e-01 -6.279000000000000137e-01
4.709600000000000009e+00 6.186000000000000387e-01 1.090999999999999887e-01 -6.483999999999999764e-01
4.873300000000000409e+00 6.186000000000000387e-01 1.142999999999999988e-01 -6.936499999999999888e-01
5.036900000000000155e+00 6.186000000000000387e-01 7.314999999999999281e-02 -5.825500000000000123e-01
5.200599999999999667e+00 6.186000000000000387e-01 6.905000000000000027e-02 -6.106500000000000261e-01
5.364200000000000301e+00 6.186000000000000387e-01 5.040000000000000036e-02 -5.677999999999999714e-01
5.527800000000000047e+00 6.186000000000000387e-01 3.434999999999999859e-02 -5.645000000000000018e-01
5.691499999999999559e+00 6.186000000000000387e-01 2.210000000000000159e-02 -6.409500000000000197e-01
5.855100000000000193e+00 6.186000000000000387e-01 1.784999999999999781e-02 -7.016999999999999904e-01
6.018799999999999706e+00 6.186000000000000387e-01 4.300000000000000003e-03 -7.384500000000000508e-01
6.182400000000000340e+00 6.186000000000000387e-01 -1.795000000000000068e-02 -6.831000000000000405e-01
6.346099999999999852e+00 6.186000000000000387e-01 -3.674999999999999795e-02 -6.302999999999999714e-01
6.509699999999999598e+00 6.186000000000000387e-01 -7.499999999999999722e-02 -5.882000000000000561e-01
6.673300000000000232e+00 6.186000000000000387e-01 -9.530000000000000970e-02 -6.209000000000000075e-01
6.836999999999999744e+00 6.186000000000000387e-01 -1.325999999999999956e-01 -5.806000000000000050e-01
7.000600000000000378e+00 6.186000000000000387e-01 -1.515500000000000180e-01 -5.701499999999999346e-01
7.164299999999999891e+00 6.186000000000000387e-01 -1.525500000000000189e-01 -6.489000000000000323e-01
7.327899999999999636e+00 6.186000000000000387e-01 -1.877999999999999947e-01 -6.314999999999999503e-01
1.275999999999999912e-01 4.549000000000000266e-01 1.321499999999999897e-01 6.959999999999999520e-02
2.913000000000000034e-01 4.549000000000000266e-01 1.474999999999999922e-01 3.905000000000000138e-02
4.549000000000000266e-01 4.549000000000000266e-01 1.477499999999999925e-01 6.699999999999997624e-03
6.186000000000000387e-01 4.549000000000000266e-01 1.841499999999999804e-01 -2.219999999999999751e-02
7.822000000000000064e-01 4.549000000000000266e-01 1.946499999999999897e-01 -4.869999999999999329e-02
9.458999999999999631e-01 4.549000000000000266e-01 2.036499999999999977e-01 -8.050000000000000211e-02
1.109499999999999931e+00 4.549000000000000266e-01 2.056999999999999940e-01 -1.180500000000000022e-01
1.273099999999999898e+00 4.549000000000000266e-01 2.164000000000000090e-01 -1.438500000000000056e-01
1.436800000000000077e+00 4.549000000000000266e-01 2.280499999999999750e-01 -1.678000000000000047e-01
1.600400000000000045e+00 4.549000000000000266e-01 2.127999999999999892e-01 -2.046999999999999931e-01
1.764100000000000001e+00 4.549000000000000266e-01 2.334499999999999909e-01 -2.399499999999999966e-01
1.927699999999999969e+00 4.549000000000000266e-01 2.512999999999999678e-01 -2.922500000000000098e-01
2.091400000000000148e+00 4.549000000000000266e-01 2.447499999999999953e-01 -3.202499999999999791e-01
2.254999999999999893e+00 4.549000000000000266e-01 2.426500000000000046e-01 -4.213500000000000023e-01
2.418600000000000083e+00 4.549000000000000266e-01 2.037499999999999867e-01 -3.432999999999999940e-01
2.582300000000000040e+00 4.549000000000000266e-01 1.946499999999999897e-01 -3.656000000000000361e-01
2.745899999999999785e+00 4.549000000000000266e-01 1.436999999999999944e-01 -3.747000000000000330e-01
2.909600000000000186e+00 4.549000000000000266e-01 2.331499999999999961e-01 -3.448499999999999899e-01
3.073199999999999932e+00 4.549000000000000266e-01 2.303999999999999937e-01 -4.481000000000000538e-01
3.236800000000000122e+00 4.549000000000000266e-01 1.987500000000000100e-01 -4.949999999999999956e-01
3.400500000000000078e+00 4.549000000000000266e-01 1.015999999999999959e-01 -4.625000000000000222e-01
3.564099999999999824e+00 4.549000000000000266e-01 1.524000000000000077e-01 -5.926000000000000156e-01
3.727799999999999780e+00 4.549000000000000266e-01 1.322000000000000119e-01 -5.949999999999999734e-01
3.891399999999999970e+00 4.549000000000000266e-01 1.245500000000000079e-01 -5.843000000000000416e-01
4.055100000000000371e+00 4.549000000000000266e-01 1.143000000000000127e-01 -5.940499999999999670e-01
4.218700000000000117e+00 4.549000000000000266e-01 9.405000000000000859e-02 -5.675499999999999989e-01
4.382299999999999862e+00 4.549000000000000266e-01 8.410000000000000808e-02 -5.639000000000000679e-01
4.546000000000000263e+00 4.549000000000000266e-01 9.854999999999999871e-02 -6.013500000000000512e-01
4.709600000000000009e+00 4.549000000000000266e-01 1.151999999999999968e-01 -6.723500000000000032e-01
4.873300000000000409e+00 4.549000000000000266e-01 1.154000000000000026e-01 -7.275000000000000355e-01
5.036900000000000155e+00 4.549000000000000266e-01 8.455000000000000016e-02 -6.811000000000000387e-01
5.200599999999999667e+00 4.549000000000000266e-01 7.880000000000000893e-02 -6.507499999999999396e-01
5.364200000000000301e+00 4.549000000000000266e-01 5.525000000000000744e-02 -5.790500000000000647e-01
5.527800000000000047e+00 4.549000000000000266e-01 4.184999999999999831e-02 -5.775500000000000078e-01
5.691499999999999559e+00 4.549000000000000266e-01 2.995000000000000093e-02 -6.193999999999999506e-01
5.855100000000000193e+00 4.549000000000000266e-01 1.845000000000000112e-02 -7.589500000000000135e-01
6.018799999999999706e+00 4.549000000000000266e-01 3.000000000000000930e-03 -7.045500000000000096e-01
6.182400000000000340e+00 4.549000000000000266e-01 -2.634999999999999842e-02 -6.293500000000000760e-01
6.346099999999999852e+00 4.549000000000000266e-01 -7.000000000000001013e-03 -9.112000000000000099e-01
6.509699999999999598e+00 4.549000000000000266e-01 -6.575000000000000289e-02 -6.116500000000000270e-01
6.673300000000000232e+00 4.549000000000000266e-01 -8.635000000000001008e-02 -6.007000000000000117e-01
6.836999999999999744e+00 4.549000000000000266e-01 -1.085000000000000131e-01 -5.989499999999999824e-01
7.000600000000000378e+00 4.549000000000000266e-01 -1.110499999999999959e-01 -5.735000000000000098e-01
7.164299999999999891e+00 4.549000000000000266e-01 -1.304500000000000104e-01 -5.832500000000000462e-01
7.327899999999999636e+00 4.549000000000000266e-01 -1.415500000000000091e-01 -5.876500000000000057e-01
1.275999999999999912e-01 2.913000000000000034e-01 1.700000000000000122e-01 1.347500000000000087e-01
2.913000000000000034e-01 2.913000000000000034e-01 1.707500000000000129e-01 6.149999999999999911e-02
4.549000000000000266e-01 2.913000000000000034e-01 2.172999999999999932e-01 5.324999999999999872e-02
6.186000000000000387e-01 2.913000000000000034e-01 2.331499999999999961e-01 2.140000000000000235e-02
7.822000000000000064e-01 2.913000000000000034e-01 2.384000000000000008e-01 -6.099999999999999520e-03
9.458999999999999631e-01 2.913000000000000034e-01 2.278000000000000025e-01 -4.000000000000000083e-02
1.109499999999999931e+00 2.913000000000000034e-01 2.361000000000000043e-01 -7.239999999999999214e-02
1.273099999999999898e+00 2.913000000000000034e-01 2.426500000000000046e-01 -1.192999999999999894e-01
1.436800000000000077e+00 2.913000000000000034e-01 2.474999999999999978e-01 -1.417999999999999816e-01
1.600400000000000045e+00 2.913000000000000034e-01 2.416000000000000092e-01 -1.793500000000000094e-01
1.764100000000000001e+00 2.913000000000000034e-01 2.390999999999999792e-01 -2.093499999999999805e-01
1.927699999999999969e+00 2.913000000000000034e-01 2.853999999999999870e-01 -3.009000000000000008e-01
2.091400000000000148e+00 2.913000000000000034e-01 2.935500000000000331e-01 -3.269000000000000239e-01
2.254999999999999893e+00 2.913000000000000034e-01 2.459999999999999964e-01 -2.866500000000000159e-01
2.418600000000000083e+00 2.913000000000000034e-01 2.004500000000000171e-01 -2.762499999999999956e-01
2.582300000000000040e+00 2.913000000000000034e-01 2.654499999999999638e-01 -4.571500000000000563e-01
2.745899999999999785e+00 2.913000000000000034e-01 1.566000000000000170e-01 -3.730499999999999927e-01
2.909600000000000186e+00 2.913000000000000034e-01 1.376499999999999946e-01 -4.095499999999999696e-01
3.073199999999999932e+00 2.913000000000000034e-01 2.448999999999999788e-01 -5.231000000000000094e-01
3.236800000000000122e+00 2.913000000000000034e-01 2.201500000000000123e-01 -5.282499999999999973e-01
3.400500000000000078e+00 2.913000000000000034e-01 1.994499999999999884e-01 -5.491500000000000270e-01
3.564099999999999824e+00 2.913000000000000034e-01 1.576999999999999791e-01 -5.617999999999999661e-01
3.727799999999999780e+00 2.913000000000000034e-01 1.240500000000000075e-01 -5.752000000000000446e-01
3.891399999999999970e+00 2.913000000000000034e-01 1.182500000000000079e-01 -5.777499999999999858e-01
4.055100000000000371e+00 2.913000000000000034e-01 1.236499999999999960e-01 -5.902000000000000579e-01
4.218700000000000117e+00 2.913000000000000034e-01 9.664999999999999980e-02 -5.433999999999999941e-01
4.382299999999999862e+00 2.913000000000000034e-01 9.259999999999998788e-02 -5.749999999999999556e-01
4.546000000000000263e+00 2.913000000000000034e-01 8.714999999999999136e-02 -5.285499999999999643e-01
4.709600000000000009e+00 2.913000000000000034e-01 1.035500000000000032e-01 -6.689000000000000501e-01
4.873300000000000409e+00 2.913000000000000034e-01 8.250000000000000389e-02 -5.958999999999999853e-01
5.036900000000000155e+00 2.913000000000000034e-01 7.355000000000000426e-02 -5.942000000000000615e-01
5.200599999999999667e+00 2.913000000000000034e-01 6.980000000000000093e-02 -6.379500000000000171e-01
5.364200000000000301e+00 2.913000000000000034e-01 5.349999999999998854e-03 -5.368499999999999384e-01
5.527800000000000047e+00 2.913000000000000034e-01 7.799999999999999642e-03 -4.872000000000000219e-01
5.691499999999999559e+00 2.913000000000000034e-01 2.035000000000000003e-02 -5.303499999999999881e-01
5.855100000000000193e+00 2.913000000000000034e-01 2.605000000000000024e-02 -7.431999999999999718e-01
6.018799999999999706e+00 2.913000000000000034e-01 -8.799999999999998795e-03 -6.321999999999999842e-01
6.182400000000000340e+00 2.913000000000000034e-01 -9.400000000000000369e-03 -6.395000000000000684e-01
6.346099999999999852e+00 2.913000000000000034e-01 -3.300000000000000155e-02 -6.886000000000001009e-01
6.509699999999999598e+00 2.913000000000000034e-01 -6.230000000000000121e-02 -6.151499999999999746e-01
6.673300000000000232e+00 2.913000000000000034e-01 -8.169999999999999485e-02 -6.034500000000000419e-01
6.836999999999999744e+00 2.913000000000000034e-01 -1.026499999999999913e-01 -6.005000000000000338e-01
7.000600000000000378e+00 2.913000000000000034e-01 -6.224999999999999978e-02 -3.485000000000000320e-01
7.164299999999999891e+00 2.913000000000000034e-01 -1.236500000000000099e-01 -5.808999999999999719e-01
7.327899999999999636e+00 2.913000000000000034e-01 -1.342500000000000082e-01 -5.862000000000000544e-01
1.275999999999999912e-01 1.275999999999999912e-01 1.899500000000000077e-01 1.583999999999999853e-01
2.913000000000000034e-01 1.275999999999999912e-01 2.131500000000000061e-01 1.607000000000000095e-01
4.549000000000000266e-01 1.275999999999999912e-01 2.355499999999999816e-01 1.554999999999999993e-01
6.186000000000000387e-01 1.275999999999999912e-01 2.559500000000000108e-01 1.434499999999999942e-01
7.822000000000000064e-01 1.275999999999999912e-01 2.743999999999999773e-01 7.889999999999999791e-02
9.458999999999999631e-01 1.275999999999999912e-01 2.874999999999999778e-01 2.910000000000000087e-02
1.109499999999999931e+00 1.275999999999999912e-01 2.401999999999999968e-01 -4.014999999999999819e-02
1.273099999999999898e+00 1.275999999999999912e-01 2.417499999999999927e-01 -7.830000000000000848e-02
1.436800000000000077e+00 1.275999999999999912e-01 2.583000000000000296e-01 -3.960000000000000325e-02
1.600400000000000045e+00 1.275999999999999912e-01 2.567000000000000393e-01 -1.388500000000000012e-01
1.764100000000000001e+00 1.275999999999999912e-01 2.944999999999999840e-01 -1.437499999999999889e-01
1.927699999999999969e+00 1.275999999999999912e-01 2.536499999999999866e-01 -2.332000000000000184e-01
2.091400000000000148e+00 1.275999999999999912e-01 2.472500000000000253e-01 -2.606499999999999928e-01
2.254999999999999893e+00 1.275999999999999912e-01 2.278499999999999970e-01 -2.807499999999999996e-01
2.418600000000000083e+00 1.275999999999999912e-01 1.904000000000000137e-01 -3.027500000000000191e-01
2.582300000000000040e+00 1.275999999999999912e-01 2.114000000000000046e-01 -3.520999999999999686e-01
2.745899999999999785e+00 1.275999999999999912e-01 1.338000000000000023e-01 -3.478999999999999870e-01
2.909600000000000186e+00 1.275999999999999912e-01 1.134499999999999953e-01 -3.827500000000000346e-01
3.073199999999999932e+00 1.275999999999999912e-01 1.043499999999999983e-01 -4.156500000000000195e-01
3.236800000000000122e+00 1.275999999999999912e-01 -6.980000000000000093e-02 -3.752499999999999725e-01
3.400500000000000078e+00 1.275999999999999912e-01 1.003000000000000003e-01 -4.594500000000000250e-01
3.564099999999999824e+00 1.275999999999999912e-01 8.574999999999999289e-02 -4.946499999999999786e-01
3.727799999999999780e+00 1.275999999999999912e-01 5.024999999999999606e-02 -4.994000000000000106e-01
3.891399999999999970e+00 1.275999999999999912e-01 1.244999999999999996e-01 -5.432000000000000162e-01
4.055100000000000371e+00 1.275999999999999912e-01 1.265999999999999903e-01 -6.062499999999999556e-01
4.218700000000000117e+00 1.275999999999999912e-01 1.290000000000000036e-01 -6.280499999999999972e-01
4.382299999999999862e+00 1.275999999999999912e-01 1.296499999999999875e-01 -6.800999999999999268e-01
4.546000000000000263e+00 1.275999999999999912e-01 9.894999999999999629e-02 -5.954500000000000348e-01
4.709600000000000009e+00 1.275999999999999912e-01 8.079999999999999682e-02 -4.928500000000000103e-01
4.873300000000000409e+00 1.275999999999999912e-01 3.620000000000000301e-02 -3.182499999999999774e-01
5.036900000000000155e+00 1.275999999999999912e-01 5.880000000000000504e-02 -5.680000000000000604e-01
5.200599999999999667e+00 1.275999999999999912e-01 6.379999999999999560e-02 -6.228500000000000147e-01
5.364200000000000301e+00 1.275999999999999912e-01 6.029999999999999943e-02 -6.774999999999999911e-01
5.527800000000000047e+00 1.275999999999999912e-01 -5.350000000000000588e-03 -5.321500000000000119e-01
5.691499999999999559e+00 1.275999999999999912e-01 2.164999999999999911e-02 -6.199999999999999956e-01
5.855100000000000193e+00 1.275999999999999912e-01 3.950000000000000386e-03 -3.996000000000000107e-01
6.018799999999999706e+00 1.275999999999999912e-01 -8.099999999999999561e-03 -6.347500000000000364e-01
6.182400000000000340e+00 1.275999999999999912e-01 -2.214999999999999955e-02 -6.364000000000000767e-01
6.346099999999999852e+00 1.275999999999999912e-01 -4.120000000000000051e-02 -6.351499999999999924e-01
6.509699999999999598e+00 1.275999999999999912e-01 -5.899999999999999689e-02 -6.160499999999999865e-01
6.673300000000000232e+00 1.275999999999999912e-01 -5.050000000000000322e-02 -3.816500000000000448e-01
6.836999999999999744e+00 1.275999999999999912e-01 -9.570000000000000728e-02 -5.969499999999999806e-01
7.000600000000000378e+00 1.275999999999999912e-01 -1.066999999999999893e-01 -5.770500000000000629e-01
7.164299999999999891e+00 1.275999999999999912e-01 -1.149499999999999966e-01 -5.708999999999999631e-01
7.327899999999999636e+00 1.275999999999999912e-01 -1.239999999999999991e-01 -5.756999999999999895e-01
