1.275999999999999912e-01 1.927699999999999969e+00 -6.014999999999999514e-02 -7.799999999999999989e-02
2.913000000000000034e-01 1.927699999999999969e+00 -7.245000000000000051e-02 -8.820000000000000062e-02
4.549000000000000266e-01 1.927699999999999969e+00 -7.015000000000000402e-02 -9.314999999999999669e-02
6.186000000000000387e-01 1.927699999999999969e+00 -7.084999999999999631e-02 -9.349999999999999978e-02
7.822000000000000064e-01 1.927699999999999969e+00 -7.359999999999999876e-02 -9.135000000000000064e-02
9.458999999999999631e-01 1.927699999999999969e+00 -8.085000000000000520e-02 -8.829999999999998961e-02
1.109499999999999931e+00 1.927699999999999969e+00 -8.394999999999999685e-02 -9.504999999999999560e-02
1.273099999999999898e+00 1.927699999999999969e+00 -8.715000000000000524e-02 -9.550000000000000155e-02
1.436800000000000077e+00 1.927699999999999969e+00 -9.410000000000000309e-02 -9.379999999999999449e-02
1.600400000000000045e+00 1.927699999999999969e+00 -9.819999999999999563e-02 -8.449999999999999178e-02
1.764100000000000001e+00 1.927699999999999969e+00 -1.005999999999999950e-01 -8.594999999999999862e-02
1.927699999999999969e+00 1.927699999999999969e+00 -1.021999999999999992e-01 -8.845000000000000084e-02
2.091400000000000148e+00 1.927699999999999969e+00 -1.047000000000000014e-01 -8.594999999999999862e-02
2.254999999999999893e+00 1.927699999999999969e+00 -1.026999999999999996e-01 -9.220000000000000417e-02
2.418600000000000083e+00 1.927699999999999969e+00 -1.054499999999999882e-01 -8.640000000000000457e-02
2.582300000000000040e+00 1.927699999999999969e+00 -1.137499999999999900e-01 -8.549999999999999267e-02
2.745899999999999785e+00 1.927699999999999969e+00 -1.180999999999999966e-01 -8.390000000000000235e-02
2.909600000000000186e+00 1.927699999999999969e+00 -1.189999999999999947e-01 -8.640000000000000457e-02
3.073199999999999932e+00 1.927699999999999969e+00 -1.192999999999999894e-01 -7.845000000000000584e-02
3.236800000000000122e+00 1.927699999999999969e+00 -1.237999999999999934e-01 -6.919999999999999762e-02
3.400500000000000078e+00 1.927699999999999969e+00 -1.257000000000000062e-01 -7.130000000000000226e-02
3.564099999999999824e+00 1.927699999999999969e+00 -1.234500000000000042e-01 -7.819999999999999174e-02
3.727799999999999780e+00 1.927699999999999969e+00 -1.234999999999999987e-01 -8.685000000000001052e-02
3.891399999999999970e+00 1.927699999999999969e+00 -1.234500000000000042e-01 -8.899999999999999578e-02
4.055100000000000371e+00 1.927699999999999969e+00 -1.227000000000000035e-01 -8.619999999999999885e-02
4.218700000000000117e+00 1.927699999999999969e+00 -1.250499999999999945e-01 -7.724999999999999922e-02
4.382299999999999862e+00 1.927699999999999969e+00 -1.267500000000000016e-01 -8.219999999999999529e-02
4.546000000000000263e+00 1.927699999999999969e+00 -1.250499999999999945e-01 -8.949999999999999623e-02
4.709600000000000009e+00 1.927699999999999969e+00 -1.247499999999999998e-01 -7.939999999999999836e-02
4.873300000000000409e+00 1.927699999999999969e+00 -1.255499999999999949e-01 -7.964999999999999858e-02
5.036900000000000155e+00 1.927699999999999969e+00 -1.261500000000000121e-01 -8.580000000000000127e-02
5.200599999999999667e+00 1.927699999999999969e+00 -1.258500000000000174e-01 -9.595000000000000751e-02
5.364200000000000301e+00 1.927699999999999969e+00 -1.263499999999999901e-01 -9.734999999999999210e-02
5.527800000000000047e+00 1.927699999999999969e+00 -1.219999999999999973e-01 -1.033000000000000029e-01
5.691499999999999559e+00 1.927699999999999969e+00 -1.330500000000000016e-01 -1.000000000000000056e-01
5.855100000000000193e+00 1.927699999999999969e+00 -1.339500000000000135e-01 -1.141999999999999960e-01
6.018799999999999706e+00 1.927699999999999969e+00 -1.397499999999999853e-01 -1.243499999999999883e-01
6.182400000000000340e+00 1.927699999999999969e+00 -1.460500000000000131e-01 -1.239500000000000046e-01
6.346099999999999852e+00 1.927699999999999969e+00 -1.588499999999999912e-01 -1.195500000000000035e-01
6.509699999999999598e+00 1.927699999999999969e+00 -1.602000000000000091e-01 -1.247000000000000053e-01
6.673300000000000232e+00 1.927699999999999969e+00 -1.622500000000000053e-01 -1.265499999999999958e-01
6.836999999999999744e+00 1.927699999999999969e+00 -1.659499999999999864e-01 -1.256499999999999839e-01
7.000600000000000378e+00 1.927699999999999969e+00 -1.830499999999999905e-01 -1.295000000000000040e-01
7.164299999999999891e+00 1.927699999999999969e+00 -1.902500000000000024e-01 -1.215999999999999859e-01
7.327899999999999636e+00 1.927699999999999969e+00 -1.950500000000000012e-01 -1.169000000000000039e-01
1.275999999999999912e-01 1.764100000000000001e+00 -6.214999999999999691e-02 -8.374999999999999112e-02
2.913000000000000034e-01 1.764100000000000001e+00 -6.640000000000000069e-02 -9.015000000000000790e-02
4.549000000000000266e-01 1.764100000000000001e+00 -7.395000000000000184e-02 -9.454999999999999516e-02
6.186000000000000387e-01 1.764100000000000001e+00 -7.470000000000000251e-02 -9.629999999999999671e-02
7.822000000000000064e-01 1.764100000000000001e+00 -7.724999999999999922e-02 -9.895000000000001017e-02
9.458999999999999631e-01 1.764100000000000001e+00 -8.315000000000000169e-02 -9.320000000000000506e-02
1.109499999999999931e+00 1.764100000000000001e+00 -8.360000000000000764e-02 -8.849999999999999534e-02
1.273099999999999898e+00 1.764100000000000001e+00 -8.469999999999999751e-02 -9.274999999999999911e-02
1.436800000000000077e+00 1.764100000000000001e+00 -9.584999999999999076e-02 -9.664999999999999980e-02
1.600400000000000045e+00 1.764100000000000001e+00 -9.670000000000000817e-02 -8.979999999999999094e-02
1.764100000000000001e+00 1.764100000000000001e+00 -9.925000000000000488e-02 -8.590000000000000413e-02
1.927699999999999969e+00 1.764100000000000001e+00 -1.051499999999999935e-01 -8.674999999999999378e-02
2.091400000000000148e+00 1.764100000000000001e+00 -1.086999999999999911e-01 -8.929999999999999050e-02
2.254999999999999893e+00 1.764100000000000001e+00 -1.073500000000000010e-01 -9.339999999999999691e-02
2.418600000000000083e+00 1.764100000000000001e+00 -1.096000000000000030e-01 -8.524999999999999245e-02
2.582300000000000040e+00 1.764100000000000001e+00 -1.180500000000000022e-01 -8.250000000000000389e-02
2.745899999999999785e+00 1.764100000000000001e+00 -1.153499999999999942e-01 -9.170000000000000373e-02
2.909600000000000186e+00 1.764100000000000001e+00 -1.161500000000000032e-01 -9.320000000000000506e-02
3.073199999999999932e+00 1.764100000000000001e+00 -1.209000000000000075e-01 -8.779999999999998916e-02
3.236800000000000122e+00 1.764100000000000001e+00 -1.228500000000000147e-01 -8.049999999999998823e-02
3.400500000000000078e+00 1.764100000000000001e+00 -1.237499999999999989e-01 -8.424999999999999156e-02
3.564099999999999824e+00 1.764100000000000001e+00 -1.241500000000000103e-01 -8.540000000000000369e-02
3.727799999999999780e+00 1.764100000000000001e+00 -1.212000000000000022e-01 -8.809999999999999776e-02
3.891399999999999970e+00 1.764100000000000001e+00 -1.259000000000000119e-01 -8.929999999999999050e-02
4.055100000000000371e+00 1.764100000000000001e+00 -1.223999999999999949e-01 -9.254999999999999338e-02
4.218700000000000117e+00 1.764100000000000001e+00 -1.226500000000000090e-01 -8.995000000000000218e-02
4.382299999999999862e+00 1.764100000000000001e+00 -1.249500000000000055e-01 -8.390000000000000235e-02
4.546000000000000263e+00 1.764100000000000001e+00 -1.215499999999999914e-01 -8.940000000000000724e-02
4.709600000000000009e+00 1.764100000000000001e+00 -1.202000000000000013e-01 -9.470000000000000639e-02
4.873300000000000409e+00 1.764100000000000001e+00 -1.224999999999999978e-01 -9.759999999999999232e-02
5.036900000000000155e+00 1.764100000000000001e+00 -1.194000000000000061e-01 -1.007500000000000062e-01
5.200599999999999667e+00 1.764100000000000001e+00 -1.204000000000000070e-01 -1.145500000000000129e-01
5.364200000000000301e+00 1.764100000000000001e+00 -1.259000000000000119e-01 -1.197000000000000008e-01
5.527800000000000047e+00 1.764100000000000001e+00 -1.209500000000000020e-01 -1.141500000000000015e-01
5.691499999999999559e+00 1.764100000000000001e+00 -1.289500000000000091e-01 -1.192999999999999894e-01
5.855100000000000193e+00 1.764100000000000001e+00 -1.277500000000000024e-01 -1.216000000000000136e-01
6.018799999999999706e+00 1.764100000000000001e+00 -1.453499999999999792e-01 -1.296499999999999875e-01
6.182400000000000340e+00 1.764100000000000001e+00 -1.451000000000000068e-01 -1.391999999999999904e-01
6.346099999999999852e+00 1.764100000000000001e+00 -1.479999999999999927e-01 -1.416999999999999926e-01
6.509699999999999598e+00 1.764100000000000001e+00 -1.652500000000000080e-01 -1.386999999999999900e-01
6.673300000000000232e+00 1.764100000000000001e+00 -1.659499999999999864e-01 -1.354499999999999871e-01
6.836999999999999744e+00 1.764100000000000001e+00 -1.841999999999999749e-01 -1.580000000000000016e-01
7.000600000000000378e+00 1.764100000000000001e+00 -1.895499999999999963e-01 -1.554500000000000048e-01
7.164299999999999891e+00 1.764100000000000001e+00 -2.021000000000000019e-01 -1.395500000000000074e-01
7.327899999999999636e+00 1.764100000000000001e+00 -2.132499999999999951e-01 -1.330500000000000016e-01
1.275999999999999912e-01 1.600400000000000045e+00 -6.214999999999999691e-02 -8.254999999999999838e-02
2.913000000000000034e-01 1.600400000000000045e+00 -6.160000000000000198e-02 -8.749999999999999445e-02
4.549000000000000266e-01 1.600400000000000045e+00 -6.909999999999999476e-02 -9.324999999999999956e-02
6.186000000000000387e-01 1.600400000000000045e+00 -7.434999999999999942e-02 -8.849999999999999534e-02
7.822000000000000064e-01 1.600400000000000045e+00 -8.124999999999998890e-02 -9.684999999999999165e-02
9.458999999999999631e-01 1.600400000000000045e+00 -8.319999999999999618e-02 -9.709999999999999187e-02
1.109499999999999931e+00 1.600400000000000045e+00 -8.565000000000000391e-02 -9.729999999999999760e-02
1.273099999999999898e+00 1.600400000000000045e+00 -8.655000000000000193e-02 -9.740000000000000047e-02
1.436800000000000077e+00 1.600400000000000045e+00 -9.445000000000000617e-02 -1.006500000000000034e-01
1.600400000000000045e+00 1.600400000000000045e+00 -9.715000000000000024e-02 -9.804999999999999827e-02
1.764100000000000001e+00 1.600400000000000045e+00 -1.003000000000000003e-01 -9.324999999999999956e-02
1.927699999999999969e+00 1.600400000000000045e+00 -1.067500000000000115e-01 -9.085000000000000020e-02
2.091400000000000148e+00 1.600400000000000045e+00 -1.100500000000000089e-01 -9.589999999999999913e-02
2.254999999999999893e+00 1.600400000000000045e+00 -1.088500000000000023e-01 -9.979999999999999982e-02
2.418600000000000083e+00 1.600400000000000045e+00 -1.103500000000000036e-01 -9.609999999999999098e-02
2.582300000000000040e+00 1.600400000000000045e+00 -1.174999999999999933e-01 -8.840000000000000635e-02
2.745899999999999785e+00 1.600400000000000045e+00 -1.142500000000000043e-01 -9.124999999999999778e-02
2.909600000000000186e+00 1.600400000000000045e+00 -1.165999999999999953e-01 -8.815000000000000613e-02
3.073199999999999932e+00 1.600400000000000045e+00 -1.231499999999999956e-01 -9.040000000000000813e-02
3.236800000000000122e+00 1.600400000000000045e+00 -1.205500000000000044e-01 -9.024999999999999689e-02
3.400500000000000078e+00 1.600400000000000045e+00 -1.241000000000000020e-01 -8.965000000000000746e-02
3.564099999999999824e+00 1.600400000000000045e+00 -1.247499999999999998e-01 -9.139999999999999514e-02
3.727799999999999780e+00 1.600400000000000045e+00 -1.231500000000000095e-01 -9.070000000000000284e-02
3.891399999999999970e+00 1.600400000000000045e+00 -1.238500000000000018e-01 -9.140000000000000902e-02
4.055100000000000371e+00 1.600400000000000045e+00 -1.205999999999999989e-01 -9.904999999999999916e-02
4.218700000000000117e+00 1.600400000000000045e+00 -1.187000000000000000e-01 -1.028000000000000025e-01
4.382299999999999862e+00 1.600400000000000045e+00 -1.164499999999999980e-01 -1.076000000000000012e-01
4.546000000000000263e+00 1.600400000000000045e+00 -1.174499999999999988e-01 -1.101499999999999979e-01
4.709600000000000009e+00 1.600400000000000045e+00 -1.174000000000000044e-01 -1.181500000000000050e-01
4.873300000000000409e+00 1.600400000000000045e+00 -1.171999999999999986e-01 -1.182499999999999940e-01
5.036900000000000155e+00 1.600400000000000045e+00 -1.148500000000000076e-01 -1.265499999999999958e-01
5.200599999999999667e+00 1.600400000000000045e+00 -1.159000000000000030e-01 -1.360500000000000043e-01
5.364200000000000301e+00 1.600400000000000045e+00 -1.185499999999999887e-01 -1.153500000000000081e-01
5.527800000000000047e+00 1.600400000000000045e+00 -1.202499999999999958e-01 -1.399499999999999911e-01
5.691499999999999559e+00 1.600400000000000045e+00 -1.223000000000000059e-01 -1.417499999999999871e-01
5.855100000000000193e+00 1.600400000000000045e+00 -1.315500000000000003e-01 -1.479000000000000037e-01
6.018799999999999706e+00 1.600400000000000045e+00 -1.369500000000000162e-01 -1.537499999999999978e-01
6.182400000000000340e+00 1.600400000000000045e+00 -1.414500000000000202e-01 -1.685999999999999999e-01
6.346099999999999852e+00 1.600400000000000045e+00 -1.527999999999999914e-01 -1.582999999999999963e-01
6.509699999999999598e+00 1.600400000000000045e+00 -1.564500000000000057e-01 -1.523499999999999854e-01
6.673300000000000232e+00 1.600400000000000045e+00 -1.643499999999999961e-01 -1.610999999999999932e-01
6.836999999999999744e+00 1.600400000000000045e+00 -1.368000000000000049e-01 -8.634999999999999620e-02
7.000600000000000378e+00 1.600400000000000045e+00 -1.968999999999999917e-01 -1.791500000000000037e-01
7.164299999999999891e+00 1.600400000000000045e+00 -2.037999999999999812e-01 -1.648999999999999910e-01
7.327899999999999636e+00 1.600400000000000045e+00 -2.074500000000000233e-01 -1.491000000000000103e-01
1.275999999999999912e-01 1.436800000000000077e+00 -6.525000000000000244e-02 -8.409999999999999420e-02
2.913000000000000034e-01 1.436800000000000077e+00 -6.485000000000000486e-02 -8.374999999999999112e-02
4.549000000000000266e-01 1.436800000000000077e+00 -6.520000000000000795e-02 -8.824999999999999512e-02
6.186000000000000387e-01 1.436800000000000077e+00 -7.459999999999999964e-02 -9.224999999999999867e-02
7.822000000000000064e-01 1.436800000000000077e+00 -7.719999999999999085e-02 -9.934999999999999387e-02
9.458999999999999631e-01 1.436800000000000077e+00 -6.980000000000000093e-02 -9.079999999999999183e-02
1.109499999999999931e+00 1.436800000000000077e+00 -8.749999999999999445e-02 -9.919999999999999651e-02
1.273099999999999898e+00 1.436800000000000077e+00 -8.705000000000000238e-02 -9.820000000000000950e-02
1.436800000000000077e+00 1.436800000000000077e+00 -9.110000000000000042e-02 -1.023000000000000020e-01
1.600400000000000045e+00 1.436800000000000077e+00 -9.500000000000000111e-02 -1.033000000000000029e-01
1.764100000000000001e+00 1.436800000000000077e+00 -1.003499999999999948e-01 -1.011999999999999983e-01
1.927699999999999969e+00 1.436800000000000077e+00 -1.103999999999999981e-01 -1.005999999999999950e-01
2.091400000000000148e+00 1.436800000000000077e+00 -1.137499999999999900e-01 -1.037499999999999950e-01
2.254999999999999893e+00 1.436800000000000077e+00 -1.123499999999999915e-01 -1.013499999999999956e-01
2.418600000000000083e+00 1.436800000000000077e+00 -1.125000000000000028e-01 -9.969999999999999696e-02
2.582300000000000040e+00 1.436800000000000077e+00 -1.165999999999999953e-01 -1.028499999999999970e-01
2.745899999999999785e+00 1.436800000000000077e+00 -1.218500000000000000e-01 -1.016999999999999987e-01
2.909600000000000186e+00 1.436800000000000077e+00 -1.248000000000000081e-01 -9.969999999999999696e-02
3.073199999999999932e+00 1.436800000000000077e+00 -1.248999999999999971e-01 -1.002000000000000113e-01
3.236800000000000122e+00 1.436800000000000077e+00 -1.209999999999999964e-01 -9.964999999999998859e-02
3.400500000000000078e+00 1.436800000000000077e+00 -1.229500000000000037e-01 -9.310000000000000220e-02
3.564099999999999824e+00 1.436800000000000077e+00 -1.246500000000000108e-01 -9.360000000000000264e-02
3.727799999999999780e+00 1.436800000000000077e+00 -1.263499999999999901e-01 -9.709999999999999187e-02
3.891399999999999970e+00 1.436800000000000077e+00 -1.236000000000000154e-01 -9.604999999999999649e-02
4.055100000000000371e+00 1.436800000000000077e+00 -1.209500000000000020e-01 -1.015500000000000014e-01
4.218700000000000117e+00 1.436800000000000077e+00 -1.182499999999999940e-01 -1.033000000000000029e-01
4.382299999999999862e+00 1.436800000000000077e+00 -1.175499999999999878e-01 -1.087499999999999856e-01
4.546000000000000263e+00 1.436800000000000077e+00 -1.147999999999999993e-01 -1.236000000000000015e-01
4.709600000000000009e+00 1.436800000000000077e+00 -1.114999999999999880e-01 -1.317500000000000060e-01
4.873300000000000409e+00 1.436800000000000077e+00 -1.105500000000000094e-01 -1.336499999999999910e-01
5.036900000000000155e+00 1.436800000000000077e+00 -1.135500000000000120e-01 -1.438499999999999779e-01
5.200599999999999667e+00 1.436800000000000077e+00 -1.169999999999999929e-01 -1.487499999999999933e-01
5.364200000000000301e+00 1.436800000000000077e+00 -1.167499999999999927e-01 -1.497999999999999887e-01
5.527800000000000047e+00 1.436800000000000077e+00 -1.219000000000000083e-01 -1.613999999999999879e-01
5.691499999999999559e+00 1.436800000000000077e+00 -1.214999999999999969e-01 -1.599499999999999811e-01
5.855100000000000193e+00 1.436800000000000077e+00 -1.266999999999999793e-01 -1.733999999999999986e-01
6.018799999999999706e+00 1.436800000000000077e+00 -1.219999999999999973e-01 -1.718500000000000028e-01
6.182400000000000340e+00 1.436800000000000077e+00 -1.321499999999999897e-01 -1.686999999999999889e-01
6.346099999999999852e+00 1.436800000000000077e+00 -1.461000000000000076e-01 -1.892000000000000071e-01
6.509699999999999598e+00 1.436800000000000077e+00 -1.569500000000000062e-01 -2.001999999999999891e-01
6.673300000000000232e+00 1.436800000000000077e+00 -1.591500000000000137e-01 -1.895499999999999963e-01
6.836999999999999744e+00 1.436800000000000077e+00 -1.126500000000000001e-01 -9.879999999999999893e-02
7.000600000000000378e+00 1.436800000000000077e+00 -1.906999999999999806e-01 -2.081999999999999962e-01
7.164299999999999891e+00 1.436800000000000077e+00 -2.029499999999999915e-01 -2.058500000000000052e-01
7.327899999999999636e+00 1.436800000000000077e+00 -2.082499999999999907e-01 -1.760499999999999843e-01
1.275999999999999912e-01 1.273099999999999898e+00 -6.685000000000000664e-02 -8.749999999999999445e-02
2.913000000000000034e-01 1.273099999999999898e+00 -7.139999999999999125e-02 -8.085000000000000520e-02
4.549000000000000266e-01 1.273099999999999898e+00 -7.014999999999999014e-02 -9.120000000000000329e-02
6.186000000000000387e-01 1.273099999999999898e+00 -7.364999999999999325e-02 -9.584999999999999076e-02
7.822000000000000064e-01 1.273099999999999898e+00 -7.739999999999999658e-02 -1.011999999999999983e-01
9.458999999999999631e-01 1.273099999999999898e+00 -6.800000000000000488e-02 -8.854999999999998983e-02
1.109499999999999931e+00 1.273099999999999898e+00 -9.009999999999999953e-02 -1.010999999999999954e-01
1.273099999999999898e+00 1.273099999999999898e+00 -8.824999999999999512e-02 -1.126000000000000056e-01
1.436800000000000077e+00 1.273099999999999898e+00 -8.904999999999999027e-02 -1.146500000000000019e-01
1.600400000000000045e+00 1.273099999999999898e+00 -9.445000000000000617e-02 -1.156999999999999973e-01
1.764100000000000001e+00 1.273099999999999898e+00 -1.030999999999999972e-01 -1.149499999999999966e-01
1.927699999999999969e+00 1.273099999999999898e+00 -1.083999999999999964e-01 -1.165500000000000008e-01
2.091400000000000148e+00 1.273099999999999898e+00 -1.176000000000000101e-01 -1.134000000000000008e-01
2.254999999999999893e+00 1.273099999999999898e+00 -1.173500000000000099e-01 -1.019499999999999990e-01
2.418600000000000083e+00 1.273099999999999898e+00 -1.144000000000000017e-01 -1.026999999999999996e-01
2.582300000000000040e+00 1.273099999999999898e+00 -1.174000000000000044e-01 -1.048000000000000043e-01
2.745899999999999785e+00 1.273099999999999898e+00 -1.247499999999999998e-01 -1.062499999999999972e-01
2.909600000000000186e+00 1.273099999999999898e+00 -1.234999999999999987e-01 -1.091499999999999970e-01
3.073199999999999932e+00 1.273099999999999898e+00 -1.326499999999999901e-01 -9.984999999999999432e-02
3.236800000000000122e+00 1.273099999999999898e+00 -1.262000000000000066e-01 -1.138500000000000068e-01
3.400500000000000078e+00 1.273099999999999898e+00 -1.205999999999999989e-01 -1.024499999999999994e-01
3.564099999999999824e+00 1.273099999999999898e+00 -1.224000000000000088e-01 -1.197499999999999953e-01
3.727799999999999780e+00 1.273099999999999898e+00 -1.217000000000000026e-01 -1.146999999999999964e-01
3.891399999999999970e+00 1.273099999999999898e+00 -1.230500000000000066e-01 -1.154499999999999971e-01
4.055100000000000371e+00 1.273099999999999898e+00 -1.146999999999999964e-01 -1.217000000000000026e-01
4.218700000000000117e+00 1.273099999999999898e+00 -1.139999999999999902e-01 -1.279500000000000082e-01
4.382299999999999862e+00 1.273099999999999898e+00 -1.141000000000000070e-01 -1.191500000000000059e-01
4.546000000000000263e+00 1.273099999999999898e+00 -1.181500000000000050e-01 -1.214500000000000024e-01
4.709600000000000009e+00 1.273099999999999898e+00 -1.126000000000000056e-01 -1.480500000000000149e-01
4.873300000000000409e+00 1.273099999999999898e+00 -1.054499999999999882e-01 -1.514000000000000068e-01
5.036900000000000155e+00 1.273099999999999898e+00 -1.100500000000000089e-01 -1.502000000000000002e-01
5.200599999999999667e+00 1.273099999999999898e+00 -1.128500000000000059e-01 -1.704999999999999849e-01
5.364200000000000301e+00 1.273099999999999898e+00 -1.098999999999999977e-01 -1.872499999999999998e-01
5.527800000000000047e+00 1.273099999999999898e+00 -1.141999999999999960e-01 -1.839500000000000024e-01
5.691499999999999559e+00 1.273099999999999898e+00 -1.186000000000000110e-01 -1.719999999999999862e-01
5.855100000000000193e+00 1.273099999999999898e+00 -1.171999999999999986e-01 -1.845999999999999863e-01
6.018799999999999706e+00 1.273099999999999898e+00 -1.188499999999999973e-01 -1.968499999999999972e-01
6.182400000000000340e+00 1.273099999999999898e+00 -1.328000000000000014e-01 -1.925000000000000044e-01
6.346099999999999852e+00 1.273099999999999898e+00 -1.388500000000000012e-01 -2.204499999999999793e-01
6.509699999999999598e+00 1.273099999999999898e+00 -1.457499999999999907e-01 -2.224499999999999811e-01
6.673300000000000232e+00 1.273099999999999898e+00 -1.570000000000000007e-01 -2.183999999999999830e-01
6.836999999999999744e+00 1.273099999999999898e+00 -1.793000000000000149e-01 -2.382499999999999896e-01
7.000600000000000378e+00 1.273099999999999898e+00 -1.956499999999999906e-01 -2.379999999999999893e-01
7.164299999999999891e+00 1.273099999999999898e+00 -2.116500000000000048e-01 -2.426500000000000046e-01
7.327899999999999636e+00 1.273099999999999898e+00 -2.000500000000000056e-01 -1.938000000000000000e-01
1.275999999999999912e-01 1.109499999999999931e+00 -5.804999999999999744e-02 -8.140000000000000013e-02
2.913000000000000034e-01 1.109499999999999931e+00 -6.464999999999999913e-02 -8.385000000000000786e-02
4.549000000000000266e-01 1.109499999999999931e+00 -6.189999999999999669e-02 -9.564999999999999891e-02
6.186000000000000387e-01 1.109499999999999931e+00 -6.769999999999999629e-02 -9.754999999999999782e-02
7.822000000000000064e-01 1.109499999999999931e+00 -7.405000000000000471e-02 -1.088999999999999968e-01
9.458999999999999631e-01 1.109499999999999931e+00 -7.610000000000000098e-02 -1.082500000000000129e-01
1.109499999999999931e+00 1.109499999999999931e+00 -8.519999999999999796e-02 -1.138499999999999929e-01
1.273099999999999898e+00 1.109499999999999931e+00 -8.644999999999999907e-02 -1.188000000000000028e-01
1.436800000000000077e+00 1.109499999999999931e+00 -9.245000000000000440e-02 -1.193999999999999923e-01
1.600400000000000045e+00 1.109499999999999931e+00 -1.001999999999999974e-01 -1.247999999999999943e-01
1.764100000000000001e+00 1.109499999999999931e+00 -1.040999999999999981e-01 -1.274500000000000077e-01
1.927699999999999969e+00 1.109499999999999931e+00 -1.068500000000000005e-01 -1.239500000000000046e-01
2.091400000000000148e+00 1.109499999999999931e+00 -1.141000000000000070e-01 -1.199500000000000011e-01
2.254999999999999893e+00 1.109499999999999931e+00 -1.192999999999999894e-01 -1.185500000000000165e-01
2.418600000000000083e+00 1.109499999999999931e+00 -1.226500000000000090e-01 -1.190999999999999975e-01
2.582300000000000040e+00 1.109499999999999931e+00 -1.188000000000000028e-01 -1.154999999999999916e-01
2.745899999999999785e+00 1.109499999999999931e+00 -1.270000000000000018e-01 -1.123500000000000054e-01
2.909600000000000186e+00 1.109499999999999931e+00 -1.293499999999999928e-01 -1.174000000000000044e-01
3.073199999999999932e+00 1.109499999999999931e+00 -1.347500000000000087e-01 -1.204500000000000015e-01
3.236800000000000122e+00 1.109499999999999931e+00 -1.310999999999999943e-01 -1.179000000000000048e-01
3.400500000000000078e+00 1.109499999999999931e+00 -1.244000000000000106e-01 -1.272999999999999965e-01
3.564099999999999824e+00 1.109499999999999931e+00 -1.230499999999999927e-01 -1.404500000000000193e-01
3.727799999999999780e+00 1.109499999999999931e+00 -1.209500000000000020e-01 -1.338000000000000023e-01
3.891399999999999970e+00 1.109499999999999931e+00 -1.195999999999999841e-01 -1.283500000000000196e-01
4.055100000000000371e+00 1.109499999999999931e+00 -1.180499999999999883e-01 -1.411000000000000032e-01
4.218700000000000117e+00 1.109499999999999931e+00 -1.118999999999999995e-01 -1.605499999999999983e-01
4.382299999999999862e+00 1.109499999999999931e+00 -1.121000000000000052e-01 -1.524500000000000022e-01
4.546000000000000263e+00 1.109499999999999931e+00 -1.155000000000000054e-01 -1.398000000000000076e-01
4.709600000000000009e+00 1.109499999999999931e+00 -1.101499999999999979e-01 -1.508499999999999841e-01
4.873300000000000409e+00 1.109499999999999931e+00 -1.003499999999999948e-01 -1.614499999999999824e-01
5.036900000000000155e+00 1.109499999999999931e+00 -9.804999999999999827e-02 -1.627000000000000113e-01
5.200599999999999667e+00 1.109499999999999931e+00 -1.095000000000000001e-01 -1.882000000000000062e-01
5.364200000000000301e+00 1.109499999999999931e+00 -1.058499999999999996e-01 -1.972499999999999809e-01
5.527800000000000047e+00 1.109499999999999931e+00 -1.068500000000000005e-01 -2.127000000000000002e-01
5.691499999999999559e+00 1.109499999999999931e+00 -1.135499999999999982e-01 -2.091999999999999971e-01
5.855100000000000193e+00 1.109499999999999931e+00 -1.141999999999999960e-01 -2.094999999999999918e-01
6.018799999999999706e+00 1.109499999999999931e+00 -1.162499999999999922e-01 -2.126000000000000112e-01
6.182400000000000340e+00 1.109499999999999931e+00 -1.252999999999999947e-01 -2.000000000000000111e-01
6.346099999999999852e+00 1.109499999999999931e+00 -1.293500000000000205e-01 -2.074499999999999955e-01
6.509699999999999598e+00 1.109499999999999931e+00 -1.396499999999999964e-01 -2.234999999999999765e-01
6.673300000000000232e+00 1.109499999999999931e+00 -1.420500000000000096e-01 -2.260000000000000064e-01
6.836999999999999744e+00 1.109499999999999931e+00 -1.680999999999999994e-01 -2.569500000000000117e-01
7.000600000000000378e+00 1.109499999999999931e+00 -1.566500000000000115e-01 -2.148499999999999854e-01
7.164299999999999891e+00 1.109499999999999931e+00 -1.993499999999999994e-01 -2.493999999999999828e-01
7.327899999999999636e+00 1.109499999999999931e+00 -2.096999999999999975e-01 -2.320000000000000118e-01
1.275999999999999912e-01 9.458999999999999631e-01 -6.114999999999999603e-02 -8.329999999999999905e-02
2.913000000000000034e-01 9.458999999999999631e-01 -6.244999999999999857e-02 -7.739999999999999658e-02
4.549000000000000266e-01 9.458999999999999631e-01 -5.829999999999999766e-02 -9.495000000000000662e-02
6.186000000000000387e-01 9.458999999999999631e-01 -5.960000000000000020e-02 -1.017000000000000126e-01
7.822000000000000064e-01 9.458999999999999631e-01 -6.909999999999999476e-02 -1.176999999999999991e-01
9.458999999999999631e-01 9.458999999999999631e-01 -7.205000000000000293e-02 -1.224500000000000033e-01
1.109499999999999931e+00 9.458999999999999631e-01 -7.969999999999999307e-02 -1.229500000000000037e-01
1.273099999999999898e+00 9.458999999999999631e-01 -8.335000000000000742e-02 -1.251500000000000112e-01
1.436800000000000077e+00 9.458999999999999631e-01 -9.670000000000000817e-02 -1.313499999999999945e-01
1.600400000000000045e+00 9.458999999999999631e-01 -1.020500000000000018e-01 -1.425500000000000100e-01
1.764100000000000001e+00 9.458999999999999631e-01 -1.001500000000000029e-01 -1.428499999999999770e-01
1.927699999999999969e+00 9.458999999999999631e-01 -1.003999999999999893e-01 -1.312500000000000056e-01
2.091400000000000148e+00 9.458999999999999631e-01 -1.093999999999999972e-01 -1.350500000000000034e-01
2.254999999999999893e+00 9.458999999999999631e-01 -1.163000000000000006e-01 -1.392499999999999849e-01
2.418600000000000083e+00 9.458999999999999631e-01 -1.292500000000000038e-01 -1.395500000000000074e-01
2.582300000000000040e+00 9.458999999999999631e-01 -1.318499999999999950e-01 -1.416000000000000036e-01
2.745899999999999785e+00 9.458999999999999631e-01 -1.377499999999999836e-01 -1.336499999999999910e-01
2.909600000000000186e+00 9.458999999999999631e-01 -1.304500000000000104e-01 -1.334000000000000186e-01
3.073199999999999932e+00 9.458999999999999631e-01 -1.269000000000000128e-01 -1.340500000000000025e-01
3.236800000000000122e+00 9.458999999999999631e-01 -1.370999999999999996e-01 -1.211500000000000077e-01
3.400500000000000078e+00 9.458999999999999631e-01 -1.297000000000000097e-01 -1.261499999999999844e-01
3.564099999999999824e+00 9.458999999999999631e-01 -1.273500000000000187e-01 -1.405500000000000083e-01
3.727799999999999780e+00 9.458999999999999631e-01 -1.244000000000000106e-01 -1.434499999999999942e-01
3.891399999999999970e+00 9.458999999999999631e-01 -1.236499999999999960e-01 -1.373999999999999944e-01
4.055100000000000371e+00 9.458999999999999631e-01 -1.208499999999999991e-01 -1.487499999999999933e-01
4.218700000000000117e+00 9.458999999999999631e-01 -1.117500000000000160e-01 -1.650500000000000023e-01
4.382299999999999862e+00 9.458999999999999631e-01 -1.093000000000000083e-01 -1.657500000000000084e-01
4.546000000000000263e+00 9.458999999999999631e-01 -1.088999999999999968e-01 -1.810499999999999887e-01
4.709600000000000009e+00 9.458999999999999631e-01 -1.074500000000000038e-01 -1.932999999999999996e-01
4.873300000000000409e+00 9.458999999999999631e-01 -1.033499999999999974e-01 -1.910000000000000031e-01
5.036900000000000155e+00 9.458999999999999631e-01 -9.310000000000000220e-02 -2.028999999999999970e-01
5.200599999999999667e+00 9.458999999999999631e-01 -1.013999999999999901e-01 -2.267000000000000126e-01
5.364200000000000301e+00 9.458999999999999631e-01 -1.010999999999999954e-01 -2.234499999999999820e-01
5.527800000000000047e+00 9.458999999999999631e-01 -9.959999999999999409e-02 -2.201500000000000123e-01
5.691499999999999559e+00 9.458999999999999631e-01 -1.080500000000000071e-01 -2.343000000000000083e-01
5.855100000000000193e+00 9.458999999999999631e-01 -1.065500000000000058e-01 -2.259499999999999842e-01
6.018799999999999706e+00 9.458999999999999631e-01 -1.101999999999999924e-01 -2.616499999999999937e-01
6.182400000000000340e+00 9.458999999999999631e-01 -1.141500000000000015e-01 -2.609000000000000208e-01
6.346099999999999852e+00 9.458999999999999631e-01 -1.301499999999999879e-01 -2.782499999999999973e-01
6.509699999999999598e+00 9.458999999999999631e-01 -1.330999999999999961e-01 -2.828500000000000458e-01
6.673300000000000232e+00 9.458999999999999631e-01 -1.358499999999999985e-01 -2.680500000000000105e-01
6.836999999999999744e+00 9.458999999999999631e-01 -1.470000000000000195e-01 -2.892500000000000071e-01
7.000600000000000378e+00 9.458999999999999631e-01 -1.648000000000000020e-01 -2.725500000000000145e-01
7.164299999999999891e+00 9.458999999999999631e-01 -1.848000000000000198e-01 -3.301500000000000545e-01
7.327899999999999636e+00 9.458999999999999631e-01 -2.032499999999999862e-01 -2.898000000000000020e-01
1.275999999999999912e-01 7.822000000000000064e-01 -6.180000000000000077e-02 -8.365000000000000213e-02
2.913000000000000034e-01 7.822000000000000064e-01 -6.235000000000000264e-02 -9.460000000000000353e-02
4.549000000000000266e-01 7.822000000000000064e-01 -5.900000000000000383e-02 -1.072000000000000036e-01
6.186000000000000387e-01 7.822000000000000064e-01 -6.379999999999999560e-02 -1.204999999999999960e-01
7.822000000000000064e-01 7.822000000000000064e-01 -7.530000000000000582e-02 -1.222999999999999921e-01
9.458999999999999631e-01 7.822000000000000064e-01 -7.414999999999999369e-02 -1.278499999999999914e-01
1.109499999999999931e+00 7.822000000000000064e-01 -7.614999999999999547e-02 -1.319000000000000172e-01
1.273099999999999898e+00 7.822000000000000064e-01 -8.385000000000000786e-02 -1.343999999999999917e-01
1.436800000000000077e+00 7.822000000000000064e-01 -9.464999999999999802e-02 -1.331499999999999906e-01
1.600400000000000045e+00 7.822000000000000064e-01 -9.600000000000000200e-02 -1.506000000000000116e-01
1.764100000000000001e+00 7.822000000000000064e-01 -9.664999999999999980e-02 -1.529500000000000026e-01
1.927699999999999969e+00 7.822000000000000064e-01 -1.054499999999999882e-01 -1.494999999999999940e-01
2.091400000000000148e+00 7.822000000000000064e-01 -1.111000000000000043e-01 -1.562000000000000055e-01
2.254999999999999893e+00 7.822000000000000064e-01 -1.183500000000000107e-01 -1.560500000000000220e-01
2.418600000000000083e+00 7.822000000000000064e-01 -1.251500000000000112e-01 -1.501000000000000112e-01
2.582300000000000040e+00 7.822000000000000064e-01 -1.343000000000000027e-01 -1.484499999999999986e-01
2.745899999999999785e+00 7.822000000000000064e-01 -1.329499999999999849e-01 -1.537999999999999923e-01
2.909600000000000186e+00 7.822000000000000064e-01 -1.335000000000000075e-01 -1.549499999999999766e-01
3.073199999999999932e+00 7.822000000000000064e-01 -1.265999999999999903e-01 -1.505500000000000171e-01
3.236800000000000122e+00 7.822000000000000064e-01 -1.309000000000000163e-01 -1.484000000000000041e-01
3.400500000000000078e+00 7.822000000000000064e-01 -1.295999999999999930e-01 -1.402500000000000135e-01
3.564099999999999824e+00 7.822000000000000064e-01 -1.270499999999999963e-01 -1.413000000000000089e-01
3.727799999999999780e+00 7.822000000000000064e-01 -1.262000000000000066e-01 -1.476999999999999980e-01
3.891399999999999970e+00 7.822000000000000064e-01 -1.212499999999999967e-01 -1.704999999999999849e-01
4.055100000000000371e+00 7.822000000000000064e-01 -1.117000000000000076e-01 -1.859999999999999987e-01
4.218700000000000117e+00 7.822000000000000064e-01 -1.040000000000000091e-01 -2.001000000000000001e-01
4.382299999999999862e+00 7.822000000000000064e-01 -1.048000000000000043e-01 -2.045500000000000096e-01
4.546000000000000263e+00 7.822000000000000064e-01 -1.070000000000000118e-01 -1.949500000000000122e-01
4.709600000000000009e+00 7.822000000000000064e-01 -1.076000000000000012e-01 -2.008000000000000063e-01
4.873300000000000409e+00 7.822000000000000064e-01 -1.050500000000000045e-01 -2.001000000000000001e-01
5.036900000000000155e+00 7.822000000000000064e-01 -9.154999999999999249e-02 -2.204000000000000126e-01
5.200599999999999667e+00 7.822000000000000064e-01 -8.884999999999999842e-02 -2.356499999999999984e-01
5.364200000000000301e+00 7.822000000000000064e-01 -9.140000000000000902e-02 -2.321499999999999952e-01
5.527800000000000047e+00 7.822000000000000064e-01 -8.304999999999999882e-02 -1.923499999999999932e-01
5.691499999999999559e+00 7.822000000000000064e-01 -9.579999999999999627e-02 -2.536500000000000421e-01
5.855100000000000193e+00 7.822000000000000064e-01 -9.594999999999999363e-02 -2.812000000000000055e-01
6.018799999999999706e+00 7.822000000000000064e-01 -1.066499999999999948e-01 -3.112000000000000322e-01
6.182400000000000340e+00 7.822000000000000064e-01 -1.034500000000000003e-01 -3.075499999999999901e-01
6.346099999999999852e+00 7.822000000000000064e-01 -1.068999999999999950e-01 -2.956999999999999629e-01
6.509699999999999598e+00 7.822000000000000064e-01 -1.062499999999999972e-01 -2.784499999999999753e-01
6.673300000000000232e+00 7.822000000000000064e-01 -1.257000000000000062e-01 -2.939000000000000501e-01
6.836999999999999744e+00 7.822000000000000064e-01 -1.275000000000000022e-01 -2.988999999999999990e-01
7.000600000000000378e+00 7.822000000000000064e-01 -1.464499999999999968e-01 -3.108500000000000152e-01
7.164299999999999891e+00 7.822000000000000064e-01 -1.957499999999999796e-01 -3.732499999999999707e-01
7.327899999999999636e+00 7.822000000000000064e-01 -2.042499999999999871e-01 -3.564999999999999836e-01
1.275999999999999912e-01 6.186000000000000387e-01 -4.589999999999999636e-02 -7.649999999999999856e-02
2.913000000000000034e-01 6.186000000000000387e-01 -5.515000000000000457e-02 -1.009000000000000036e-01
4.549000000000000266e-01 6.186000000000000387e-01 -4.850000000000000144e-02 -1.019499999999999990e-01
6.186000000000000387e-01 6.186000000000000387e-01 -5.459999999999999576e-02 -1.130499999999999977e-01
7.822000000000000064e-01 6.186000000000000387e-01 -6.934999999999999498e-02 -1.283499999999999919e-01
9.458999999999999631e-01 6.186000000000000387e-01 -6.659999999999999254e-02 -1.265999999999999903e-01
1.109499999999999931e+00 6.186000000000000387e-01 -7.339999999999999303e-02 -1.359500000000000153e-01
1.273099999999999898e+00 6.186000000000000387e-01 -8.014999999999999902e-02 -1.366499999999999937e-01
1.436800000000000077e+00 6.186000000000000387e-01 -8.999999999999999667e-02 -1.483499999999999819e-01
1.600400000000000045e+00 6.186000000000000387e-01 -9.629999999999999671e-02 -1.582999999999999963e-01
1.764100000000000001e+00 6.186000000000000387e-01 -1.067499999999999977e-01 -1.630999999999999950e-01
1.927699999999999969e+00 6.186000000000000387e-01 -1.077500000000000124e-01 -1.663499999999999979e-01
2.091400000000000148e+00 6.186000000000000387e-01 -1.121499999999999997e-01 -1.698999999999999955e-01
2.254999999999999893e+00 6.186000000000000387e-01 -1.193499999999999978e-01 -1.747000000000000219e-01
2.418600000000000083e+00 6.186000000000000387e-01 -1.203500000000000125e-01 -1.677000000000000157e-01
2.582300000000000040e+00 6.186000000000000387e-01 -1.388500000000000012e-01 -1.589499999999999802e-01
2.745899999999999785e+00 6.186000000000000387e-01 -1.408500000000000030e-01 -1.567500000000000004e-01
2.909600000000000186e+00 6.186000000000000387e-01 -1.421999999999999931e-01 -1.572999999999999954e-01
3.073199999999999932e+00 6.186000000000000387e-01 -1.325500000000000012e-01 -1.722500000000000142e-01
3.236800000000000122e+00 6.186000000000000387e-01 -1.332499999999999796e-01 -1.711499999999999966e-01
3.400500000000000078e+00 6.186000000000000387e-01 -1.334499999999999853e-01 -1.674499999999999877e-01
3.564099999999999824e+00 6.186000000000000387e-01 -1.229999999999999982e-01 -1.879500000000000060e-01
3.727799999999999780e+00 6.186000000000000387e-01 -1.227499999999999980e-01 -1.970000000000000084e-01
3.891399999999999970e+00 6.186000000000000387e-01 -1.153500000000000081e-01 -2.066000000000000059e-01
4.055100000000000371e+00 6.186000000000000387e-01 -1.154000000000000026e-01 -2.124000000000000055e-01
4.218700000000000117e+00 6.186000000000000387e-01 -1.047000000000000014e-01 -2.132000000000000006e-01
4.382299999999999862e+00 6.186000000000000387e-01 -9.915000000000000202e-02 -2.125500000000000167e-01
4.546000000000000263e+00 6.186000000000000387e-01 -1.060500000000000054e-01 -1.890000000000000013e-01
4.709600000000000009e+00 6.186000000000000387e-01 -1.017500000000000071e-01 -2.361000000000000321e-01
4.873300000000000409e+00 6.186000000000000387e-01 -9.704999999999999738e-02 -2.434499999999999997e-01
5.036900000000000155e+00 6.186000000000000387e-01 -8.855000000000000371e-02 -2.408500000000000085e-01
5.200599999999999667e+00 6.186000000000000387e-01 -8.035000000000000475e-02 -2.328999999999999959e-01
5.364200000000000301e+00 6.186000000000000387e-01 -8.204999999999999793e-02 -2.110500000000000154e-01
5.527800000000000047e+00 6.186000000000000387e-01 -8.945000000000000173e-02 -1.979000000000000203e-01
5.691499999999999559e+00 6.186000000000000387e-01 -9.634999999999999121e-02 -2.878999999999999893e-01
5.855100000000000193e+00 6.186000000000000387e-01 -8.315000000000000169e-02 -2.903000000000000025e-01
6.018799999999999706e+00 6.186000000000000387e-01 -9.165000000000000924e-02 -3.133000000000000229e-01
6.182400000000000340e+00 6.186000000000000387e-01 -9.040000000000000813e-02 -2.773499999999999854e-01
6.346099999999999852e+00 6.186000000000000387e-01 -8.459999999999999465e-02 -2.779499999999999749e-01
6.509699999999999598e+00 6.186000000000000387e-01 -9.185000000000000109e-02 -2.891000000000000236e-01
6.673300000000000232e+00 6.186000000000000387e-01 -1.099499999999999922e-01 -3.158999999999999586e-01
6.836999999999999744e+00 6.186000000000000387e-01 -1.191500000000000059e-01 -3.136499999999999844e-01
7.000600000000000378e+00 6.186000000000000387e-01 -1.149999999999999911e-01 -3.191999999999999837e-01
7.164299999999999891e+00 6.186000000000000387e-01 -1.708999999999999964e-01 -4.007999999999999896e-01
7.327899999999999636e+00 6.186000000000000387e-01 -1.891499999999999848e-01 -4.043499999999999872e-01
1.275999999999999912e-01 4.549000000000000266e-01 -2.980000000000000010e-02 -4.839999999999999858e-02
2.913000000000000034e-01 4.549000000000000266e-01 -3.160000000000000309e-02 -4.794999999999999957e-02
4.549000000000000266e-01 4.549000000000000266e-01 -3.615000000000000158e-02 -7.125000000000000777e-02
6.186000000000000387e-01 4.549000000000000266e-01 -3.244999999999999968e-02 -4.914999999999999925e-02
7.822000000000000064e-01 4.549000000000000266e-01 -4.680000000000000132e-02 -9.699999999999998901e-02
9.458999999999999631e-01 4.549000000000000266e-01 -5.240000000000000213e-02 -1.039500000000000007e-01
1.109499999999999931e+00 4.549000000000000266e-01 -6.329999999999999516e-02 -1.468500000000000083e-01
1.273099999999999898e+00 4.549000000000000266e-01 -7.495000000000000273e-02 -1.536500000000000088e-01
1.436800000000000077e+00 4.549000000000000266e-01 -7.710000000000000187e-02 -1.473499999999999810e-01
1.600400000000000045e+00 4.549000000000000266e-01 -8.824999999999999512e-02 -1.694999999999999840e-01
1.764100000000000001e+00 4.549000000000000266e-01 -1.050500000000000045e-01 -1.723999999999999977e-01
1.927699999999999969e+00 4.549000000000000266e-01 -9.464999999999999802e-02 -1.592999999999999972e-01
2.091400000000000148e+00 4.549000000000000266e-01 -1.123000000000000109e-01 -1.661500000000000199e-01
2.254999999999999893e+00 4.549000000000000266e-01 -1.156999999999999973e-01 -1.802500000000000213e-01
2.418600000000000083e+00 4.549000000000000266e-01 -1.189999999999999947e-01 -1.846500000000000086e-01
2.582300000000000040e+00 4.549000000000000266e-01 -1.231500000000000095e-01 -1.743000000000000105e-01
2.745899999999999785e+00 4.549000000000000266e-01 -1.371499999999999941e-01 -1.637000000000000122e-01
2.909600000000000186e+00 4.549000000000000266e-01 -1.456000000000000072e-01 -1.651500000000000190e-01
3.073199999999999932e+00 4.549000000000000266e-01 -1.425500000000000100e-01 -1.748000000000000109e-01
3.236800000000000122e+00 4.549000000000000266e-01 -1.381499999999999950e-01 -1.843000000000000194e-01
3.400500000000000078e+00 4.549000000000000266e-01 -1.308499999999999941e-01 -1.819500000000000006e-01
3.564099999999999824e+00 4.549000000000000266e-01 -1.222000000000000031e-01 -2.096000000000000085e-01
3.727799999999999780e+00 4.549000000000000266e-01 -1.206499999999999934e-01 -2.137499999999999956e-01
3.891399999999999970e+00 4.549000000000000266e-01 -1.162999999999999867e-01 -2.041999999999999926e-01
4.055100000000000371e+00 4.549000000000000266e-01 -1.156000000000000083e-01 -2.000500000000000056e-01
4.218700000000000117e+00 4.549000000000000266e-01 -1.103500000000000036e-01 -1.920000000000000040e-01
4.382299999999999862e+00 4.549000000000000266e-01 -1.035999999999999976e-01 -2.086999999999999966e-01
4.546000000000000263e+00 4.549000000000000266e-01 -1.036499999999999921e-01 -2.113499999999999823e-01
4.709600000000000009e+00 4.549000000000000266e-01 -9.589999999999999913e-02 -2.530000000000000027e-01
4.873300000000000409e+00 4.549000000000000266e-01 -9.550000000000000155e-02 -2.664500000000000202e-01
5.036900000000000155e+00 4.549000000000000266e-01 -9.604999999999999649e-02 -2.884999999999999787e-01
5.200599999999999667e+00 4.549000000000000266e-01 -8.584999999999999576e-02 -3.011000000000000343e-01
5.364200000000000301e+00 4.549000000000000266e-01 -8.854999999999998983e-02 -2.436500000000000055e-01
5.527800000000000047e+00 4.549000000000000266e-01 -7.860000000000000320e-02 -2.498000000000000220e-01
5.691499999999999559e+00 4.549000000000000266e-01 -7.710000000000000187e-02 -2.797000000000000042e-01
5.855100000000000193e+00 4.549000000000000266e-01 -6.295000000000000595e-02 -3.049499999999999988e-01
6.018799999999999706e+00 4.549000000000000266e-01 -6.784999999999999365e-02 -3.056499999999999773e-01
6.182400000000000340e+00 4.549000000000000266e-01 -7.139999999999999125e-02 -2.208499999999999908e-01
6.346099999999999852e+00 4.549000000000000266e-01 -8.425000000000000544e-02 -2.895999999999999686e-01
6.509699999999999598e+00 4.549000000000000266e-01 -9.270000000000000462e-02 -3.105499999999999927e-01
6.673300000000000232e+00 4.549000000000000266e-01 -1.001500000000000029e-01 -3.146499999999999853e-01
6.836999999999999744e+00 4.549000000000000266e-01 -9.990000000000000269e-02 -3.035999999999999810e-01
7.000600000000000378e+00 4.549000000000000266e-01 -1.184000000000000052e-01 -2.952000000000000179e-01
7.164299999999999891e+00 4.549000000000000266e-01 -1.333000000000000018e-01 -3.051500000000000323e-01
7.327899999999999636e+00 4.549000000000000266e-01 -1.671000000000000263e-01 -4.043499999999999872e-01
1.275999999999999912e-01 2.913000000000000034e-01 -1.940000000000000058e-02 8.350000000000001518e-03
2.913000000000000034e-01 2.913000000000000034e-01 -1.634999999999999995e-02 2.950000000000001232e-03
4.549000000000000266e-01 2.913000000000000034e-01 -2.549999999999999836e-02 -3.625000000000000444e-02
6.186000000000000387e-01 2.913000000000000034e-01 -1.324999999999999963e-02 -3.249999999999999417e-03
7.822000000000000064e-01 2.913000000000000034e-01 -1.770000000000000046e-02 -5.000000000000000104e-03
9.458999999999999631e-01 2.913000000000000034e-01 -4.240000000000000019e-02 -5.244999999999999662e-02
1.109499999999999931e+00 2.913000000000000034e-01 -5.015000000000000013e-02 -1.057000000000000023e-01
1.273099999999999898e+00 2.913000000000000034e-01 -6.825000000000000511e-02 -1.393000000000000071e-01
1.436800000000000077e+00 2.913000000000000034e-01 -7.074999999999999345e-02 -1.062000000000000027e-01
1.600400000000000045e+00 2.913000000000000034e-01 -8.100000000000000255e-02 -1.567000000000000060e-01
1.764100000000000001e+00 2.913000000000000034e-01 -9.139999999999999514e-02 -1.649499999999999855e-01
1.927699999999999969e+00 2.913000000000000034e-01 -8.669999999999999929e-02 -1.395500000000000074e-01
2.091400000000000148e+00 2.913000000000000034e-01 -8.849999999999999534e-02 -1.424999999999999878e-01
2.254999999999999893e+00 2.913000000000000034e-01 -1.103500000000000036e-01 -1.761999999999999955e-01
2.418600000000000083e+00 2.913000000000000034e-01 -1.241499999999999965e-01 -1.796500000000000041e-01
2.582300000000000040e+00 2.913000000000000034e-01 -1.174999999999999933e-01 -1.796999999999999986e-01
2.745899999999999785e+00 2.913000000000000034e-01 -1.186500000000000055e-01 -1.837500000000000244e-01
2.909600000000000186e+00 2.913000000000000034e-01 -1.177499999999999936e-01 -1.920499999999999985e-01
3.073199999999999932e+00 2.913000000000000034e-01 -1.237000000000000044e-01 -2.039000000000000257e-01
3.236800000000000122e+00 2.913000000000000034e-01 -1.277500000000000024e-01 -1.993000000000000049e-01
3.400500000000000078e+00 2.913000000000000034e-01 -1.328000000000000014e-01 -1.839000000000000079e-01
3.564099999999999824e+00 2.913000000000000034e-01 -1.310999999999999943e-01 -1.966999999999999860e-01
3.727799999999999780e+00 2.913000000000000034e-01 -1.231500000000000095e-01 -2.097499999999999920e-01
3.891399999999999970e+00 2.913000000000000034e-01 -1.071999999999999897e-01 -2.328000000000000069e-01
4.055100000000000371e+00 2.913000000000000034e-01 -1.098500000000000032e-01 -2.158999999999999808e-01
4.218700000000000117e+00 2.913000000000000034e-01 -1.123999999999999999e-01 -2.078500000000000070e-01
4.382299999999999862e+00 2.913000000000000034e-01 -9.965000000000000246e-02 -2.456000000000000127e-01
4.546000000000000263e+00 2.913000000000000034e-01 -1.039500000000000007e-01 -2.149999999999999967e-01
4.709600000000000009e+00 2.913000000000000034e-01 -9.429999999999999494e-02 -2.674499999999999655e-01
4.873300000000000409e+00 2.913000000000000034e-01 -9.049999999999999711e-02 -2.584000000000000186e-01
5.036900000000000155e+00 2.913000000000000034e-01 -1.037500000000000089e-01 -2.562999999999999723e-01
5.200599999999999667e+00 2.913000000000000034e-01 -8.945000000000000173e-02 -2.978000000000000091e-01
5.364200000000000301e+00 2.913000000000000034e-01 -8.740000000000000546e-02 -2.528500000000000192e-01
5.527800000000000047e+00 2.913000000000000034e-01 -8.549999999999999267e-02 -2.613999999999999657e-01
5.691499999999999559e+00 2.913000000000000034e-01 -6.275000000000000022e-02 -2.513999999999999568e-01
5.855100000000000193e+00 2.913000000000000034e-01 -6.784999999999999365e-02 -3.109500000000000042e-01
6.018799999999999706e+00 2.913000000000000034e-01 -7.090000000000000469e-02 -3.105999999999999872e-01
6.182400000000000340e+00 2.913000000000000034e-01 -5.480000000000000149e-02 -1.978000000000000036e-01
6.346099999999999852e+00 2.913000000000000034e-01 -4.245000000000000162e-02 -1.798500000000000099e-01
6.509699999999999598e+00 2.913000000000000034e-01 -7.564999999999999503e-02 -3.296000000000000041e-01
6.673300000000000232e+00 2.913000000000000034e-01 -1.037000000000000005e-01 -2.882000000000000117e-01
6.836999999999999744e+00 2.913000000000000034e-01 -1.147999999999999993e-01 -3.003000000000000114e-01
7.000600000000000378e+00 2.913000000000000034e-01 -1.205999999999999989e-01 -3.063500000000000112e-01
7.164299999999999891e+00 2.913000000000000034e-01 -1.265499999999999958e-01 -3.081499999999999795e-01
7.327899999999999636e+00 2.913000000000000034e-01 -1.313500000000000223e-01 -3.103500000000000147e-01
1.275999999999999912e-01 1.275999999999999912e-01 -1.165000000000000063e-02 -1.515000000000000027e-02
2.913000000000000034e-01 1.275999999999999912e-01 -1.769999999999999699e-02 6.649999999999996192e-03
4.549000000000000266e-01 1.275999999999999912e-01 -2.364999999999999741e-02 -1.499999999999999598e-04
6.186000000000000387e-01 1.275999999999999912e-01 -1.665000000000000160e-02 3.874999999999999972e-02
7.822000000000000064e-01 1.275999999999999912e-01 -1.890000000000000013e-02 4.245000000000000162e-02
9.458999999999999631e-01 1.275999999999999912e-01 -1.959999999999999937e-02 2.189999999999999933e-02
1.109499999999999931e+00 1.275999999999999912e-01 -2.490000000000000199e-02 3.800000000000000426e-03
1.273099999999999898e+00 1.275999999999999912e-01 -3.244999999999999968e-02 -1.050000000000000065e-02
1.436800000000000077e+00 1.275999999999999912e-01 -4.750000000000000056e-02 -3.674999999999999795e-02
1.600400000000000045e+00 1.275999999999999912e-01 -5.310000000000000137e-02 -4.579999999999999349e-02
1.764100000000000001e+00 1.275999999999999912e-01 -6.124999999999999889e-02 -5.529999999999999499e-02
1.927699999999999969e+00 1.275999999999999912e-01 -6.809999999999999387e-02 -7.685000000000000164e-02
2.091400000000000148e+00 1.275999999999999912e-01 -7.889999999999999791e-02 -1.074000000000000093e-01
2.254999999999999893e+00 1.275999999999999912e-01 -1.121000000000000052e-01 -1.503500000000000114e-01
2.418600000000000083e+00 1.275999999999999912e-01 -1.195500000000000035e-01 -1.538499999999999868e-01
2.582300000000000040e+00 1.275999999999999912e-01 -1.242000000000000048e-01 -1.562500000000000000e-01
2.745899999999999785e+00 1.275999999999999912e-01 -1.313000000000000000e-01 -1.572000000000000064e-01
2.909600000000000186e+00 1.275999999999999912e-01 -1.080500000000000071e-01 -1.443000000000000116e-01
3.073199999999999932e+00 1.275999999999999912e-01 -1.152500000000000052e-01 -1.675500000000000045e-01
3.236800000000000122e+00 1.275999999999999912e-01 -1.361999999999999877e-01 -1.923500000000000210e-01
3.400500000000000078e+00 1.275999999999999912e-01 -1.349499999999999866e-01 -1.885999999999999899e-01
3.564099999999999824e+00 1.275999999999999912e-01 -1.175999999999999962e-01 -1.935999999999999943e-01
3.727799999999999780e+00 1.275999999999999912e-01 -1.169999999999999929e-01 -2.101000000000000090e-01
3.891399999999999970e+00 1.275999999999999912e-01 -9.954999999999999960e-02 -2.331499999999999684e-01
4.055100000000000371e+00 1.275999999999999912e-01 -9.595000000000000751e-02 -2.278999999999999915e-01
4.218700000000000117e+00 1.275999999999999912e-01 -1.013499999999999956e-01 -2.462999999999999912e-01
4.382299999999999862e+00 1.275999999999999912e-01 -1.029000000000000054e-01 -2.497999999999999943e-01
4.546000000000000263e+00 1.275999999999999912e-01 -1.087499999999999994e-01 -2.142499999999999960e-01
4.709600000000000009e+00 1.275999999999999912e-01 -1.035999999999999976e-01 -2.133499999999999841e-01
4.873300000000000409e+00 1.275999999999999912e-01 -9.349999999999999978e-02 -2.389000000000000012e-01
5.036900000000000155e+00 1.275999999999999912e-01 -1.045999999999999985e-01 -2.411499999999999755e-01
5.200599999999999667e+00 1.275999999999999912e-01 -9.600000000000000200e-02 -2.701000000000000068e-01
5.364200000000000301e+00 1.275999999999999912e-01 -8.895000000000000129e-02 -2.590000000000000080e-01
5.527800000000000047e+00 1.275999999999999912e-01 -7.500000000000001110e-02 -1.718999999999999972e-01
5.691499999999999559e+00 1.275999999999999912e-01 -7.875000000000000056e-02 -2.595999999999999974e-01
5.855100000000000193e+00 1.275999999999999912e-01 -8.224999999999998979e-02 -2.666499999999999981e-01
6.018799999999999706e+00 1.275999999999999912e-01 -7.674999999999999878e-02 -2.654500000000000193e-01
6.182400000000000340e+00 1.275999999999999912e-01 -4.424999999999999767e-02 -1.765500000000000125e-01
6.346099999999999852e+00 1.275999999999999912e-01 -8.225000000000000366e-02 -2.768999999999999795e-01
6.509699999999999598e+00 1.275999999999999912e-01 -8.840000000000000635e-02 -2.787499999999999978e-01
6.673300000000000232e+00 1.275999999999999912e-01 -9.704999999999999738e-02 -2.831500000000000128e-01
6.836999999999999744e+00 1.275999999999999912e-01 -5.330000000000000016e-02 -1.614000000000000157e-01
7.000600000000000378e+00 1.275999999999999912e-01 -1.130000000000000032e-01 -3.033000000000000140e-01
7.164299999999999891e+00 1.275999999999999912e-01 -1.181500000000000050e-01 -3.035499999999999865e-01
7.327899999999999636e+00 1.275999999999999912e-01 -6.125000000000000583e-02 -1.283500000000000196e-01
