  0.1276	  1.9277	  0.1077	  0.0340	  0.0000
  0.2913	  1.9277	  0.1067	  0.0404	  0.0000
  0.4549	  1.9277	  0.0990	  0.0392	  0.0000
  0.6186	  1.9277	  0.1079	  0.0410	  0.0000
  0.7822	  1.9277	  0.0883	  0.0432	  0.0000
  0.9459	  1.9277	  0.0957	  0.0514	  0.0000
  1.1095	  1.9277	  0.0896	  0.0492	  0.0000
  1.2731	  1.9277	  0.0831	  0.0595	  0.0000
  1.4368	  1.9277	  0.0802	  0.0625	  0.0000
  1.6004	  1.9277	  0.0748	  0.0634	  0.0000
  1.7641	  1.9277	  0.0750	  0.0744	  0.0000
  1.9277	  1.9277	  0.0750	  0.0819	  0.0000
  2.0914	  1.9277	  0.0711	  0.0870	  0.0000
  2.2550	  1.9277	  0.0693	  0.0916	  0.0000
  2.4186	  1.9277	  0.0673	  0.0964	  0.0000
  2.5823	  1.9277	  0.0654	  0.1024	  0.0000
  2.7459	  1.9277	  0.0628	  0.1091	  0.0000
  2.9096	  1.9277	  0.0606	  0.1138	  0.0000
  3.0732	  1.9277	  0.0503	  0.1168	  0.0000
  3.2368	  1.9277	  0.0542	  0.1190	  0.0000
  3.4005	  1.9277	  0.0590	  0.1223	  0.0000
  3.5641	  1.9277	  0.0573	  0.1326	  0.0000
  3.7278	  1.9277	  0.0609	  0.1509	  0.0000
  3.8914	  1.9277	  0.0511	  0.1495	  0.0000
  4.0551	  1.9277	  0.0411	  0.1493	  0.0000
  4.2187	  1.9277	  0.0530	  0.1427	  0.0000
  4.3823	  1.9277	  0.0482	  0.1542	  0.0000
  4.5460	  1.9277	  0.0523	  0.1599	  0.0000
  4.7096	  1.9277	  0.0423	  0.1607	  0.0000
  4.8733	  1.9277	  0.0492	  0.1625	  0.0000
  5.0369	  1.9277	  0.0623	  0.1667	  0.0000
  5.2006	  1.9277	  0.0501	  0.1662	  0.0000
  5.3642	  1.9277	  0.0539	  0.1871	  0.0000
  5.5278	  1.9277	  0.0593	  0.1885	  0.0000
  5.6915	  1.9277	  0.0650	  0.1943	  0.0000
  5.8551	  1.9277	  0.0600	  0.1936	  0.0000
  6.0188	  1.9277	  0.0567	  0.1946	  0.0000
  6.1824	  1.9277	  0.0675	  0.2082	  0.0000
  6.3461	  1.9277	  0.0592	  0.1979	  0.0000
  6.5097	  1.9277	  0.0778	  0.2066	  0.0000
  6.6733	  1.9277	  0.0796	  0.2201	  0.0000
  6.8370	  1.9277	  0.0925	  0.2037	  0.0000
  7.0006	  1.9277	  0.0892	  0.1855	  0.0000
  7.1643	  1.9277	  0.0971	  0.1705	  0.0000
  7.3279	  1.9277	  0.1050	  0.1900	  0.0000
  0.1276	  1.7641	  0.1125	  0.0497	  0.0000
  0.2913	  1.7641	  0.1106	  0.0551	  0.0000
  0.4549	  1.7641	  0.1004	  0.0514	  0.0000
  0.6186	  1.7641	  0.0974	  0.0551	  0.0000
  0.7822	  1.7641	  0.1025	  0.0618	  0.0000
  0.9459	  1.7641	  0.0925	  0.0640	  0.0000
  1.1095	  1.7641	  0.0841	  0.0665	  0.0000
  1.2731	  1.7641	  0.0822	  0.0728	  0.0000
  1.4368	  1.7641	  0.0806	  0.0746	  0.0000
  1.6004	  1.7641	  0.0733	  0.0763	  0.0000
  1.7641	  1.7641	  0.0702	  0.0892	  0.0000
  1.9277	  1.7641	  0.0685	  0.0980	  0.0000
  2.0914	  1.7641	  0.0626	  0.1058	  0.0000
  2.2550	  1.7641	  0.0609	  0.1101	  0.0000
  2.4186	  1.7641	  0.0644	  0.1107	  0.0000
  2.5823	  1.7641	  0.0618	  0.1182	  0.0000
  2.7459	  1.7641	  0.0560	  0.1313	  0.0000
  2.9096	  1.7641	  0.0509	  0.1422	  0.0000
  3.0732	  1.7641	  0.0420	  0.1314	  0.0000
  3.2368	  1.7641	  0.0549	  0.1492	  0.0000
  3.4005	  1.7641	  0.0475	  0.1506	  0.0000
  3.5641	  1.7641	  0.0526	  0.1589	  0.0000
  3.7278	  1.7641	  0.0516	  0.1637	  0.0000
  3.8914	  1.7641	  0.0436	  0.1734	  0.0000
  4.0551	  1.7641	  0.0426	  0.1772	  0.0000
  4.2187	  1.7641	  0.0355	  0.1789	  0.0000
  4.3823	  1.7641	  0.0416	  0.1767	  0.0000
  4.5460	  1.7641	  0.0430	  0.1848	  0.0000
  4.7096	  1.7641	  0.0356	  0.1866	  0.0000
  4.8733	  1.7641	  0.0365	  0.1928	  0.0000
  5.0369	  1.7641	  0.0466	  0.2004	  0.0000
  5.2006	  1.7641	  0.0438	  0.2040	  0.0000
  5.3642	  1.7641	  0.0412	  0.2185	  0.0000
  5.5278	  1.7641	  0.0466	  0.2231	  0.0000
  5.6915	  1.7641	  0.0538	  0.2301	  0.0000
  5.8551	  1.7641	  0.0522	  0.2157	  0.0000
  6.0188	  1.7641	  0.0557	  0.2536	  0.0000
  6.1824	  1.7641	  0.0672	  0.2530	  0.0000
  6.3461	  1.7641	  0.0609	  0.2202	  0.0000
  6.5097	  1.7641	  0.0672	  0.2212	  0.0000
  6.6733	  1.7641	  0.0905	  0.2465	  0.0000
  6.8370	  1.7641	  0.0765	  0.2341	  0.0000
  7.0006	  1.7641	  0.0851	  0.2417	  0.0000
  7.1643	  1.7641	  0.0885	  0.2358	  0.0000
  7.3279	  1.7641	  0.1090	  0.2281	  0.0000
  0.1276	  1.6004	  0.1141	  0.0649	  0.0000
  0.2913	  1.6004	  0.1143	  0.0678	  0.0000
  0.4549	  1.6004	  0.0946	  0.0710	  0.0000
  0.6186	  1.6004	  0.0988	  0.0732	  0.0000
  0.7822	  1.6004	  0.0929	  0.0771	  0.0000
  0.9459	  1.6004	  0.0816	  0.0730	  0.0000
  1.1095	  1.6004	  0.0758	  0.0824	  0.0000
  1.2731	  1.6004	  0.0759	  0.0890	  0.0000
  1.4368	  1.6004	  0.0754	  0.0930	  0.0000
  1.6004	  1.6004	  0.0699	  0.0995	  0.0000
  1.7641	  1.6004	  0.0674	  0.1084	  0.0000
  1.9277	  1.6004	  0.0633	  0.1145	  0.0000
  2.0914	  1.6004	  0.0590	  0.1176	  0.0000
  2.2550	  1.6004	  0.0572	  0.1200	  0.0000
  2.4186	  1.6004	  0.0538	  0.1308	  0.0000
  2.5823	  1.6004	  0.0517	  0.1451	  0.0000
  2.7459	  1.6004	  0.0481	  0.1542	  0.0000
  2.9096	  1.6004	  0.0520	  0.1525	  0.0000
  3.0732	  1.6004	  0.0471	  0.1630	  0.0000
  3.2368	  1.6004	  0.0467	  0.1670	  0.0000
  3.4005	  1.6004	  0.0446	  0.1681	  0.0000
  3.5641	  1.6004	  0.0449	  0.1817	  0.0000
  3.7278	  1.6004	  0.0457	  0.1903	  0.0000
  3.8914	  1.6004	  0.0411	  0.1851	  0.0000
  4.0551	  1.6004	  0.0370	  0.2000	  0.0000
  4.2187	  1.6004	  0.0294	  0.2042	  0.0000
  4.3823	  1.6004	  0.0327	  0.2084	  0.0000
  4.5460	  1.6004	  0.0368	  0.2172	  0.0000
  4.7096	  1.6004	  0.0362	  0.2284	  0.0000
  4.8733	  1.6004	  0.0324	  0.2288	  0.0000
  5.0369	  1.6004	  0.0445	  0.2294	  0.0000
  5.2006	  1.6004	  0.0380	  0.2430	  0.0000
  5.3642	  1.6004	  0.0436	  0.2635	  0.0000
  5.5278	  1.6004	  0.0471	  0.2581	  0.0000
  5.6915	  1.6004	  0.0466	  0.2641	  0.0000
  5.8551	  1.6004	  0.0410	  0.2731	  0.0000
  6.0188	  1.6004	  0.0470	  0.2827	  0.0000
  6.1824	  1.6004	  0.0640	  0.2951	  0.0000
  6.3461	  1.6004	  0.0649	  0.2887	  0.0000
  6.5097	  1.6004	  0.0699	  0.2793	  0.0000
  6.6733	  1.6004	  0.0759	  0.2841	  0.0000
  6.8370	  1.6004	  0.0892	  0.2529	  0.0000
  7.0006	  1.6004	  0.0981	  0.2930	  0.0000
  7.1643	  1.6004	  0.1009	  0.2876	  0.0000
  7.3279	  1.6004	  0.1178	  0.2860	  0.0000
  0.1276	  1.4368	  0.1130	  0.0726	  0.0000
  0.2913	  1.4368	  0.1004	  0.0685	  0.0000
  0.4549	  1.4368	  0.0887	  0.0721	  0.0000
  0.6186	  1.4368	  0.0905	  0.0800	  0.0000
  0.7822	  1.4368	  0.0858	  0.0845	  0.0000
  0.9459	  1.4368	  0.0722	  0.0842	  0.0000
  1.1095	  1.4368	  0.0721	  0.0927	  0.0000
  1.2731	  1.4368	  0.0690	  0.1005	  0.0000
  1.4368	  1.4368	  0.0622	  0.1094	  0.0000
  1.6004	  1.4368	  0.0591	  0.1154	  0.0000
  1.7641	  1.4368	  0.0616	  0.1196	  0.0000
  1.9277	  1.4368	  0.0595	  0.1317	  0.0000
  2.0914	  1.4368	  0.0539	  0.1377	  0.0000
  2.2550	  1.4368	  0.0527	  0.1394	  0.0000
  2.4186	  1.4368	  0.0472	  0.1511	  0.0000
  2.5823	  1.4368	  0.0406	  0.1676	  0.0000
  2.7459	  1.4368	  0.0385	  0.1733	  0.0000
  2.9096	  1.4368	  0.0426	  0.1802	  0.0000
  3.0732	  1.4368	  0.0392	  0.1915	  0.0000
  3.2368	  1.4368	  0.0333	  0.2002	  0.0000
  3.4005	  1.4368	  0.0401	  0.2021	  0.0000
  3.5641	  1.4368	  0.0399	  0.2190	  0.0000
  3.7278	  1.4368	  0.0352	  0.2212	  0.0000
  3.8914	  1.4368	  0.0376	  0.2204	  0.0000
  4.0551	  1.4368	  0.0394	  0.2335	  0.0000
  4.2187	  1.4368	  0.0317	  0.2343	  0.0000
  4.3823	  1.4368	  0.0295	  0.2361	  0.0000
  4.5460	  1.4368	  0.0289	  0.2488	  0.0000
  4.7096	  1.4368	  0.0272	  0.2618	  0.0000
  4.8733	  1.4368	  0.0230	  0.2639	  0.0000
  5.0369	  1.4368	  0.0282	  0.2729	  0.0000
  5.2006	  1.4368	  0.0225	  0.2754	  0.0000
  5.3642	  1.4368	  0.0255	  0.2952	  0.0000
  5.5278	  1.4368	  0.0279	  0.2947	  0.0000
  5.6915	  1.4368	  0.0303	  0.2916	  0.0000
  5.8551	  1.4368	  0.0411	  0.3126	  0.0000
  6.0188	  1.4368	  0.0474	  0.3217	  0.0000
  6.1824	  1.4368	  0.0582	  0.3284	  0.0000
  6.3461	  1.4368	  0.0627	  0.3382	  0.0000
  6.5097	  1.4368	  0.0716	  0.3474	  0.0000
  6.6733	  1.4368	  0.0787	  0.3465	  0.0000
  6.8370	  1.4368	  0.0924	  0.3183	  0.0000
  7.0006	  1.4368	  0.0917	  0.3582	  0.0000
  7.1643	  1.4368	  0.0851	  0.3531	  0.0000
  7.3279	  1.4368	  0.1012	  0.3532	  0.0000
  0.1276	  1.2731	  0.0983	  0.0789	  0.0000
  0.2913	  1.2731	  0.0935	  0.0733	  0.0000
  0.4549	  1.2731	  0.0872	  0.0803	  0.0000
  0.6186	  1.2731	  0.0837	  0.0876	  0.0000
  0.7822	  1.2731	  0.0755	  0.0983	  0.0000
  0.9459	  1.2731	  0.0686	  0.0953	  0.0000
  1.1095	  1.2731	  0.0666	  0.1085	  0.0000
  1.2731	  1.2731	  0.0576	  0.1236	  0.0000
  1.4368	  1.2731	  0.0533	  0.1231	  0.0000
  1.6004	  1.2731	  0.0504	  0.1464	  0.0000
  1.7641	  1.2731	  0.0577	  0.1556	  0.0000
  1.9277	  1.2731	  0.0467	  0.1546	  0.0000
  2.0914	  1.2731	  0.0429	  0.1668	  0.0000
  2.2550	  1.2731	  0.0419	  0.1707	  0.0000
  2.4186	  1.2731	  0.0380	  0.1761	  0.0000
  2.5823	  1.2731	  0.0401	  0.1818	  0.0000
  2.7459	  1.2731	  0.0322	  0.1957	  0.0000
  2.9096	  1.2731	  0.0393	  0.1999	  0.0000
  3.0732	  1.2731	  0.0350	  0.2005	  0.0000
  3.2368	  1.2731	  0.0290	  0.2279	  0.0000
  3.4005	  1.2731	  0.0378	  0.2338	  0.0000
  3.5641	  1.2731	  0.0286	  0.2537	  0.0000
  3.7278	  1.2731	  0.0281	  0.2564	  0.0000
  3.8914	  1.2731	  0.0218	  0.2605	  0.0000
  4.0551	  1.2731	  0.0261	  0.2550	  0.0000
  4.2187	  1.2731	  0.0286	  0.2720	  0.0000
  4.3823	  1.2731	  0.0309	  0.2713	  0.0000
  4.5460	  1.2731	  0.0228	  0.2870	  0.0000
  4.7096	  1.2731	  0.0143	  0.2990	  0.0000
  4.8733	  1.2731	  0.0222	  0.3023	  0.0000
  5.0369	  1.2731	  0.0286	  0.3066	  0.0000
  5.2006	  1.2731	  0.0230	  0.3324	  0.0000
  5.3642	  1.2731	  0.0141	  0.3506	  0.0000
  5.5278	  1.2731	  0.0229	  0.3374	  0.0000
  5.6915	  1.2731	  0.0186	  0.3244	  0.0000
  5.8551	  1.2731	  0.0405	  0.3582	  0.0000
  6.0188	  1.2731	  0.0392	  0.3941	  0.0000
  6.1824	  1.2731	  0.0457	  0.3840	  0.0000
  6.3461	  1.2731	  0.0588	  0.3892	  0.0000
  6.5097	  1.2731	  0.0685	  0.4045	  0.0000
  6.6733	  1.2731	  0.0770	  0.4195	  0.0000
  6.8370	  1.2731	  0.0842	  0.4125	  0.0000
  7.0006	  1.2731	  0.0968	  0.4090	  0.0000
  7.1643	  1.2731	  0.1209	  0.4171	  0.0000
  7.3279	  1.2731	  0.1627	  0.3989	  0.0000
  0.1276	  1.1095	  0.1042	  0.0930	  0.0000
  0.2913	  1.1095	  0.0956	  0.0916	  0.0000
  0.4549	  1.1095	  0.0801	  0.0944	  0.0000
  0.6186	  1.1095	  0.0740	  0.1039	  0.0000
  0.7822	  1.1095	  0.0717	  0.1188	  0.0000
  0.9459	  1.1095	  0.0702	  0.1202	  0.0000
  1.1095	  1.1095	  0.0586	  0.1287	  0.0000
  1.2731	  1.1095	  0.0488	  0.1437	  0.0000
  1.4368	  1.1095	  0.0371	  0.1529	  0.0000
  1.6004	  1.1095	  0.0479	  0.1620	  0.0000
  1.7641	  1.1095	  0.0448	  0.1690	  0.0000
  1.9277	  1.1095	  0.0436	  0.1758	  0.0000
  2.0914	  1.1095	  0.0372	  0.1909	  0.0000
  2.2550	  1.1095	  0.0324	  0.2073	  0.0000
  2.4186	  1.1095	  0.0311	  0.2138	  0.0000
  2.5823	  1.1095	  0.0312	  0.2186	  0.0000
  2.7459	  1.1095	  0.0227	  0.2283	  0.0000
  2.9096	  1.1095	  0.0248	  0.2371	  0.0000
  3.0732	  1.1095	  0.0211	  0.2458	  0.0000
  3.2368	  1.1095	  0.0185	  0.2602	  0.0000
  3.4005	  1.1095	  0.0157	  0.2794	  0.0000
  3.5641	  1.1095	  0.0226	  0.2813	  0.0000
  3.7278	  1.1095	  0.0155	  0.2866	  0.0000
  3.8914	  1.1095	  0.0138	  0.2982	  0.0000
  4.0551	  1.1095	  0.0224	  0.3113	  0.0000
  4.2187	  1.1095	  0.0182	  0.3107	  0.0000
  4.3823	  1.1095	  0.0133	  0.3262	  0.0000
  4.5460	  1.1095	  0.0120	  0.3397	  0.0000
  4.7096	  1.1095	  0.0091	  0.3369	  0.0000
  4.8733	  1.1095	  0.0174	  0.3469	  0.0000
  5.0369	  1.1095	  0.0177	  0.3518	  0.0000
  5.2006	  1.1095	  0.0086	  0.3697	  0.0000
  5.3642	  1.1095	  0.0061	  0.3908	  0.0000
  5.5278	  1.1095	  0.0083	  0.4047	  0.0000
  5.6915	  1.1095	  0.0183	  0.4047	  0.0000
  5.8551	  1.1095	  0.0262	  0.4231	  0.0000
  6.0188	  1.1095	  0.0227	  0.4341	  0.0000
  6.1824	  1.1095	  0.0382	  0.4234	  0.0000
  6.3461	  1.1095	  0.0661	  0.4138	  0.0000
  6.5097	  1.1095	  0.0643	  0.4494	  0.0000
  6.6733	  1.1095	  0.0836	  0.4755	  0.0000
  6.8370	  1.1095	  0.0904	  0.4642	  0.0000
  7.0006	  1.1095	  0.1277	  0.4678	  0.0000
  7.1643	  1.1095	  0.1414	  0.5009	  0.0000
  7.3279	  1.1095	  0.1913	  0.4260	  0.0000
  0.1276	  0.9459	  0.0959	  0.1019	  0.0000
  0.2913	  0.9459	  0.0851	  0.1026	  0.0000
  0.4549	  0.9459	  0.0764	  0.1050	  0.0000
  0.6186	  0.9459	  0.0673	  0.1098	  0.0000
  0.7822	  0.9459	  0.0620	  0.1265	  0.0000
  0.9459	  0.9459	  0.0463	  0.1611	  0.0000
  1.1095	  0.9459	  0.0449	  0.1494	  0.0000
  1.2731	  0.9459	  0.0442	  0.1574	  0.0000
  1.4368	  0.9459	  0.0362	  0.1927	  0.0000
  1.6004	  0.9459	  0.0300	  0.2026	  0.0000
  1.7641	  0.9459	  0.0286	  0.1995	  0.0000
  1.9277	  0.9459	  0.0344	  0.2087	  0.0000
  2.0914	  0.9459	  0.0257	  0.2231	  0.0000
  2.2550	  0.9459	  0.0241	  0.2376	  0.0000
  2.4186	  0.9459	  0.0252	  0.2498	  0.0000
  2.5823	  0.9459	  0.0212	  0.2604	  0.0000
  2.7459	  0.9459	  0.0208	  0.2709	  0.0000
  2.9096	  0.9459	  0.0153	  0.2824	  0.0000
  3.0732	  0.9459	  0.0093	  0.2850	  0.0000
  3.2368	  0.9459	  0.0189	  0.2856	  0.0000
  3.4005	  0.9459	  0.0094	  0.3180	  0.0000
  3.5641	  0.9459	  0.0101	  0.3281	  0.0000
  3.7278	  0.9459	  0.0112	  0.3128	  0.0000
  3.8914	  0.9459	  0.0061	  0.3451	  0.0000
  4.0551	  0.9459	  0.0134	  0.3588	  0.0000
  4.2187	  0.9459	  0.0141	  0.3682	  0.0000
  4.3823	  0.9459	  0.0107	  0.3769	  0.0000
  4.5460	  0.9459	  0.0070	  0.3946	  0.0000
  4.7096	  0.9459	 -0.0001	  0.3924	  0.0000
  4.8733	  0.9459	 -0.0034	  0.4034	  0.0000
  5.0369	  0.9459	  0.0048	  0.4300	  0.0000
  5.2006	  0.9459	 -0.0066	  0.4277	  0.0000
  5.3642	  0.9459	 -0.0198	  0.4584	  0.0000
  5.5278	  0.9459	 -0.0126	  0.4773	  0.0000
  5.6915	  0.9459	  0.0008	  0.4940	  0.0000
  5.8551	  0.9459	  0.0195	  0.5003	  0.0000
  6.0188	  0.9459	 -0.0085	  0.5427	  0.0000
  6.1824	  0.9459	  0.0287	  0.5304	  0.0000
  6.3461	  0.9459	  0.0330	  0.5412	  0.0000
  6.5097	  0.9459	  0.0532	  0.5495	  0.0000
  6.6733	  0.9459	  0.0753	  0.5623	  0.0000
  6.8370	  0.9459	  0.0979	  0.5601	  0.0000
  7.0006	  0.9459	  0.1229	  0.5399	  0.0000
  7.1643	  0.9459	  0.1308	  0.5868	  0.0000
  7.3279	  0.9459	  0.1827	  0.5313	  0.0000
  0.1276	  0.7822	  0.0786	  0.1156	  0.0000
  0.2913	  0.7822	  0.0734	  0.1195	  0.0000
  0.4549	  0.7822	  0.0641	  0.1276	  0.0000
  0.6186	  0.7822	  0.0474	  0.1563	  0.0000
  0.7822	  0.7822	  0.0432	  0.1653	  0.0000
  0.9459	  0.7822	  0.0367	  0.1820	  0.0000
  1.1095	  0.7822	  0.0321	  0.1665	  0.0000
  1.2731	  0.7822	  0.0281	  0.1901	  0.0000
  1.4368	  0.7822	  0.0257	  0.2177	  0.0000
  1.6004	  0.7822	  0.0229	  0.2247	  0.0000
  1.7641	  0.7822	  0.0210	  0.2220	  0.0000
  1.9277	  0.7822	  0.0115	  0.2614	  0.0000
  2.0914	  0.7822	  0.0130	  0.2692	  0.0000
  2.2550	  0.7822	  0.0165	  0.2768	  0.0000
  2.4186	  0.7822	  0.0171	  0.2875	  0.0000
  2.5823	  0.7822	  0.0082	  0.2978	  0.0000
  2.7459	  0.7822	  0.0082	  0.3142	  0.0000
  2.9096	  0.7822	  0.0085	  0.3254	  0.0000
  3.0732	  0.7822	  0.0083	  0.3375	  0.0000
  3.2368	  0.7822	  0.0022	  0.3638	  0.0000
  3.4005	  0.7822	  0.0041	  0.3726	  0.0000
  3.5641	  0.7822	  0.0033	  0.3796	  0.0000
  3.7278	  0.7822	  0.0132	  0.3834	  0.0000
  3.8914	  0.7822	  0.0035	  0.4078	  0.0000
  4.0551	  0.7822	  0.0072	  0.4156	  0.0000
  4.2187	  0.7822	  0.0043	  0.4329	  0.0000
  4.3823	  0.7822	 -0.0060	  0.4509	  0.0000
  4.5460	  0.7822	 -0.0154	  0.4517	  0.0000
  4.7096	  0.7822	 -0.0048	  0.4393	  0.0000
  4.8733	  0.7822	 -0.0225	  0.4713	  0.0000
  5.0369	  0.7822	 -0.0176	  0.4973	  0.0000
  5.2006	  0.7822	 -0.0214	  0.5093	  0.0000
  5.3642	  0.7822	 -0.0287	  0.5216	  0.0000
  5.5278	  0.7822	 -0.0075	  0.5119	  0.0000
  5.6915	  0.7822	 -0.0151	  0.5479	  0.0000
  5.8551	  0.7822	 -0.0081	  0.5775	  0.0000
  6.0188	  0.7822	 -0.0084	  0.6091	  0.0000
  6.1824	  0.7822	  0.0096	  0.6032	  0.0000
  6.3461	  0.7822	  0.0329	  0.5516	  0.0000
  6.5097	  0.7822	  0.0579	  0.5683	  0.0000
  6.6733	  0.7822	  0.0809	  0.5907	  0.0000
  6.8370	  0.7822	  0.1156	  0.6110	  0.0000
  7.0006	  0.7822	 -0.0192	  0.5538	  1.0000
  7.1643	  0.7822	 -0.0242	  0.5496	  1.0000
  7.3279	  0.7822	  0.1514	  0.6600	  0.0000
  0.1276	  0.6186	  0.0721	  0.1311	  0.0000
  0.2913	  0.6186	  0.0625	  0.1280	  0.0000
  0.4549	  0.6186	  0.0386	  0.1476	  0.0000
  0.6186	  0.6186	  0.0410	  0.1720	  0.0000
  0.7822	  0.6186	  0.0233	  0.2049	  0.0000
  0.9459	  0.6186	  0.0283	  0.2058	  0.0000
  1.1095	  0.6186	  0.0190	  0.2116	  0.0000
  1.2731	  0.6186	  0.0136	  0.2288	  0.0000
  1.4368	  0.6186	  0.0176	  0.2672	  0.0000
  1.6004	  0.6186	  0.0169	  0.2940	  0.0000
  1.7641	  0.6186	  0.0073	  0.3019	  0.0000
  1.9277	  0.6186	  0.0018	  0.3023	  0.0000
  2.0914	  0.6186	  0.0038	  0.3136	  0.0000
  2.2550	  0.6186	  0.0029	  0.3300	  0.0000
  2.4186	  0.6186	  0.0058	  0.3344	  0.0000
  2.5823	  0.6186	 -0.0047	  0.3496	  0.0000
  2.7459	  0.6186	 -0.0042	  0.3602	  0.0000
  2.9096	  0.6186	 -0.0043	  0.3743	  0.0000
  3.0732	  0.6186	 -0.0098	  0.4036	  0.0000
  3.2368	  0.6186	 -0.0075	  0.4254	  0.0000
  3.4005	  0.6186	 -0.0115	  0.4382	  0.0000
  3.5641	  0.6186	 -0.0155	  0.4633	  0.0000
  3.7278	  0.6186	 -0.0009	  0.4746	  0.0000
  3.8914	  0.6186	 -0.0017	  0.4711	  0.0000
  4.0551	  0.6186	 -0.0045	  0.4877	  0.0000
  4.2187	  0.6186	 -0.0083	  0.5086	  0.0000
  4.3823	  0.6186	 -0.0191	  0.5199	  0.0000
  4.5460	  0.6186	 -0.0257	  0.5293	  0.0000
  4.7096	  0.6186	 -0.0528	  0.5817	  0.0000
  4.8733	  0.6186	 -0.0496	  0.5905	  0.0000
  5.0369	  0.6186	 -0.0430	  0.5700	  0.0000
  5.2006	  0.6186	 -0.0429	  0.5912	  0.0000
  5.3642	  0.6186	 -0.0321	  0.5690	  0.0000
  5.5278	  0.6186	 -0.0265	  0.5924	  0.0000
  5.6915	  0.6186	 -0.0304	  0.6334	  0.0000
  5.8551	  0.6186	 -0.0279	  0.6613	  0.0000
  6.0188	  0.6186	 -0.0229	  0.6330	  0.0000
  6.1824	  0.6186	  0.0102	  0.6100	  0.0000
  6.3461	  0.6186	 -0.0853	  0.6103	  1.0000
  6.5097	  0.6186	 -0.0783	  0.5991	  1.0000
  6.6733	  0.6186	  0.0384	  0.6741	  0.0000
  6.8370	  0.6186	  0.0984	  0.6488	  0.0000
  7.0006	  0.6186	  0.1248	  0.6736	  0.0000
  7.1643	  0.6186	  0.1518	  0.7042	  0.0000
  7.3279	  0.6186	  0.1746	  0.7217	  0.0000
  0.1276	  0.4549	  0.0687	  0.1211	  0.0000
  0.2913	  0.4549	  0.0365	  0.1502	  0.0000
  0.4549	  0.4549	  0.0283	  0.1749	  0.0000
  0.6186	  0.4549	  0.0235	  0.1957	  0.0000
  0.7822	  0.4549	  0.0073	  0.2193	  0.0000
  0.9459	  0.4549	  0.0086	  0.2459	  0.0000
  1.1095	  0.4549	  0.0106	  0.2861	  0.0000
  1.2731	  0.4549	 -0.0074	  0.2808	  0.0000
  1.4368	  0.4549	  0.0020	  0.3151	  0.0000
  1.6004	  0.4549	 -0.0043	  0.3318	  0.0000
  1.7641	  0.4549	 -0.0158	  0.3223	  0.0000
  1.9277	  0.4549	 -0.0130	  0.3394	  0.0000
  2.0914	  0.4549	 -0.0123	  0.3607	  0.0000
  2.2550	  0.4549	 -0.0086	  0.3737	  0.0000
  2.4186	  0.4549	 -0.0203	  0.3831	  0.0000
  2.5823	  0.4549	 -0.0241	  0.4166	  0.0000
  2.7459	  0.4549	 -0.0164	  0.4359	  0.0000
  2.9096	  0.4549	 -0.0136	  0.4257	  0.0000
  3.0732	  0.4549	 -0.0127	  0.4561	  0.0000
  3.2368	  0.4549	 -0.0184	  0.4993	  0.0000
  3.4005	  0.4549	 -0.0203	  0.5423	  0.0000
  3.5641	  0.4549	 -0.0254	  0.5410	  0.0000
  3.7278	  0.4549	 -0.0032	  0.5220	  0.0000
  3.8914	  0.4549	 -0.0144	  0.5541	  0.0000
  4.0551	  0.4549	 -0.0306	  0.5798	  0.0000
  4.2187	  0.4549	 -0.0189	  0.5667	  0.0000
  4.3823	  0.4549	 -0.0322	  0.5890	  0.0000
  4.5460	  0.4549	 -0.0474	  0.6123	  0.0000
  4.7096	  0.4549	 -0.0553	  0.6950	  0.0000
  4.8733	  0.4549	 -0.0750	  0.6823	  0.0000
  5.0369	  0.4549	 -0.0681	  0.7093	  0.0000
  5.2006	  0.4549	 -0.0536	  0.6828	  0.0000
  5.3642	  0.4549	 -0.0381	  0.5878	  0.0000
  5.5278	  0.4549	 -0.0435	  0.6573	  0.0000
  5.6915	  0.4549	 -0.0403	  0.6817	  0.0000
  5.8551	  0.4549	 -0.0432	  0.7670	  0.0000
  6.0188	  0.4549	 -0.0499	  0.8147	  0.0000
  6.1824	  0.4549	 -0.0039	  0.6394	  0.0000
  6.3461	  0.4549	 -0.1088	  0.6386	  1.0000
  6.5097	  0.4549	 -0.1031	  0.6245	  1.0000
  6.6733	  0.4549	 -0.0968	  0.6109	  1.0000
  6.8370	  0.4549	 -0.0794	  0.6058	  1.0000
  7.0006	  0.4549	 -0.0841	  0.6037	  1.0000
  7.1643	  0.4549	 -0.0919	  0.5970	  1.0000
  7.3279	  0.4549	 -0.0009	  0.5770	  1.0000
  0.1276	  0.2913	  0.0485	  0.1053	  0.0000
  0.2913	  0.2913	  0.0111	  0.2175	  0.0000
  0.4549	  0.2913	  0.0079	  0.1577	  0.0000
  0.6186	  0.2913	  0.0014	  0.1903	  0.0000
  0.7822	  0.2913	 -0.0252	  0.2222	  0.0000
  0.9459	  0.2913	 -0.0206	  0.2605	  0.0000
  1.1095	  0.2913	 -0.0169	  0.2959	  0.0000
  1.2731	  0.2913	 -0.0238	  0.3091	  0.0000
  1.4368	  0.2913	 -0.0185	  0.3778	  0.0000
  1.6004	  0.2913	 -0.0043	  0.3698	  0.0000
  1.7641	  0.2913	 -0.0242	  0.3533	  0.0000
  1.9277	  0.2913	 -0.0496	  0.3972	  0.0000
  2.0914	  0.2913	 -0.0455	  0.3959	  0.0000
  2.2550	  0.2913	 -0.0077	  0.4101	  0.0000
  2.4186	  0.2913	 -0.0090	  0.4213	  0.0000
  2.5823	  0.2913	 -0.0196	  0.4373	  0.0000
  2.7459	  0.2913	 -0.0400	  0.4890	  0.0000
  2.9096	  0.2913	 -0.0332	  0.5208	  0.0000
  3.0732	  0.2913	 -0.0237	  0.5465	  0.0000
  3.2368	  0.2913	 -0.0344	  0.5730	  0.0000
  3.4005	  0.2913	 -0.0438	  0.5807	  0.0000
  3.5641	  0.2913	 -0.0338	  0.5926	  0.0000
  3.7278	  0.2913	 -0.0119	  0.5833	  0.0000
  3.8914	  0.2913	 -0.0419	  0.6799	  0.0000
  4.0551	  0.2913	 -0.0479	  0.6464	  0.0000
  4.2187	  0.2913	 -0.0235	  0.6045	  0.0000
  4.3823	  0.2913	 -0.0603	  0.7135	  0.0000
  4.5460	  0.2913	 -0.0589	  0.6416	  0.0000
  4.7096	  0.2913	 -0.0794	  0.7628	  0.0000
  4.8733	  0.2913	 -0.0825	  0.7797	  0.0000
  5.0369	  0.2913	 -0.0802	  0.8046	  0.0000
  5.2006	  0.2913	 -0.0913	  0.8382	  0.0000
  5.3642	  0.2913	 -0.1994	  0.7281	  1.0000
  5.5278	  0.2913	 -0.2022	  0.7351	  1.0000
  5.6915	  0.2913	 -0.0826	  0.9273	  0.0000
  5.8551	  0.2913	 -0.0786	  0.9237	  0.0000
  6.0188	  0.2913	 -0.0839	  0.8554	  0.0000
  6.1824	  0.2913	 -0.0065	  0.6910	  0.0000
  6.3461	  0.2913	  0.0039	  0.6938	  0.0000
  6.5097	  0.2913	 -0.0205	  0.8283	  0.0000
  6.6733	  0.2913	 -0.1295	  0.5595	  0.0000
  6.8370	  0.2913	 -0.2259	 -0.1067	  0.0000
  7.0006	  0.2913	 -0.1230	  0.6134	  1.0000
  7.1643	  0.2913	 -0.1346	  0.6051	  1.0000
  7.3279	  0.2913	 -0.0278	  0.5815	  1.0000
  0.1276	  0.1276	  0.0265	  0.0439	  0.0000
  0.2913	  0.1276	  0.0045	  0.2411	  0.0000
  0.4549	  0.1276	 -0.0195	  0.1448	  0.0000
  0.6186	  0.1276	 -0.0310	  0.1483	  0.0000
  0.7822	  0.1276	 -0.0467	  0.2097	  0.0000
  0.9459	  0.1276	 -0.0494	  0.2294	  0.0000
  1.1095	  0.1276	 -0.0629	  0.2396	  0.0000
  1.2731	  0.1276	 -0.0471	  0.3249	  0.0000
  1.4368	  0.1276	 -0.0098	  0.4557	  0.0000
  1.6004	  0.1276	 -0.0841	  0.3284	  0.0000
  1.7641	  0.1276	 -0.0634	  0.3933	  0.0000
  1.9277	  0.1276	 -0.0613	  0.3851	  0.0000
  2.0914	  0.1276	 -0.0663	  0.4046	  0.0000
  2.2550	  0.1276	 -0.0564	  0.4601	  0.0000
  2.4186	  0.1276	 -0.0252	  0.4055	  1.0000
  2.5823	  0.1276	 -0.0887	  0.5511	  0.0000
  2.7459	  0.1276	 -0.0708	  0.5060	  0.0000
  2.9096	  0.1276	 -0.0261	  0.4715	  1.0000
  3.0732	  0.1276	 -0.0290	  0.4987	  1.0000
  3.2368	  0.1276	 -0.0558	  0.6660	  0.0000
  3.4005	  0.1276	 -0.0689	  0.6888	  0.0000
  3.5641	  0.1276	 -0.0563	  0.7106	  0.0000
  3.7278	  0.1276	 -0.0288	  0.5854	  1.0000
  3.8914	  0.1276	 -0.0510	  0.7895	  0.0000
  4.0551	  0.1276	 -0.0597	  0.7858	  0.0000
  4.2187	  0.1276	 -0.0671	  0.8314	  0.0000
  4.3823	  0.1276	 -0.0906	  0.8769	  0.0000
  4.5460	  0.1276	 -0.0539	  0.6790	  1.0000
  4.7096	  0.1276	 -0.1050	  0.8729	  0.0000
  4.8733	  0.1276	 -0.0835	  0.9103	  0.0000
  5.0369	  0.1276	 -0.0849	  0.8801	  0.0000
  5.2006	  0.1276	 -0.2412	  0.7728	  1.0000
  5.3642	  0.1276	 -0.2450	  0.7802	  1.0000
  5.5278	  0.1276	 -0.0045	  0.3820	  0.0000
  5.6915	  0.1276	 -0.6739	  0.9404	  0.0000
  5.8551	  0.1276	 -0.2492	  0.7661	  1.0000
  6.0188	  0.1276	 -0.2444	  0.7676	  1.0000
  6.1824	  0.1276	 -0.3378	  0.7870	  1.0000
  6.3461	  0.1276	 -0.1839	  0.6759	  1.0000
  6.5097	  0.1276	 -0.1787	  0.6541	  1.0000
  6.6733	  0.1276	 -0.1736	  0.6342	  1.0000
  6.8370	  0.1276	 -0.1581	  0.6246	  1.0000
  7.0006	  0.1276	 -0.1688	  0.6196	  1.0000
  7.1643	  0.1276	 -0.1835	  0.6082	  1.0000
  7.3279	  0.1276	 -0.0487	  0.5784	  1.0000
