1.275999999999999912e-01 1.927699999999999969e+00 1.310000000000000053e-02 -3.884999999999999565e-02
2.913000000000000034e-01 1.927699999999999969e+00 9.150000000000000147e-03 -3.275000000000000133e-02
4.549000000000000266e-01 1.927699999999999969e+00 7.350000000000000630e-03 -3.975000000000000061e-02
6.186000000000000387e-01 1.927699999999999969e+00 2.000000000000000042e-03 -4.019999999999999962e-02
7.822000000000000064e-01 1.927699999999999969e+00 -5.850000000000001033e-03 -3.420000000000000123e-02
9.458999999999999631e-01 1.927699999999999969e+00 -8.850000000000000228e-03 -3.104999999999999774e-02
1.109499999999999931e+00 1.927699999999999969e+00 -1.394999999999999886e-02 -3.289999999999999869e-02
1.273099999999999898e+00 1.927699999999999969e+00 -2.135000000000000092e-02 -2.860000000000000042e-02
1.436800000000000077e+00 1.927699999999999969e+00 -2.295000000000000165e-02 -2.674999999999999947e-02
1.600400000000000045e+00 1.927699999999999969e+00 -2.370000000000000231e-02 -1.814999999999999947e-02
1.764100000000000001e+00 1.927699999999999969e+00 -3.085000000000000242e-02 -1.220000000000000251e-02
1.927699999999999969e+00 1.927699999999999969e+00 -3.370000000000000079e-02 -6.249999999999998612e-03
2.091400000000000148e+00 1.927699999999999969e+00 -3.554999999999999827e-02 -3.299999999999999115e-03
2.254999999999999893e+00 1.927699999999999969e+00 -4.124999999999999500e-02 -2.899999999999999800e-03
2.418600000000000083e+00 1.927699999999999969e+00 -3.919999999999999873e-02 6.100000000000001255e-03
2.582300000000000040e+00 1.927699999999999969e+00 -4.074999999999999456e-02 1.484999999999999862e-02
2.745899999999999785e+00 1.927699999999999969e+00 -4.399999999999999745e-02 1.934999999999999915e-02
2.909600000000000186e+00 1.927699999999999969e+00 -4.370000000000000273e-02 2.274999999999999939e-02
3.073199999999999932e+00 1.927699999999999969e+00 -4.725000000000000033e-02 2.580000000000000002e-02
3.236800000000000122e+00 1.927699999999999969e+00 -4.660000000000000253e-02 3.225000000000000089e-02
3.400500000000000078e+00 1.927699999999999969e+00 -4.595000000000000473e-02 3.650000000000000466e-02
3.564099999999999824e+00 1.927699999999999969e+00 -4.645000000000000517e-02 3.810000000000000192e-02
3.727799999999999780e+00 1.927699999999999969e+00 -4.419999999999999624e-02 4.070000000000000007e-02
3.891399999999999970e+00 1.927699999999999969e+00 -4.585000000000000187e-02 4.059999999999999720e-02
4.055100000000000371e+00 1.927699999999999969e+00 -4.354999999999999843e-02 4.030000000000000249e-02
4.218700000000000117e+00 1.927699999999999969e+00 -3.899999999999999994e-02 4.730000000000000177e-02
4.382299999999999862e+00 1.927699999999999969e+00 -4.050000000000000128e-02 4.814999999999999836e-02
4.546000000000000263e+00 1.927699999999999969e+00 -3.819999999999999785e-02 4.975000000000000255e-02
4.709600000000000009e+00 1.927699999999999969e+00 -3.785000000000000170e-02 4.845000000000000001e-02
4.873300000000000409e+00 1.927699999999999969e+00 -3.615000000000000158e-02 4.885000000000000453e-02
5.036900000000000155e+00 1.927699999999999969e+00 -3.500000000000000333e-02 4.850000000000000144e-02
5.200599999999999667e+00 1.927699999999999969e+00 -3.615000000000000158e-02 4.725000000000000033e-02
5.364200000000000301e+00 1.927699999999999969e+00 -3.230000000000000232e-02 5.895000000000000240e-02
5.527800000000000047e+00 1.927699999999999969e+00 -2.699999999999999969e-02 5.059999999999999915e-02
5.691499999999999559e+00 1.927699999999999969e+00 -2.429999999999999868e-02 5.095000000000000223e-02
5.855100000000000193e+00 1.927699999999999969e+00 -3.034999999999999851e-02 4.970000000000000112e-02
6.018799999999999706e+00 1.927699999999999969e+00 -3.184999999999999637e-02 4.580000000000000043e-02
6.182400000000000340e+00 1.927699999999999969e+00 -2.934999999999999762e-02 4.375000000000000416e-02
6.346099999999999852e+00 1.927699999999999969e+00 -2.924999999999999822e-02 3.769999999999999740e-02
6.509699999999999598e+00 1.927699999999999969e+00 -2.375000000000000028e-02 4.494999999999999690e-02
6.673300000000000232e+00 1.927699999999999969e+00 -2.850000000000000103e-02 4.055000000000000271e-02
6.836999999999999744e+00 1.927699999999999969e+00 -2.900000000000000147e-02 3.020000000000000115e-02
7.000600000000000378e+00 1.927699999999999969e+00 -3.749999999999999861e-02 2.934999999999999762e-02
7.164299999999999891e+00 1.927699999999999969e+00 -3.214999999999999802e-02 3.440000000000000002e-02
7.327899999999999636e+00 1.927699999999999969e+00 -3.719999999999999696e-02 3.295000000000000012e-02
1.275999999999999912e-01 1.764100000000000001e+00 1.555000000000000132e-02 -3.914999999999999730e-02
2.913000000000000034e-01 1.764100000000000001e+00 1.089999999999999997e-02 -3.720000000000000390e-02
4.549000000000000266e-01 1.764100000000000001e+00 7.549999999999999420e-03 -4.454999999999999932e-02
6.186000000000000387e-01 1.764100000000000001e+00 3.499999999999996170e-04 -3.855000000000000093e-02
7.822000000000000064e-01 1.764100000000000001e+00 -9.800000000000001418e-03 -3.600000000000000422e-02
9.458999999999999631e-01 1.764100000000000001e+00 -1.444999999999999930e-02 -3.200000000000000067e-02
1.109499999999999931e+00 1.764100000000000001e+00 -1.845000000000000112e-02 -2.499999999999999792e-02
1.273099999999999898e+00 1.764100000000000001e+00 -2.170000000000000054e-02 -2.489999999999999852e-02
1.436800000000000077e+00 1.764100000000000001e+00 -2.895000000000000004e-02 -2.069999999999999965e-02
1.600400000000000045e+00 1.764100000000000001e+00 -2.949999999999999845e-02 -1.535000000000000080e-02
1.764100000000000001e+00 1.764100000000000001e+00 -3.394999999999999407e-02 -1.000000000000000021e-02
1.927699999999999969e+00 1.764100000000000001e+00 -3.740000000000000269e-02 -4.999999999999969746e-05
2.091400000000000148e+00 1.764100000000000001e+00 -4.184999999999999831e-02 1.249999999999999375e-03
2.254999999999999893e+00 1.764100000000000001e+00 -4.739999999999999769e-02 1.749999999999999820e-03
2.418600000000000083e+00 1.764100000000000001e+00 -4.585000000000000187e-02 9.549999999999999462e-03
2.582300000000000040e+00 1.764100000000000001e+00 -4.685000000000000275e-02 1.959999999999999937e-02
2.745899999999999785e+00 1.764100000000000001e+00 -5.385000000000000203e-02 2.455000000000000238e-02
2.909600000000000186e+00 1.764100000000000001e+00 -5.179999999999999882e-02 2.879999999999999921e-02
3.073199999999999932e+00 1.764100000000000001e+00 -5.309999999999999443e-02 3.640000000000000180e-02
3.236800000000000122e+00 1.764100000000000001e+00 -5.100000000000000366e-02 4.159999999999999809e-02
3.400500000000000078e+00 1.764100000000000001e+00 -5.134999999999999981e-02 4.234999999999999876e-02
3.564099999999999824e+00 1.764100000000000001e+00 -4.829999999999999571e-02 4.479999999999999954e-02
3.727799999999999780e+00 1.764100000000000001e+00 -5.145000000000000268e-02 4.719999999999999890e-02
3.891399999999999970e+00 1.764100000000000001e+00 -4.929999999999999660e-02 5.175000000000000433e-02
4.055100000000000371e+00 1.764100000000000001e+00 -4.570000000000000451e-02 5.519999999999999907e-02
4.218700000000000117e+00 1.764100000000000001e+00 -4.114999999999999908e-02 5.565000000000000502e-02
4.382299999999999862e+00 1.764100000000000001e+00 -4.030000000000000249e-02 6.120000000000000440e-02
4.546000000000000263e+00 1.764100000000000001e+00 -4.284999999999999920e-02 6.450000000000000178e-02
4.709600000000000009e+00 1.764100000000000001e+00 -3.729999999999999982e-02 5.965000000000000163e-02
4.873300000000000409e+00 1.764100000000000001e+00 -3.465000000000000024e-02 6.045000000000000373e-02
5.036900000000000155e+00 1.764100000000000001e+00 -3.040000000000000341e-02 5.449999999999999983e-02
5.200599999999999667e+00 1.764100000000000001e+00 -3.570000000000000256e-02 6.024999999999999800e-02
5.364200000000000301e+00 1.764100000000000001e+00 -3.400000000000000244e-02 6.454999999999999627e-02
5.527800000000000047e+00 1.764100000000000001e+00 -2.874999999999999778e-02 6.579999999999999738e-02
5.691499999999999559e+00 1.764100000000000001e+00 -2.315000000000000044e-02 6.165000000000000341e-02
5.855100000000000193e+00 1.764100000000000001e+00 -2.330000000000000127e-02 6.139999999999999625e-02
6.018799999999999706e+00 1.764100000000000001e+00 -3.115000000000000061e-02 5.874999999999999667e-02
6.182400000000000340e+00 1.764100000000000001e+00 -3.350000000000000200e-02 5.455000000000000127e-02
6.346099999999999852e+00 1.764100000000000001e+00 -3.909999999999999587e-02 5.144999999999999574e-02
6.509699999999999598e+00 1.764100000000000001e+00 -4.010000000000000370e-02 5.050000000000000322e-02
6.673300000000000232e+00 1.764100000000000001e+00 -4.080000000000000293e-02 4.814999999999999836e-02
6.836999999999999744e+00 1.764100000000000001e+00 -4.485000000000000098e-02 4.349999999999999700e-02
7.000600000000000378e+00 1.764100000000000001e+00 -3.715000000000000246e-02 4.120000000000000051e-02
7.164299999999999891e+00 1.764100000000000001e+00 -3.525000000000000355e-02 4.035000000000000392e-02
7.327899999999999636e+00 1.764100000000000001e+00 -4.424999999999999767e-02 3.505000000000000476e-02
1.275999999999999912e-01 1.600400000000000045e+00 2.170000000000000054e-02 -3.575000000000000400e-02
2.913000000000000034e-01 1.600400000000000045e+00 1.455000000000000043e-02 -3.504999999999999782e-02
4.549000000000000266e-01 1.600400000000000045e+00 2.150000000000000001e-03 -4.139999999999999930e-02
6.186000000000000387e-01 1.600400000000000045e+00 -4.350000000000000568e-03 -3.839999999999999664e-02
7.822000000000000064e-01 1.600400000000000045e+00 -1.305000000000000084e-02 -3.530000000000000498e-02
9.458999999999999631e-01 1.600400000000000045e+00 -1.669999999999999957e-02 -3.364999999999999936e-02
1.109499999999999931e+00 1.600400000000000045e+00 -2.330000000000000127e-02 -2.795000000000000262e-02
1.273099999999999898e+00 1.600400000000000045e+00 -2.545000000000000040e-02 -2.005000000000000185e-02
1.436800000000000077e+00 1.600400000000000045e+00 -3.755000000000000004e-02 -2.350000000000000006e-02
1.600400000000000045e+00 1.600400000000000045e+00 -4.170000000000000095e-02 -1.995000000000000245e-02
1.764100000000000001e+00 1.600400000000000045e+00 -4.084999999999999742e-02 -1.360000000000000098e-02
1.927699999999999969e+00 1.600400000000000045e+00 -4.719999999999999890e-02 5.000000000000004441e-04
2.091400000000000148e+00 1.600400000000000045e+00 -4.935000000000000497e-02 3.899999999999998954e-03
2.254999999999999893e+00 1.600400000000000045e+00 -5.220000000000000334e-02 6.100000000000001255e-03
2.418600000000000083e+00 1.600400000000000045e+00 -5.269999999999999685e-02 1.569999999999999868e-02
2.582300000000000040e+00 1.600400000000000045e+00 -5.649999999999999467e-02 2.400000000000000050e-02
2.745899999999999785e+00 1.600400000000000045e+00 -6.079999999999999988e-02 2.874999999999999778e-02
2.909600000000000186e+00 1.600400000000000045e+00 -5.640000000000000568e-02 3.540000000000000091e-02
3.073199999999999932e+00 1.600400000000000045e+00 -6.049999999999999822e-02 4.594999999999999779e-02
3.236800000000000122e+00 1.600400000000000045e+00 -5.654999999999999610e-02 5.065000000000000058e-02
3.400500000000000078e+00 1.600400000000000045e+00 -5.524999999999999356e-02 5.149999999999999717e-02
3.564099999999999824e+00 1.600400000000000045e+00 -5.390000000000000346e-02 5.840000000000000052e-02
3.727799999999999780e+00 1.600400000000000045e+00 -5.530000000000000193e-02 6.329999999999999516e-02
3.891399999999999970e+00 1.600400000000000045e+00 -5.004999999999999727e-02 6.124999999999999889e-02
4.055100000000000371e+00 1.600400000000000045e+00 -5.045000000000000179e-02 6.519999999999999407e-02
4.218700000000000117e+00 1.600400000000000045e+00 -4.634999999999999537e-02 6.344999999999999252e-02
4.382299999999999862e+00 1.600400000000000045e+00 -4.250000000000000305e-02 6.375000000000000111e-02
4.546000000000000263e+00 1.600400000000000045e+00 -4.034999999999999698e-02 6.570000000000000839e-02
4.709600000000000009e+00 1.600400000000000045e+00 -3.699999999999999817e-02 6.615000000000000047e-02
4.873300000000000409e+00 1.600400000000000045e+00 -3.814999999999999641e-02 6.314999999999999780e-02
5.036900000000000155e+00 1.600400000000000045e+00 -2.890000000000000208e-02 6.015000000000000208e-02
5.200599999999999667e+00 1.600400000000000045e+00 -3.359999999999999792e-02 6.994999999999999829e-02
5.364200000000000301e+00 1.600400000000000045e+00 -3.250000000000000111e-02 8.204999999999999793e-02
5.527800000000000047e+00 1.600400000000000045e+00 -2.879999999999999921e-02 6.569999999999999452e-02
5.691499999999999559e+00 1.600400000000000045e+00 -3.005000000000000032e-02 7.175000000000000822e-02
5.855100000000000193e+00 1.600400000000000045e+00 -2.524999999999999814e-02 7.495000000000000273e-02
6.018799999999999706e+00 1.600400000000000045e+00 -2.879999999999999921e-02 6.560000000000000553e-02
6.182400000000000340e+00 1.600400000000000045e+00 -3.434999999999999859e-02 5.985000000000000042e-02
6.346099999999999852e+00 1.600400000000000045e+00 -3.824999999999999928e-02 6.019999999999999657e-02
6.509699999999999598e+00 1.600400000000000045e+00 -3.849999999999999950e-02 5.709999999999999798e-02
6.673300000000000232e+00 1.600400000000000045e+00 -3.699999999999999817e-02 5.899999999999999689e-02
6.836999999999999744e+00 1.600400000000000045e+00 -1.685000000000000039e-02 5.735000000000000514e-02
7.000600000000000378e+00 1.600400000000000045e+00 -2.310000000000000248e-02 4.775000000000000078e-02
7.164299999999999891e+00 1.600400000000000045e+00 -2.085000000000000048e-02 3.839999999999999664e-02
7.327899999999999636e+00 1.600400000000000045e+00 -2.764999999999999750e-02 3.725000000000000533e-02
1.275999999999999912e-01 1.436800000000000077e+00 9.199999999999999845e-03 -3.450000000000000289e-02
2.913000000000000034e-01 1.436800000000000077e+00 3.250000000000000284e-03 -3.909999999999999587e-02
4.549000000000000266e-01 1.436800000000000077e+00 -3.500000000000000507e-03 -3.845000000000000501e-02
6.186000000000000387e-01 1.436800000000000077e+00 -1.099999999999999936e-02 -4.184999999999999831e-02
7.822000000000000064e-01 1.436800000000000077e+00 -1.825000000000000233e-02 -3.615000000000000158e-02
9.458999999999999631e-01 1.436800000000000077e+00 -1.810000000000000150e-02 -3.375000000000000222e-02
1.109499999999999931e+00 1.436800000000000077e+00 -3.584999999999999992e-02 -4.130000000000000338e-02
1.273099999999999898e+00 1.436800000000000077e+00 -3.855000000000000093e-02 -2.840000000000000163e-02
1.436800000000000077e+00 1.436800000000000077e+00 -4.280000000000000471e-02 -2.365000000000000088e-02
1.600400000000000045e+00 1.436800000000000077e+00 -4.845000000000000695e-02 -2.160000000000000114e-02
1.764100000000000001e+00 1.436800000000000077e+00 -5.134999999999999981e-02 -1.584999999999999951e-02
1.927699999999999969e+00 1.436800000000000077e+00 -5.455000000000000127e-02 1.500000000000008271e-04
2.091400000000000148e+00 1.436800000000000077e+00 -5.820000000000000173e-02 6.550000000000002001e-03
2.254999999999999893e+00 1.436800000000000077e+00 -5.880000000000000504e-02 8.299999999999998351e-03
2.418600000000000083e+00 1.436800000000000077e+00 -5.890000000000000097e-02 2.199999999999999872e-02
2.582300000000000040e+00 1.436800000000000077e+00 -6.569999999999999452e-02 2.375000000000000028e-02
2.745899999999999785e+00 1.436800000000000077e+00 -6.729999999999999871e-02 3.295000000000000012e-02
2.909600000000000186e+00 1.436800000000000077e+00 -6.640000000000000069e-02 3.930000000000000160e-02
3.073199999999999932e+00 1.436800000000000077e+00 -6.584999999999999187e-02 4.744999999999999912e-02
3.236800000000000122e+00 1.436800000000000077e+00 -6.284999999999998921e-02 5.295000000000000401e-02
3.400500000000000078e+00 1.436800000000000077e+00 -6.195000000000000506e-02 6.119999999999999746e-02
3.564099999999999824e+00 1.436800000000000077e+00 -5.955000000000000571e-02 6.559999999999999165e-02
3.727799999999999780e+00 1.436800000000000077e+00 -5.625000000000000139e-02 7.190000000000000557e-02
3.891399999999999970e+00 1.436800000000000077e+00 -5.650000000000000161e-02 7.564999999999999503e-02
4.055100000000000371e+00 1.436800000000000077e+00 -5.249999999999999806e-02 7.994999999999999329e-02
4.218700000000000117e+00 1.436800000000000077e+00 -4.635000000000000231e-02 8.060000000000000497e-02
4.382299999999999862e+00 1.436800000000000077e+00 -4.555000000000000021e-02 8.104999999999999705e-02
4.546000000000000263e+00 1.436800000000000077e+00 -4.084999999999999742e-02 7.930000000000000937e-02
4.709600000000000009e+00 1.436800000000000077e+00 -3.669999999999999651e-02 7.774999999999999967e-02
4.873300000000000409e+00 1.436800000000000077e+00 -3.389999999999999958e-02 7.545000000000000318e-02
5.036900000000000155e+00 1.436800000000000077e+00 -2.770000000000000240e-02 7.220000000000000029e-02
5.200599999999999667e+00 1.436800000000000077e+00 -3.395000000000000101e-02 7.585000000000000075e-02
5.364200000000000301e+00 1.436800000000000077e+00 -3.024999999999999911e-02 8.874999999999999556e-02
5.527800000000000047e+00 1.436800000000000077e+00 -3.499999999999999639e-02 8.009999999999999065e-02
5.691499999999999559e+00 1.436800000000000077e+00 -3.309999999999999748e-02 8.204999999999999793e-02
5.855100000000000193e+00 1.436800000000000077e+00 -2.649999999999999925e-02 8.150000000000000300e-02
6.018799999999999706e+00 1.436800000000000077e+00 -1.635000000000000342e-02 8.199999999999998956e-02
6.182400000000000340e+00 1.436800000000000077e+00 -2.210000000000000159e-02 7.279999999999998972e-02
6.346099999999999852e+00 1.436800000000000077e+00 -2.575000000000000205e-02 7.545000000000000318e-02
6.509699999999999598e+00 1.436800000000000077e+00 -2.464999999999999830e-02 7.239999999999999214e-02
6.673300000000000232e+00 1.436800000000000077e+00 -2.724999999999999992e-02 6.874999999999999167e-02
6.836999999999999744e+00 1.436800000000000077e+00 -8.249999999999998654e-03 6.750000000000000444e-02
7.000600000000000378e+00 1.436800000000000077e+00 -2.604999999999999677e-02 5.505000000000000171e-02
7.164299999999999891e+00 1.436800000000000077e+00 -2.489999999999999852e-02 5.704999999999999655e-02
7.327899999999999636e+00 1.436800000000000077e+00 -2.665000000000000355e-02 4.849999999999999450e-02
1.275999999999999912e-01 1.273099999999999898e+00 1.080000000000000057e-02 -4.334999999999999964e-02
2.913000000000000034e-01 1.273099999999999898e+00 4.649999999999999620e-03 -4.905000000000000332e-02
4.549000000000000266e-01 1.273099999999999898e+00 -7.599999999999999117e-03 -4.229999999999999732e-02
6.186000000000000387e-01 1.273099999999999898e+00 -1.080000000000000057e-02 -4.364999999999999436e-02
7.822000000000000064e-01 1.273099999999999898e+00 -2.454999999999999891e-02 -3.760000000000000148e-02
9.458999999999999631e-01 1.273099999999999898e+00 -2.425000000000000072e-02 -3.345000000000000057e-02
1.109499999999999931e+00 1.273099999999999898e+00 -4.120000000000000051e-02 -3.674999999999999795e-02
1.273099999999999898e+00 1.273099999999999898e+00 -4.689999999999999725e-02 -3.414999999999999980e-02
1.436800000000000077e+00 1.273099999999999898e+00 -5.019999999999999463e-02 -2.960000000000000131e-02
1.600400000000000045e+00 1.273099999999999898e+00 -5.689999999999999919e-02 -2.494999999999999649e-02
1.764100000000000001e+00 1.273099999999999898e+00 -6.035000000000000087e-02 -1.429999999999999848e-02
1.927699999999999969e+00 1.273099999999999898e+00 -6.854999999999999982e-02 -3.899999999999997219e-03
2.091400000000000148e+00 1.273099999999999898e+00 -6.489999999999999936e-02 8.050000000000001599e-03
2.254999999999999893e+00 1.273099999999999898e+00 -6.429999999999999605e-02 1.824999999999999886e-02
2.418600000000000083e+00 1.273099999999999898e+00 -6.665000000000000091e-02 2.820000000000000284e-02
2.582300000000000040e+00 1.273099999999999898e+00 -7.384999999999999898e-02 3.774999999999999883e-02
2.745899999999999785e+00 1.273099999999999898e+00 -7.289999999999999258e-02 4.474999999999999811e-02
2.909600000000000186e+00 1.273099999999999898e+00 -7.259999999999999787e-02 4.870000000000000023e-02
3.073199999999999932e+00 1.273099999999999898e+00 -6.930000000000000049e-02 5.129999999999999838e-02
3.236800000000000122e+00 1.273099999999999898e+00 -6.984999999999999543e-02 6.475000000000000200e-02
3.400500000000000078e+00 1.273099999999999898e+00 -6.884999999999999454e-02 7.055000000000000160e-02
3.564099999999999824e+00 1.273099999999999898e+00 -6.754999999999999893e-02 7.220000000000000029e-02
3.727799999999999780e+00 1.273099999999999898e+00 -6.245000000000000551e-02 7.660000000000000142e-02
3.891399999999999970e+00 1.273099999999999898e+00 -6.024999999999999800e-02 7.680000000000000715e-02
4.055100000000000371e+00 1.273099999999999898e+00 -5.234999999999999376e-02 8.484999999999999487e-02
4.218700000000000117e+00 1.273099999999999898e+00 -5.084999999999999937e-02 9.059999999999999998e-02
4.382299999999999862e+00 1.273099999999999898e+00 -4.349999999999999700e-02 9.729999999999999760e-02
4.546000000000000263e+00 1.273099999999999898e+00 -4.095000000000000029e-02 1.037499999999999950e-01
4.709600000000000009e+00 1.273099999999999898e+00 -4.240000000000000019e-02 9.594999999999999363e-02
4.873300000000000409e+00 1.273099999999999898e+00 -4.100000000000000172e-02 9.610000000000000486e-02
5.036900000000000155e+00 1.273099999999999898e+00 -3.289999999999999869e-02 9.719999999999999474e-02
5.200599999999999667e+00 1.273099999999999898e+00 -3.279999999999999583e-02 9.454999999999999516e-02
5.364200000000000301e+00 1.273099999999999898e+00 -3.279999999999999583e-02 9.004999999999999116e-02
5.527800000000000047e+00 1.273099999999999898e+00 -3.694999999999999674e-02 8.970000000000000195e-02
5.691499999999999559e+00 1.273099999999999898e+00 -3.239999999999999825e-02 9.690000000000000002e-02
5.855100000000000193e+00 1.273099999999999898e+00 -2.185000000000000137e-02 9.975000000000000533e-02
6.018799999999999706e+00 1.273099999999999898e+00 -2.475000000000000117e-02 9.770000000000000906e-02
6.182400000000000340e+00 1.273099999999999898e+00 -2.274999999999999939e-02 9.324999999999999956e-02
6.346099999999999852e+00 1.273099999999999898e+00 -1.770000000000000046e-02 8.750000000000000833e-02
6.509699999999999598e+00 1.273099999999999898e+00 -2.249999999999999917e-02 8.465000000000000302e-02
6.673300000000000232e+00 1.273099999999999898e+00 -2.075000000000000108e-02 8.555000000000000104e-02
6.836999999999999744e+00 1.273099999999999898e+00 -2.094999999999999987e-02 8.195000000000000895e-02
7.000600000000000378e+00 1.273099999999999898e+00 -1.974999999999999672e-02 7.284999999999999809e-02
7.164299999999999891e+00 1.273099999999999898e+00 -2.044999999999999596e-02 7.105000000000000204e-02
7.327899999999999636e+00 1.273099999999999898e+00 -6.850000000000000186e-03 7.769999999999999130e-02
1.275999999999999912e-01 1.109499999999999931e+00 9.399999999999998634e-03 -5.240000000000000213e-02
2.913000000000000034e-01 1.109499999999999931e+00 -1.900000000000000647e-03 -5.109999999999999959e-02
4.549000000000000266e-01 1.109499999999999931e+00 -1.354999999999999954e-02 -4.864999999999999880e-02
6.186000000000000387e-01 1.109499999999999931e+00 -2.135000000000000092e-02 -4.359999999999999987e-02
7.822000000000000064e-01 1.109499999999999931e+00 -3.384999999999999815e-02 -4.875000000000000167e-02
9.458999999999999631e-01 1.109499999999999931e+00 -3.590000000000000135e-02 -3.985000000000000347e-02
1.109499999999999931e+00 1.109499999999999931e+00 -4.529999999999999999e-02 -3.354999999999999649e-02
1.273099999999999898e+00 1.109499999999999931e+00 -5.385000000000000203e-02 -3.155000000000000165e-02
1.436800000000000077e+00 1.109499999999999931e+00 -5.534999999999999643e-02 -2.900000000000000147e-02
1.600400000000000045e+00 1.109499999999999931e+00 -6.615000000000000047e-02 -2.175000000000000544e-02
1.764100000000000001e+00 1.109499999999999931e+00 -7.535000000000000031e-02 -1.434999999999999817e-02
1.927699999999999969e+00 1.109499999999999931e+00 -6.520000000000000795e-02 3.800000000000001293e-03
2.091400000000000148e+00 1.109499999999999931e+00 -7.264999999999999236e-02 1.190000000000000085e-02
2.254999999999999893e+00 1.109499999999999931e+00 -7.705000000000000737e-02 2.455000000000000238e-02
2.418600000000000083e+00 1.109499999999999931e+00 -7.860000000000000320e-02 3.060000000000000220e-02
2.582300000000000040e+00 1.109499999999999931e+00 -8.089999999999999969e-02 4.160000000000000503e-02
2.745899999999999785e+00 1.109499999999999931e+00 -8.265000000000000124e-02 5.259999999999999398e-02
2.909600000000000186e+00 1.109499999999999931e+00 -8.304999999999999882e-02 6.045000000000000373e-02
3.073199999999999932e+00 1.109499999999999931e+00 -8.000000000000000167e-02 6.754999999999999893e-02
3.236800000000000122e+00 1.109499999999999931e+00 -7.639999999999999569e-02 7.089999999999999081e-02
3.400500000000000078e+00 1.109499999999999931e+00 -6.980000000000000093e-02 8.180000000000001159e-02
3.564099999999999824e+00 1.109499999999999931e+00 -6.980000000000000093e-02 8.449999999999999178e-02
3.727799999999999780e+00 1.109499999999999931e+00 -6.745000000000000995e-02 9.410000000000000309e-02
3.891399999999999970e+00 1.109499999999999931e+00 -6.659999999999999254e-02 1.031499999999999917e-01
4.055100000000000371e+00 1.109499999999999931e+00 -6.070000000000000395e-02 1.021999999999999992e-01
4.218700000000000117e+00 1.109499999999999931e+00 -5.455000000000000127e-02 9.740000000000000047e-02
4.382299999999999862e+00 1.109499999999999931e+00 -4.800000000000000100e-02 1.074000000000000093e-01
4.546000000000000263e+00 1.109499999999999931e+00 -4.694999999999999868e-02 1.155000000000000054e-01
4.709600000000000009e+00 1.109499999999999931e+00 -4.229999999999999732e-02 1.075500000000000067e-01
4.873300000000000409e+00 1.109499999999999931e+00 -4.274999999999999634e-02 1.081000000000000016e-01
5.036900000000000155e+00 1.109499999999999931e+00 -3.740000000000000269e-02 1.118999999999999995e-01
5.200599999999999667e+00 1.109499999999999931e+00 -3.495000000000000190e-02 1.084000000000000102e-01
5.364200000000000301e+00 1.109499999999999931e+00 -3.185000000000000331e-02 1.040500000000000036e-01
5.527800000000000047e+00 1.109499999999999931e+00 -3.849999999999999950e-02 1.048999999999999932e-01
5.691499999999999559e+00 1.109499999999999931e+00 -3.250000000000000111e-02 1.118000000000000105e-01
5.855100000000000193e+00 1.109499999999999931e+00 -1.934999999999999915e-02 1.130499999999999977e-01
6.018799999999999706e+00 1.109499999999999931e+00 -1.975000000000000019e-02 1.093500000000000028e-01
6.182400000000000340e+00 1.109499999999999931e+00 -2.114999999999999866e-02 1.061500000000000082e-01
6.346099999999999852e+00 1.109499999999999931e+00 -1.390000000000000090e-02 1.057499999999999968e-01
6.509699999999999598e+00 1.109499999999999931e+00 -1.485000000000000035e-02 1.014000000000000040e-01
6.673300000000000232e+00 1.109499999999999931e+00 -1.460000000000000013e-02 9.364999999999999714e-02
6.836999999999999744e+00 1.109499999999999931e+00 -1.080000000000000057e-02 9.124999999999999778e-02
7.000600000000000378e+00 1.109499999999999931e+00 -2.450000000000000788e-03 9.289999999999999647e-02
7.164299999999999891e+00 1.109499999999999931e+00 -2.999999999999999195e-03 8.235000000000000653e-02
7.327899999999999636e+00 1.109499999999999931e+00 1.600000000000000727e-03 8.409999999999999420e-02
1.275999999999999912e-01 9.458999999999999631e-01 4.350000000000000568e-03 -5.909999999999999976e-02
2.913000000000000034e-01 9.458999999999999631e-01 -7.650000000000000550e-03 -5.475000000000000006e-02
4.549000000000000266e-01 9.458999999999999631e-01 -1.504999999999999914e-02 -5.525000000000000050e-02
6.186000000000000387e-01 9.458999999999999631e-01 -2.545000000000000040e-02 -5.035000000000000586e-02
7.822000000000000064e-01 9.458999999999999631e-01 -3.915000000000000424e-02 -5.820000000000000173e-02
9.458999999999999631e-01 9.458999999999999631e-01 -4.689999999999999725e-02 -4.654999999999999416e-02
1.109499999999999931e+00 9.458999999999999631e-01 -5.304999999999999993e-02 -3.934999999999999609e-02
1.273099999999999898e+00 9.458999999999999631e-01 -6.139999999999999625e-02 -4.070000000000000007e-02
1.436800000000000077e+00 9.458999999999999631e-01 -6.654999999999999805e-02 -2.239999999999999977e-02
1.600400000000000045e+00 9.458999999999999631e-01 -7.735000000000000209e-02 -1.860000000000000195e-02
1.764100000000000001e+00 9.458999999999999631e-01 -8.504999999999998672e-02 -1.579999999999999807e-02
1.927699999999999969e+00 9.458999999999999631e-01 -8.425000000000000544e-02 1.299999999999999073e-03
2.091400000000000148e+00 9.458999999999999631e-01 -8.360000000000000764e-02 1.675000000000000447e-02
2.254999999999999893e+00 9.458999999999999631e-01 -9.160000000000000087e-02 2.680000000000000437e-02
2.418600000000000083e+00 9.458999999999999631e-01 -9.015000000000000790e-02 3.404999999999999694e-02
2.582300000000000040e+00 9.458999999999999631e-01 -9.470000000000000639e-02 4.485000000000000098e-02
2.745899999999999785e+00 9.458999999999999631e-01 -9.415000000000001146e-02 5.695000000000000062e-02
2.909600000000000186e+00 9.458999999999999631e-01 -9.264999999999999625e-02 6.389999999999999847e-02
3.073199999999999932e+00 9.458999999999999631e-01 -8.679999999999998828e-02 7.549999999999999767e-02
3.236800000000000122e+00 9.458999999999999631e-01 -8.354999999999999927e-02 8.359999999999999376e-02
3.400500000000000078e+00 9.458999999999999631e-01 -8.344999999999999640e-02 9.854999999999999871e-02
3.564099999999999824e+00 9.458999999999999631e-01 -7.910000000000000364e-02 1.061999999999999889e-01
3.727799999999999780e+00 9.458999999999999631e-01 -7.574999999999999789e-02 1.090499999999999942e-01
3.891399999999999970e+00 9.458999999999999631e-01 -6.924999999999999212e-02 1.238999999999999962e-01
4.055100000000000371e+00 9.458999999999999631e-01 -6.619999999999999496e-02 1.234000000000000097e-01
4.218700000000000117e+00 9.458999999999999631e-01 -5.985000000000000042e-02 1.146999999999999964e-01
4.382299999999999862e+00 9.458999999999999631e-01 -5.405000000000000082e-02 1.180999999999999966e-01
4.546000000000000263e+00 9.458999999999999631e-01 -5.444999999999999840e-02 1.205999999999999989e-01
4.709600000000000009e+00 9.458999999999999631e-01 -5.474999999999999312e-02 1.214999999999999969e-01
4.873300000000000409e+00 9.458999999999999631e-01 -5.345000000000000445e-02 1.229500000000000037e-01
5.036900000000000155e+00 9.458999999999999631e-01 -4.690000000000000419e-02 1.312000000000000111e-01
5.200599999999999667e+00 9.458999999999999631e-01 -4.209999999999999853e-02 1.314500000000000113e-01
5.364200000000000301e+00 9.458999999999999631e-01 -3.320000000000000034e-02 1.223999999999999949e-01
5.527800000000000047e+00 9.458999999999999631e-01 -3.389999999999999958e-02 1.206499999999999934e-01
5.691499999999999559e+00 9.458999999999999631e-01 -2.869999999999999982e-02 1.243999999999999967e-01
5.855100000000000193e+00 9.458999999999999631e-01 -2.120000000000000009e-02 1.252500000000000002e-01
6.018799999999999706e+00 9.458999999999999631e-01 -2.025000000000000064e-02 1.272500000000000020e-01
6.182400000000000340e+00 9.458999999999999631e-01 -1.519999999999999997e-02 1.233000000000000068e-01
6.346099999999999852e+00 9.458999999999999631e-01 -1.539999999999999876e-02 1.170999999999999958e-01
6.509699999999999598e+00 9.458999999999999631e-01 -1.340000000000000219e-02 1.186500000000000055e-01
6.673300000000000232e+00 9.458999999999999631e-01 -4.350000000000001435e-03 1.170999999999999958e-01
6.836999999999999744e+00 9.458999999999999631e-01 -6.500000000000000569e-03 1.058999999999999941e-01
7.000600000000000378e+00 9.458999999999999631e-01 -3.600000000000000769e-03 9.779999999999999805e-02
7.164299999999999891e+00 9.458999999999999631e-01 3.900000000000000688e-03 9.469999999999999252e-02
7.327899999999999636e+00 9.458999999999999631e-01 6.849999999999998451e-03 9.830000000000001237e-02
1.275999999999999912e-01 7.822000000000000064e-01 4.500000000000003129e-04 -6.419999999999999318e-02
2.913000000000000034e-01 7.822000000000000064e-01 -9.399999999999998634e-03 -6.464999999999999913e-02
4.549000000000000266e-01 7.822000000000000064e-01 -2.520000000000000018e-02 -6.694999999999999563e-02
6.186000000000000387e-01 7.822000000000000064e-01 -3.484999999999999903e-02 -5.504999999999999477e-02
7.822000000000000064e-01 7.822000000000000064e-01 -4.354999999999999843e-02 -5.834999999999999909e-02
9.458999999999999631e-01 7.822000000000000064e-01 -5.549999999999999378e-02 -4.470000000000000362e-02
1.109499999999999931e+00 7.822000000000000064e-01 -6.750000000000000444e-02 -4.329999999999999821e-02
1.273099999999999898e+00 7.822000000000000064e-01 -7.730000000000000759e-02 -3.500000000000000333e-02
1.436800000000000077e+00 7.822000000000000064e-01 -8.060000000000000497e-02 -1.969999999999999876e-02
1.600400000000000045e+00 7.822000000000000064e-01 -8.490000000000000324e-02 -1.409999999999999795e-02
1.764100000000000001e+00 7.822000000000000064e-01 -9.034999999999999976e-02 -3.650000000000000466e-03
1.927699999999999969e+00 7.822000000000000064e-01 -9.754999999999999782e-02 1.165000000000000063e-02
2.091400000000000148e+00 7.822000000000000064e-01 -9.709999999999999187e-02 2.140000000000000235e-02
2.254999999999999893e+00 7.822000000000000064e-01 -9.815000000000000113e-02 3.040000000000000341e-02
2.418600000000000083e+00 7.822000000000000064e-01 -1.028999999999999915e-01 4.929999999999999660e-02
2.582300000000000040e+00 7.822000000000000064e-01 -1.076000000000000012e-01 5.525000000000000050e-02
2.745899999999999785e+00 7.822000000000000064e-01 -1.040999999999999981e-01 6.529999999999999694e-02
2.909600000000000186e+00 7.822000000000000064e-01 -1.024499999999999994e-01 7.789999999999999702e-02
3.073199999999999932e+00 7.822000000000000064e-01 -1.028000000000000025e-01 9.529999999999999583e-02
3.236800000000000122e+00 7.822000000000000064e-01 -1.004499999999999976e-01 1.076500000000000096e-01
3.400500000000000078e+00 7.822000000000000064e-01 -9.235000000000000153e-02 1.194999999999999951e-01
3.564099999999999824e+00 7.822000000000000064e-01 -8.849999999999999534e-02 1.275999999999999912e-01
3.727799999999999780e+00 7.822000000000000064e-01 -7.989999999999999880e-02 1.305999999999999939e-01
3.891399999999999970e+00 7.822000000000000064e-01 -7.209999999999999742e-02 1.384499999999999897e-01
4.055100000000000371e+00 7.822000000000000064e-01 -6.740000000000000158e-02 1.386999999999999900e-01
4.218700000000000117e+00 7.822000000000000064e-01 -7.000000000000000666e-02 1.398000000000000076e-01
4.382299999999999862e+00 7.822000000000000064e-01 -6.129999999999999338e-02 1.347500000000000087e-01
4.546000000000000263e+00 7.822000000000000064e-01 -5.350000000000000588e-02 1.396499999999999964e-01
4.709600000000000009e+00 7.822000000000000064e-01 -5.405000000000000082e-02 1.415000000000000147e-01
4.873300000000000409e+00 7.822000000000000064e-01 -5.370000000000000467e-02 1.481000000000000094e-01
5.036900000000000155e+00 7.822000000000000064e-01 -4.495000000000000384e-02 1.512000000000000011e-01
5.200599999999999667e+00 7.822000000000000064e-01 -4.860000000000000431e-02 1.491999999999999993e-01
5.364200000000000301e+00 7.822000000000000064e-01 -4.624999999999999944e-02 1.546500000000000097e-01
5.527800000000000047e+00 7.822000000000000064e-01 -3.254999999999999560e-02 1.532499999999999973e-01
5.691499999999999559e+00 7.822000000000000064e-01 -3.024999999999999911e-02 1.424499999999999933e-01
5.855100000000000193e+00 7.822000000000000064e-01 -2.369999999999999885e-02 1.411499999999999977e-01
6.018799999999999706e+00 7.822000000000000064e-01 -2.235000000000000181e-02 1.484000000000000041e-01
6.182400000000000340e+00 7.822000000000000064e-01 -1.665000000000000160e-02 1.427499999999999880e-01
6.346099999999999852e+00 7.822000000000000064e-01 -1.485000000000000035e-02 1.389499999999999902e-01
6.509699999999999598e+00 7.822000000000000064e-01 6.450000000000000872e-03 1.310999999999999943e-01
6.673300000000000232e+00 7.822000000000000064e-01 3.350000000000000547e-03 1.161500000000000032e-01
6.836999999999999744e+00 7.822000000000000064e-01 4.300000000000000003e-03 1.143500000000000072e-01
7.000600000000000378e+00 7.822000000000000064e-01 7.050000000000000711e-03 1.050999999999999990e-01
7.164299999999999891e+00 7.822000000000000064e-01 -1.100000000000000283e-03 1.012500000000000067e-01
7.327899999999999636e+00 7.822000000000000064e-01 -6.499999999999978018e-04 1.046499999999999930e-01
1.275999999999999912e-01 6.186000000000000387e-01 -3.500000000000000073e-03 -7.384999999999999898e-02
2.913000000000000034e-01 6.186000000000000387e-01 -1.269999999999999948e-02 -5.759999999999999842e-02
4.549000000000000266e-01 6.186000000000000387e-01 -2.670000000000000151e-02 -5.040000000000000036e-02
6.186000000000000387e-01 6.186000000000000387e-01 -3.735000000000000125e-02 -4.649999999999999967e-02
7.822000000000000064e-01 6.186000000000000387e-01 -5.274999999999999828e-02 -5.814999999999999336e-02
9.458999999999999631e-01 6.186000000000000387e-01 -6.325000000000000067e-02 -4.644999999999999823e-02
1.109499999999999931e+00 6.186000000000000387e-01 -7.524999999999999745e-02 -3.419999999999999429e-02
1.273099999999999898e+00 6.186000000000000387e-01 -8.685000000000001052e-02 -3.364999999999999936e-02
1.436800000000000077e+00 6.186000000000000387e-01 -9.559999999999999054e-02 -2.740000000000000074e-02
1.600400000000000045e+00 6.186000000000000387e-01 -9.439999999999999780e-02 -1.700000000000000122e-03
1.764100000000000001e+00 6.186000000000000387e-01 -9.879999999999999893e-02 1.345000000000000362e-02
1.927699999999999969e+00 6.186000000000000387e-01 -1.078999999999999959e-01 1.180000000000000146e-02
2.091400000000000148e+00 6.186000000000000387e-01 -1.117999999999999966e-01 1.579999999999999807e-02
2.254999999999999893e+00 6.186000000000000387e-01 -1.122499999999999887e-01 3.629999999999999893e-02
2.418600000000000083e+00 6.186000000000000387e-01 -1.103500000000000036e-01 5.815000000000000030e-02
2.582300000000000040e+00 6.186000000000000387e-01 -1.159499999999999975e-01 6.289999999999999758e-02
2.745899999999999785e+00 6.186000000000000387e-01 -1.207499999999999962e-01 7.349999999999999589e-02
2.909600000000000186e+00 6.186000000000000387e-01 -1.229999999999999982e-01 9.020000000000000240e-02
3.073199999999999932e+00 6.186000000000000387e-01 -1.207499999999999962e-01 1.049000000000000071e-01
3.236800000000000122e+00 6.186000000000000387e-01 -1.090500000000000080e-01 1.222000000000000031e-01
3.400500000000000078e+00 6.186000000000000387e-01 -1.013000000000000012e-01 1.396000000000000019e-01
3.564099999999999824e+00 6.186000000000000387e-01 -9.595000000000000751e-02 1.466500000000000026e-01
3.727799999999999780e+00 6.186000000000000387e-01 -8.385000000000000786e-02 1.595999999999999919e-01
3.891399999999999970e+00 6.186000000000000387e-01 -8.025000000000000189e-02 1.541000000000000147e-01
4.055100000000000371e+00 6.186000000000000387e-01 -7.514999999999999458e-02 1.557999999999999940e-01
4.218700000000000117e+00 6.186000000000000387e-01 -7.224999999999999478e-02 1.602500000000000036e-01
4.382299999999999862e+00 6.186000000000000387e-01 -7.040000000000000424e-02 1.641000000000000236e-01
4.546000000000000263e+00 6.186000000000000387e-01 -6.039999999999999536e-02 1.686499999999999944e-01
4.709600000000000009e+00 6.186000000000000387e-01 -6.890000000000000291e-02 1.816000000000000114e-01
4.873300000000000409e+00 6.186000000000000387e-01 -6.560000000000000553e-02 1.790499999999999869e-01
5.036900000000000155e+00 6.186000000000000387e-01 -5.665000000000000591e-02 1.738000000000000100e-01
5.200599999999999667e+00 6.186000000000000387e-01 -5.410000000000000225e-02 1.758500000000000063e-01
5.364200000000000301e+00 6.186000000000000387e-01 -4.044999999999999984e-02 1.772499999999999909e-01
5.527800000000000047e+00 6.186000000000000387e-01 -2.949999999999999845e-02 1.760000000000000175e-01
5.691499999999999559e+00 6.186000000000000387e-01 -2.720000000000000195e-02 1.661500000000000199e-01
5.855100000000000193e+00 6.186000000000000387e-01 -1.880000000000000074e-02 1.663999999999999924e-01
6.018799999999999706e+00 6.186000000000000387e-01 -1.575000000000000011e-02 1.655999999999999972e-01
6.182400000000000340e+00 6.186000000000000387e-01 -5.799999999999999600e-03 1.575999999999999901e-01
6.346099999999999852e+00 6.186000000000000387e-01 1.399999999999999335e-03 1.477500000000000202e-01
6.509699999999999598e+00 6.186000000000000387e-01 9.500000000000001499e-03 1.404500000000000193e-01
6.673300000000000232e+00 6.186000000000000387e-01 5.799999999999999600e-03 1.350000000000000089e-01
6.836999999999999744e+00 6.186000000000000387e-01 1.600000000000000033e-02 1.261499999999999844e-01
7.000600000000000378e+00 6.186000000000000387e-01 2.789999999999999772e-02 1.260499999999999954e-01
7.164299999999999891e+00 6.186000000000000387e-01 2.394999999999999907e-02 1.115000000000000019e-01
7.327899999999999636e+00 6.186000000000000387e-01 2.995000000000000093e-02 9.775000000000000355e-02
1.275999999999999912e-01 4.549000000000000266e-01 -6.699999999999999359e-03 -1.095500000000000085e-01
2.913000000000000034e-01 4.549000000000000266e-01 -1.905000000000000096e-02 -8.764999999999999181e-02
4.549000000000000266e-01 4.549000000000000266e-01 -2.684999999999999887e-02 -6.135000000000000175e-02
6.186000000000000387e-01 4.549000000000000266e-01 -4.579999999999999349e-02 -5.714999999999999941e-02
7.822000000000000064e-01 4.549000000000000266e-01 -6.634999999999999232e-02 -8.190000000000000058e-02
9.458999999999999631e-01 4.549000000000000266e-01 -7.439999999999999392e-02 -5.634999999999999731e-02
1.109499999999999931e+00 4.549000000000000266e-01 -8.694999999999999951e-02 -3.435000000000000553e-02
1.273099999999999898e+00 4.549000000000000266e-01 -9.729999999999999760e-02 -4.064999999999999863e-02
1.436800000000000077e+00 4.549000000000000266e-01 -1.103999999999999981e-01 -3.300000000000000155e-02
1.600400000000000045e+00 4.549000000000000266e-01 -1.072500000000000120e-01 -4.499999999999997058e-03
1.764100000000000001e+00 4.549000000000000266e-01 -1.175999999999999962e-01 4.300000000000005207e-03
1.927699999999999969e+00 4.549000000000000266e-01 -1.282500000000000029e-01 1.365000000000000241e-02
2.091400000000000148e+00 4.549000000000000266e-01 -1.323999999999999899e-01 2.344999999999999862e-02
2.254999999999999893e+00 4.549000000000000266e-01 -1.246499999999999969e-01 4.334999999999999964e-02
2.418600000000000083e+00 4.549000000000000266e-01 -1.272500000000000020e-01 5.114999999999999408e-02
2.582300000000000040e+00 4.549000000000000266e-01 -1.294500000000000095e-01 5.099999999999999672e-02
2.745899999999999785e+00 4.549000000000000266e-01 -1.352499999999999813e-01 7.724999999999999922e-02
2.909600000000000186e+00 4.549000000000000266e-01 -1.466500000000000026e-01 9.434999999999998943e-02
3.073199999999999932e+00 4.549000000000000266e-01 -1.399499999999999911e-01 1.098999999999999977e-01
3.236800000000000122e+00 4.549000000000000266e-01 -1.163499999999999951e-01 1.436000000000000054e-01
3.400500000000000078e+00 4.549000000000000266e-01 -1.124999999999999889e-01 1.633999999999999897e-01
3.564099999999999824e+00 4.549000000000000266e-01 -1.003999999999999893e-01 1.646500000000000186e-01
3.727799999999999780e+00 4.549000000000000266e-01 -9.295000000000000484e-02 1.769999999999999907e-01
3.891399999999999970e+00 4.549000000000000266e-01 -8.580000000000000127e-02 1.932500000000000051e-01
4.055100000000000371e+00 4.549000000000000266e-01 -8.225000000000000366e-02 1.892999999999999960e-01
4.218700000000000117e+00 4.549000000000000266e-01 -7.250000000000000888e-02 1.951499999999999901e-01
4.382299999999999862e+00 4.549000000000000266e-01 -7.084999999999999631e-02 1.957500000000000073e-01
4.546000000000000263e+00 4.549000000000000266e-01 -6.800000000000000488e-02 1.955999999999999961e-01
4.709600000000000009e+00 4.549000000000000266e-01 -7.644999999999999019e-02 1.926500000000000157e-01
4.873300000000000409e+00 4.549000000000000266e-01 -6.464999999999999913e-02 1.993499999999999994e-01
5.036900000000000155e+00 4.549000000000000266e-01 -5.754999999999999699e-02 2.024500000000000188e-01
5.200599999999999667e+00 4.549000000000000266e-01 -5.225000000000000477e-02 1.931500000000000161e-01
5.364200000000000301e+00 4.549000000000000266e-01 -3.974999999999999367e-02 1.852999999999999925e-01
5.527800000000000047e+00 4.549000000000000266e-01 -3.799999999999999906e-02 1.792499999999999927e-01
5.691499999999999559e+00 4.549000000000000266e-01 -2.879999999999999921e-02 1.833500000000000130e-01
5.855100000000000193e+00 4.549000000000000266e-01 -2.089999999999999844e-02 1.783499999999999808e-01
6.018799999999999706e+00 4.549000000000000266e-01 -1.234999999999999987e-02 1.755500000000000116e-01
6.182400000000000340e+00 4.549000000000000266e-01 3.099999999999999457e-03 1.707500000000000129e-01
6.346099999999999852e+00 4.549000000000000266e-01 1.035000000000000156e-02 1.602500000000000036e-01
6.509699999999999598e+00 4.549000000000000266e-01 1.184999999999999942e-02 1.511500000000000066e-01
6.673300000000000232e+00 4.549000000000000266e-01 1.760000000000000106e-02 1.473500000000000087e-01
6.836999999999999744e+00 4.549000000000000266e-01 3.214999999999999802e-02 1.360999999999999988e-01
7.000600000000000378e+00 4.549000000000000266e-01 4.410000000000000031e-02 1.269500000000000073e-01
7.164299999999999891e+00 4.549000000000000266e-01 3.905000000000000138e-02 1.159500000000000114e-01
7.327899999999999636e+00 4.549000000000000266e-01 4.964999999999999969e-02 1.042000000000000010e-01
1.275999999999999912e-01 2.913000000000000034e-01 -1.370000000000000037e-02 -1.254500000000000060e-01
2.913000000000000034e-01 2.913000000000000034e-01 -2.790000000000000119e-02 -9.445000000000000617e-02
4.549000000000000266e-01 2.913000000000000034e-01 -4.739999999999999769e-02 -9.650000000000000244e-02
6.186000000000000387e-01 2.913000000000000034e-01 -7.749999999999999944e-02 -1.265000000000000013e-01
7.822000000000000064e-01 2.913000000000000034e-01 -8.535000000000000919e-02 -1.177499999999999936e-01
9.458999999999999631e-01 2.913000000000000034e-01 -9.190000000000000946e-02 -9.764999999999998681e-02
1.109499999999999931e+00 2.913000000000000034e-01 -9.404999999999999472e-02 -7.349999999999999589e-02
1.273099999999999898e+00 2.913000000000000034e-01 -1.116000000000000048e-01 -6.199999999999999956e-02
1.436800000000000077e+00 2.913000000000000034e-01 -1.290499999999999980e-01 -3.285000000000000420e-02
1.600400000000000045e+00 2.913000000000000034e-01 -1.192999999999999894e-01 -1.030000000000000360e-02
1.764100000000000001e+00 2.913000000000000034e-01 -1.290000000000000036e-01 -1.109999999999999876e-02
1.927699999999999969e+00 2.913000000000000034e-01 -1.466000000000000081e-01 2.065000000000000169e-02
2.091400000000000148e+00 2.913000000000000034e-01 -1.564499999999999780e-01 2.240000000000000324e-02
2.254999999999999893e+00 2.913000000000000034e-01 -1.448500000000000065e-01 3.570000000000000256e-02
2.418600000000000083e+00 2.913000000000000034e-01 -1.368499999999999994e-01 5.084999999999999937e-02
2.582300000000000040e+00 2.913000000000000034e-01 -1.429999999999999882e-01 5.985000000000000042e-02
2.745899999999999785e+00 2.913000000000000034e-01 -1.413500000000000034e-01 9.045000000000000262e-02
2.909600000000000186e+00 2.913000000000000034e-01 -1.582999999999999963e-01 1.036499999999999921e-01
3.073199999999999932e+00 2.913000000000000034e-01 -1.530500000000000194e-01 1.282500000000000029e-01
3.236800000000000122e+00 2.913000000000000034e-01 -1.310999999999999943e-01 1.737499999999999878e-01
3.400500000000000078e+00 2.913000000000000034e-01 -1.263999999999999846e-01 1.712499999999999856e-01
3.564099999999999824e+00 2.913000000000000034e-01 -1.188500000000000112e-01 1.838500000000000134e-01
3.727799999999999780e+00 2.913000000000000034e-01 -9.545000000000000706e-02 2.254500000000000115e-01
3.891399999999999970e+00 2.913000000000000034e-01 -9.354999999999999427e-02 2.177000000000000046e-01
4.055100000000000371e+00 2.913000000000000034e-01 -8.530000000000000082e-02 1.971999999999999864e-01
4.218700000000000117e+00 2.913000000000000034e-01 -8.279999999999999860e-02 2.118499999999999828e-01
4.382299999999999862e+00 2.913000000000000034e-01 -7.539999999999999480e-02 2.173499999999999877e-01
4.546000000000000263e+00 2.913000000000000034e-01 -7.239999999999999214e-02 1.985500000000000043e-01
4.709600000000000009e+00 2.913000000000000034e-01 -7.370000000000000162e-02 1.964499999999999857e-01
4.873300000000000409e+00 2.913000000000000034e-01 -7.100000000000000755e-02 2.094499999999999973e-01
5.036900000000000155e+00 2.913000000000000034e-01 -6.099999999999999867e-02 2.162499999999999978e-01
5.200599999999999667e+00 2.913000000000000034e-01 -4.939999999999999947e-02 2.098000000000000143e-01
5.364200000000000301e+00 2.913000000000000034e-01 -4.000000000000000083e-02 2.086000000000000076e-01
5.527800000000000047e+00 2.913000000000000034e-01 -3.774999999999999883e-02 1.988999999999999935e-01
5.691499999999999559e+00 2.913000000000000034e-01 -3.425000000000000266e-02 2.016999999999999904e-01
5.855100000000000193e+00 2.913000000000000034e-01 -2.675000000000000294e-02 2.061999999999999944e-01
6.018799999999999706e+00 2.913000000000000034e-01 -1.705000000000000265e-02 2.037999999999999812e-01
6.182400000000000340e+00 2.913000000000000034e-01 1.135000000000000071e-02 1.778000000000000136e-01
6.346099999999999852e+00 2.913000000000000034e-01 7.049999999999999843e-03 1.801999999999999991e-01
6.509699999999999598e+00 2.913000000000000034e-01 -4.499999999999998793e-04 1.628499999999999948e-01
6.673300000000000232e+00 2.913000000000000034e-01 6.900000000000000751e-03 1.233999999999999958e-01
6.836999999999999744e+00 2.913000000000000034e-01 1.079999999999999884e-02 8.489999999999998936e-02
7.000600000000000378e+00 2.913000000000000034e-01 -5.150000000000000064e-03 -2.500000000000000052e-03
7.164299999999999891e+00 2.913000000000000034e-01 1.249999999999999375e-03 -7.199999999999999803e-03
7.327899999999999636e+00 2.913000000000000034e-01 1.820000000000000090e-02 1.038499999999999979e-01
1.275999999999999912e-01 1.275999999999999912e-01 -1.805000000000000007e-02 -1.665999999999999981e-01
2.913000000000000034e-01 1.275999999999999912e-01 -4.610000000000000209e-02 -9.204999999999999294e-02
4.549000000000000266e-01 1.275999999999999912e-01 -7.130000000000000226e-02 -1.623499999999999943e-01
6.186000000000000387e-01 1.275999999999999912e-01 -8.615000000000000435e-02 -1.703500000000000014e-01
7.822000000000000064e-01 1.275999999999999912e-01 -9.315000000000001057e-02 -1.350000000000000089e-01
9.458999999999999631e-01 1.275999999999999912e-01 -1.091999999999999915e-01 -1.113500000000000045e-01
1.109499999999999931e+00 1.275999999999999912e-01 -1.208999999999999936e-01 -9.264999999999999625e-02
1.273099999999999898e+00 1.275999999999999912e-01 -1.076499999999999957e-01 -4.925000000000000211e-02
1.436800000000000077e+00 1.275999999999999912e-01 -1.507499999999999951e-01 -9.145000000000000351e-02
1.600400000000000045e+00 1.275999999999999912e-01 -1.288999999999999868e-01 -2.730000000000000135e-02
1.764100000000000001e+00 1.275999999999999912e-01 -1.310999999999999943e-01 1.088500000000000023e-01
1.927699999999999969e+00 1.275999999999999912e-01 -1.432499999999999885e-01 -1.499999999999973577e-04
2.091400000000000148e+00 1.275999999999999912e-01 -1.765499999999999847e-01 -1.595000000000000237e-02
2.254999999999999893e+00 1.275999999999999912e-01 -1.713500000000000023e-01 1.544999999999999846e-02
2.418600000000000083e+00 1.275999999999999912e-01 -1.463999999999999746e-01 5.049999999999999628e-02
2.582300000000000040e+00 1.275999999999999912e-01 -1.504500000000000004e-01 5.709999999999999798e-02
2.745899999999999785e+00 1.275999999999999912e-01 -1.788500000000000090e-01 5.730000000000000371e-02
2.909600000000000186e+00 1.275999999999999912e-01 -1.794499999999999984e-01 7.769999999999999130e-02
3.073199999999999932e+00 1.275999999999999912e-01 -1.637500000000000067e-01 1.132499999999999896e-01
3.236800000000000122e+00 1.275999999999999912e-01 -1.605000000000000038e-01 1.819500000000000006e-01
3.400500000000000078e+00 1.275999999999999912e-01 -1.599500000000000088e-01 1.562000000000000055e-01
3.564099999999999824e+00 1.275999999999999912e-01 -1.330000000000000071e-01 1.650000000000000078e-01
3.727799999999999780e+00 1.275999999999999912e-01 -1.132999999999999979e-01 2.362499999999999878e-01
3.891399999999999970e+00 1.275999999999999912e-01 -1.014499999999999985e-01 2.235000000000000042e-01
4.055100000000000371e+00 1.275999999999999912e-01 -8.945000000000000173e-02 2.094999999999999918e-01
4.218700000000000117e+00 1.275999999999999912e-01 -8.205000000000001181e-02 2.134000000000000064e-01
4.382299999999999862e+00 1.275999999999999912e-01 -7.075000000000000733e-02 2.144000000000000072e-01
4.546000000000000263e+00 1.275999999999999912e-01 -6.769999999999999629e-02 2.064499999999999946e-01
4.709600000000000009e+00 1.275999999999999912e-01 -6.834999999999999409e-02 2.104000000000000037e-01
4.873300000000000409e+00 1.275999999999999912e-01 -7.130000000000000226e-02 2.094000000000000028e-01
5.036900000000000155e+00 1.275999999999999912e-01 -6.244999999999999857e-02 2.188499999999999890e-01
5.200599999999999667e+00 1.275999999999999912e-01 -5.480000000000000149e-02 2.076999999999999957e-01
5.364200000000000301e+00 1.275999999999999912e-01 -6.645000000000000906e-02 2.398500000000000076e-01
5.527800000000000047e+00 1.275999999999999912e-01 -4.090000000000000580e-02 2.098999999999999755e-01
5.691499999999999559e+00 1.275999999999999912e-01 -3.899999999999999994e-02 2.100999999999999812e-01
5.855100000000000193e+00 1.275999999999999912e-01 -1.580000000000000154e-02 1.904500000000000082e-01
6.018799999999999706e+00 1.275999999999999912e-01 -2.730000000000000135e-02 2.021999999999999909e-01
6.182400000000000340e+00 1.275999999999999912e-01 -7.200000000000000670e-03 1.624499999999999833e-01
6.346099999999999852e+00 1.275999999999999912e-01 -8.300000000000000086e-03 2.145000000000000032e-02
6.509699999999999598e+00 1.275999999999999912e-01 1.280000000000000061e-02 1.325500000000000012e-01
6.673300000000000232e+00 1.275999999999999912e-01 6.850000000000000186e-03 1.270499999999999963e-01
6.836999999999999744e+00 1.275999999999999912e-01 -8.250000000000000389e-03 -1.480000000000000066e-02
7.000600000000000378e+00 1.275999999999999912e-01 -8.000000000000000383e-04 -6.399999999999999439e-03
7.164299999999999891e+00 1.275999999999999912e-01 -1.135000000000000071e-02 -2.100000000000000304e-03
7.327899999999999636e+00 1.275999999999999912e-01 -5.899999999999999863e-03 -1.584999999999999951e-02
