1.275999999999999912e-01 1.927699999999999969e+00 1.088000000000000078e-01 -8.064999999999999947e-02
2.913000000000000034e-01 1.927699999999999969e+00 1.038499999999999979e-01 -8.190000000000000058e-02
4.549000000000000266e-01 1.927699999999999969e+00 1.005999999999999950e-01 -8.585000000000000964e-02
6.186000000000000387e-01 1.927699999999999969e+00 1.077499999999999986e-01 -9.304999999999999383e-02
7.822000000000000064e-01 1.927699999999999969e+00 1.046499999999999930e-01 -9.700000000000000289e-02
9.458999999999999631e-01 1.927699999999999969e+00 9.779999999999999805e-02 -1.003000000000000003e-01
1.109499999999999931e+00 1.927699999999999969e+00 1.039500000000000007e-01 -1.028999999999999915e-01
1.273099999999999898e+00 1.927699999999999969e+00 1.013999999999999901e-01 -1.086000000000000021e-01
1.436800000000000077e+00 1.927699999999999969e+00 9.065000000000000835e-02 -1.098000000000000087e-01
1.600400000000000045e+00 1.927699999999999969e+00 8.240000000000000102e-02 -1.052000000000000018e-01
1.764100000000000001e+00 1.927699999999999969e+00 8.485000000000000875e-02 -1.067000000000000032e-01
1.927699999999999969e+00 1.927699999999999969e+00 8.374999999999999112e-02 -1.139000000000000012e-01
2.091400000000000148e+00 1.927699999999999969e+00 8.340000000000000191e-02 -1.271500000000000130e-01
2.254999999999999893e+00 1.927699999999999969e+00 9.429999999999999494e-02 -1.317500000000000060e-01
2.418600000000000083e+00 1.927699999999999969e+00 8.290000000000000147e-02 -1.272999999999999965e-01
2.582300000000000040e+00 1.927699999999999969e+00 8.329999999999999905e-02 -1.432999999999999829e-01
2.745899999999999785e+00 1.927699999999999969e+00 8.169999999999999485e-02 -1.468499999999999805e-01
2.909600000000000186e+00 1.927699999999999969e+00 8.140000000000000013e-02 -1.542000000000000037e-01
3.073199999999999932e+00 1.927699999999999969e+00 7.985000000000000431e-02 -1.535499999999999921e-01
3.236800000000000122e+00 1.927699999999999969e+00 7.424999999999999656e-02 -1.509000000000000064e-01
3.400500000000000078e+00 1.927699999999999969e+00 7.274999999999999523e-02 -1.506500000000000061e-01
3.564099999999999824e+00 1.927699999999999969e+00 6.790000000000000202e-02 -1.600000000000000033e-01
3.727799999999999780e+00 1.927699999999999969e+00 6.609999999999999210e-02 -1.737000000000000210e-01
3.891399999999999970e+00 1.927699999999999969e+00 5.949999999999999734e-02 -1.742000000000000215e-01
4.055100000000000371e+00 1.927699999999999969e+00 5.635000000000000425e-02 -1.731999999999999929e-01
4.218700000000000117e+00 1.927699999999999969e+00 5.904999999999999832e-02 -1.615499999999999992e-01
4.382299999999999862e+00 1.927699999999999969e+00 5.539999999999999786e-02 -1.764999999999999902e-01
4.546000000000000263e+00 1.927699999999999969e+00 4.770000000000000628e-02 -1.872499999999999998e-01
4.709600000000000009e+00 1.927699999999999969e+00 4.095000000000000029e-02 -1.813500000000000112e-01
4.873300000000000409e+00 1.927699999999999969e+00 3.250000000000000111e-02 -1.859999999999999987e-01
5.036900000000000155e+00 1.927699999999999969e+00 2.720000000000000195e-02 -1.949500000000000122e-01
5.200599999999999667e+00 1.927699999999999969e+00 2.264999999999999999e-02 -1.917999999999999983e-01
5.364200000000000301e+00 1.927699999999999969e+00 2.255000000000000060e-02 -2.075500000000000123e-01
5.527800000000000047e+00 1.927699999999999969e+00 1.864999999999999991e-02 -2.093499999999999805e-01
5.691499999999999559e+00 1.927699999999999969e+00 4.000000000000000083e-03 -2.157999999999999918e-01
5.855100000000000193e+00 1.927699999999999969e+00 -4.599999999999999922e-03 -2.232500000000000040e-01
6.018799999999999706e+00 1.927699999999999969e+00 -5.150000000000000064e-03 -2.226500000000000146e-01
6.182400000000000340e+00 1.927699999999999969e+00 -1.920000000000000179e-02 -2.267500000000000071e-01
6.346099999999999852e+00 1.927699999999999969e+00 -3.139999999999999736e-02 -2.257500000000000062e-01
6.509699999999999598e+00 1.927699999999999969e+00 -3.894999999999999851e-02 -2.258999999999999897e-01
6.673300000000000232e+00 1.927699999999999969e+00 -5.069999999999999507e-02 -2.218999999999999861e-01
6.836999999999999744e+00 1.927699999999999969e+00 -6.470000000000000751e-02 -2.200999999999999901e-01
7.000600000000000378e+00 1.927699999999999969e+00 -7.044999999999999873e-02 -2.167000000000000037e-01
7.164299999999999891e+00 1.927699999999999969e+00 -8.244999999999999551e-02 -2.077999999999999847e-01
7.327899999999999636e+00 1.927699999999999969e+00 -8.770000000000000018e-02 -2.104000000000000037e-01
1.275999999999999912e-01 1.764100000000000001e+00 1.150999999999999940e-01 -8.114999999999999991e-02
2.913000000000000034e-01 1.764100000000000001e+00 1.118500000000000050e-01 -9.479999999999999538e-02
4.549000000000000266e-01 1.764100000000000001e+00 1.080000000000000127e-01 -9.979999999999999982e-02
6.186000000000000387e-01 1.764100000000000001e+00 1.078000000000000069e-01 -1.014500000000000124e-01
7.822000000000000064e-01 1.764100000000000001e+00 1.077000000000000041e-01 -1.057000000000000023e-01
9.458999999999999631e-01 1.764100000000000001e+00 1.017499999999999932e-01 -1.108999999999999986e-01
1.109499999999999931e+00 1.764100000000000001e+00 9.484999999999998987e-02 -1.035999999999999976e-01
1.273099999999999898e+00 1.764100000000000001e+00 9.754999999999999782e-02 -1.147999999999999993e-01
1.436800000000000077e+00 1.764100000000000001e+00 9.229999999999999316e-02 -1.209500000000000020e-01
1.600400000000000045e+00 1.764100000000000001e+00 9.024999999999999689e-02 -1.241500000000000103e-01
1.764100000000000001e+00 1.764100000000000001e+00 8.920000000000000151e-02 -1.214500000000000024e-01
1.927699999999999969e+00 1.764100000000000001e+00 9.049999999999999711e-02 -1.306499999999999884e-01
2.091400000000000148e+00 1.764100000000000001e+00 9.245000000000000440e-02 -1.469000000000000028e-01
2.254999999999999893e+00 1.764100000000000001e+00 9.625000000000000222e-02 -1.529500000000000026e-01
2.418600000000000083e+00 1.764100000000000001e+00 9.479999999999999538e-02 -1.443000000000000116e-01
2.582300000000000040e+00 1.764100000000000001e+00 8.615000000000000435e-02 -1.490499999999999881e-01
2.745899999999999785e+00 1.764100000000000001e+00 9.129999999999999227e-02 -1.587500000000000022e-01
2.909600000000000186e+00 1.764100000000000001e+00 8.809999999999999776e-02 -1.613999999999999879e-01
3.073199999999999932e+00 1.764100000000000001e+00 8.260000000000000675e-02 -1.643499999999999961e-01
3.236800000000000122e+00 1.764100000000000001e+00 8.304999999999999882e-02 -1.762000000000000233e-01
3.400500000000000078e+00 1.764100000000000001e+00 8.129999999999999727e-02 -1.774499999999999966e-01
3.564099999999999824e+00 1.764100000000000001e+00 7.425000000000001044e-02 -1.733999999999999986e-01
3.727799999999999780e+00 1.764100000000000001e+00 6.695000000000000950e-02 -1.754999999999999893e-01
3.891399999999999970e+00 1.764100000000000001e+00 6.245000000000000551e-02 -1.777500000000000191e-01
4.055100000000000371e+00 1.764100000000000001e+00 6.275000000000000022e-02 -1.872999999999999943e-01
4.218700000000000117e+00 1.764100000000000001e+00 5.640000000000000568e-02 -1.848500000000000143e-01
4.382299999999999862e+00 1.764100000000000001e+00 4.870000000000000023e-02 -1.872000000000000053e-01
4.546000000000000263e+00 1.764100000000000001e+00 5.430000000000000104e-02 -2.090999999999999803e-01
4.709600000000000009e+00 1.764100000000000001e+00 5.140000000000000124e-02 -2.178999999999999826e-01
4.873300000000000409e+00 1.764100000000000001e+00 3.744999999999999718e-02 -2.232500000000000040e-01
5.036900000000000155e+00 1.764100000000000001e+00 3.790000000000000313e-02 -2.329499999999999904e-01
5.200599999999999667e+00 1.764100000000000001e+00 2.944999999999999701e-02 -2.362500000000000155e-01
5.364200000000000301e+00 1.764100000000000001e+00 2.370000000000000231e-02 -2.438500000000000112e-01
5.527800000000000047e+00 1.764100000000000001e+00 1.795000000000000068e-02 -2.284500000000000142e-01
5.691499999999999559e+00 1.764100000000000001e+00 1.149999999999999981e-02 -2.485999999999999877e-01
5.855100000000000193e+00 1.764100000000000001e+00 -2.050000000000000173e-03 -2.397500000000000187e-01
6.018799999999999706e+00 1.764100000000000001e+00 -1.339999999999999872e-02 -2.412500000000000200e-01
6.182400000000000340e+00 1.764100000000000001e+00 -1.734999999999999737e-02 -2.414499999999999980e-01
6.346099999999999852e+00 1.764100000000000001e+00 -2.700000000000000316e-02 -2.404000000000000026e-01
6.509699999999999598e+00 1.764100000000000001e+00 -3.454999999999999738e-02 -2.315499999999999781e-01
6.673300000000000232e+00 1.764100000000000001e+00 -5.385000000000000203e-02 -2.330499999999999794e-01
6.836999999999999744e+00 1.764100000000000001e+00 -7.355000000000000426e-02 -2.321500000000000230e-01
7.000600000000000378e+00 1.764100000000000001e+00 -7.595000000000000362e-02 -2.378000000000000114e-01
7.164299999999999891e+00 1.764100000000000001e+00 -9.080000000000000571e-02 -2.278499999999999970e-01
7.327899999999999636e+00 1.764100000000000001e+00 -1.024499999999999994e-01 -2.288999999999999924e-01
1.275999999999999912e-01 1.600400000000000045e+00 1.164000000000000035e-01 -8.999999999999999667e-02
2.913000000000000034e-01 1.600400000000000045e+00 1.161500000000000032e-01 -1.005000000000000060e-01
4.549000000000000266e-01 1.600400000000000045e+00 1.093999999999999972e-01 -1.055000000000000104e-01
6.186000000000000387e-01 1.600400000000000045e+00 1.100500000000000089e-01 -1.012500000000000067e-01
7.822000000000000064e-01 1.600400000000000045e+00 1.024999999999999939e-01 -1.079499999999999904e-01
9.458999999999999631e-01 1.600400000000000045e+00 1.004500000000000115e-01 -1.132999999999999979e-01
1.109499999999999931e+00 1.600400000000000045e+00 1.023000000000000020e-01 -1.197499999999999953e-01
1.273099999999999898e+00 1.600400000000000045e+00 9.964999999999998859e-02 -1.184499999999999997e-01
1.436800000000000077e+00 1.600400000000000045e+00 1.000500000000000000e-01 -1.300499999999999989e-01
1.600400000000000045e+00 1.600400000000000045e+00 9.679999999999999716e-02 -1.355500000000000038e-01
1.764100000000000001e+00 1.600400000000000045e+00 1.013499999999999956e-01 -1.375000000000000111e-01
1.927699999999999969e+00 1.600400000000000045e+00 9.969999999999999696e-02 -1.468500000000000083e-01
2.091400000000000148e+00 1.600400000000000045e+00 9.800000000000000377e-02 -1.505000000000000226e-01
2.254999999999999893e+00 1.600400000000000045e+00 9.954999999999999960e-02 -1.509500000000000008e-01
2.418600000000000083e+00 1.600400000000000045e+00 9.740000000000000047e-02 -1.562000000000000055e-01
2.582300000000000040e+00 1.600400000000000045e+00 9.504999999999999560e-02 -1.640999999999999959e-01
2.745899999999999785e+00 1.600400000000000045e+00 9.064999999999999447e-02 -1.721000000000000030e-01
2.909600000000000186e+00 1.600400000000000045e+00 8.590000000000000413e-02 -1.706000000000000016e-01
3.073199999999999932e+00 1.600400000000000045e+00 8.465000000000000302e-02 -1.820499999999999896e-01
3.236800000000000122e+00 1.600400000000000045e+00 8.250000000000000389e-02 -1.917000000000000093e-01
3.400500000000000078e+00 1.600400000000000045e+00 8.190000000000000058e-02 -1.880499999999999949e-01
3.564099999999999824e+00 1.600400000000000045e+00 7.705000000000000737e-02 -2.025500000000000078e-01
3.727799999999999780e+00 1.600400000000000045e+00 7.649999999999999856e-02 -2.031499999999999972e-01
3.891399999999999970e+00 1.600400000000000045e+00 7.610000000000000098e-02 -1.995500000000000052e-01
4.055100000000000371e+00 1.600400000000000045e+00 7.199999999999999456e-02 -2.121500000000000052e-01
4.218700000000000117e+00 1.600400000000000045e+00 7.080000000000000182e-02 -2.164500000000000035e-01
4.382299999999999862e+00 1.600400000000000045e+00 6.105000000000000010e-02 -2.177499999999999991e-01
4.546000000000000263e+00 1.600400000000000045e+00 5.870000000000000218e-02 -2.242000000000000104e-01
4.709600000000000009e+00 1.600400000000000045e+00 5.245000000000000356e-02 -2.293999999999999928e-01
4.873300000000000409e+00 1.600400000000000045e+00 4.390000000000000152e-02 -2.321499999999999952e-01
5.036900000000000155e+00 1.600400000000000045e+00 4.445000000000000340e-02 -2.460499999999999909e-01
5.200599999999999667e+00 1.600400000000000045e+00 3.375000000000000222e-02 -2.428000000000000158e-01
5.364200000000000301e+00 1.600400000000000045e+00 2.925000000000000169e-02 -2.636499999999999955e-01
5.527800000000000047e+00 1.600400000000000045e+00 1.714999999999999858e-02 -2.676000000000000045e-01
5.691499999999999559e+00 1.600400000000000045e+00 1.805000000000000007e-02 -2.641999999999999904e-01
5.855100000000000193e+00 1.600400000000000045e+00 3.549999999999999770e-03 -2.711999999999999966e-01
6.018799999999999706e+00 1.600400000000000045e+00 -1.240000000000000130e-02 -2.677499999999999880e-01
6.182400000000000340e+00 1.600400000000000045e+00 -1.930000000000000118e-02 -2.643500000000000294e-01
6.346099999999999852e+00 1.600400000000000045e+00 -2.754999999999999810e-02 -2.653499999999999748e-01
6.509699999999999598e+00 1.600400000000000045e+00 -3.710000000000000103e-02 -2.711000000000000076e-01
6.673300000000000232e+00 1.600400000000000045e+00 -4.564999999999999614e-02 -2.712499999999999911e-01
6.836999999999999744e+00 1.600400000000000045e+00 -5.555000000000000215e-02 -2.250000000000000333e-01
7.000600000000000378e+00 1.600400000000000045e+00 -7.250000000000000888e-02 -2.560000000000000053e-01
7.164299999999999891e+00 1.600400000000000045e+00 -1.005500000000000005e-01 -2.510999999999999899e-01
7.327899999999999636e+00 1.600400000000000045e+00 -1.070499999999999924e-01 -2.462000000000000022e-01
1.275999999999999912e-01 1.436800000000000077e+00 1.128499999999999920e-01 -1.016999999999999987e-01
2.913000000000000034e-01 1.436800000000000077e+00 1.212000000000000022e-01 -1.131500000000000006e-01
4.549000000000000266e-01 1.436800000000000077e+00 1.194999999999999951e-01 -1.064999999999999974e-01
6.186000000000000387e-01 1.436800000000000077e+00 1.157499999999999918e-01 -1.136500000000000010e-01
7.822000000000000064e-01 1.436800000000000077e+00 1.134999999999999898e-01 -1.207999999999999907e-01
9.458999999999999631e-01 1.436800000000000077e+00 8.964999999999999358e-02 -1.098500000000000032e-01
1.109499999999999931e+00 1.436800000000000077e+00 9.975000000000000533e-02 -1.298499999999999932e-01
1.273099999999999898e+00 1.436800000000000077e+00 1.018499999999999961e-01 -1.398500000000000021e-01
1.436800000000000077e+00 1.436800000000000077e+00 1.101499999999999979e-01 -1.526000000000000134e-01
1.600400000000000045e+00 1.436800000000000077e+00 1.010999999999999954e-01 -1.400000000000000133e-01
1.764100000000000001e+00 1.436800000000000077e+00 1.032500000000000084e-01 -1.455500000000000127e-01
1.927699999999999969e+00 1.436800000000000077e+00 1.047499999999999959e-01 -1.638999999999999901e-01
2.091400000000000148e+00 1.436800000000000077e+00 1.026999999999999996e-01 -1.665999999999999981e-01
2.254999999999999893e+00 1.436800000000000077e+00 1.048000000000000043e-01 -1.620000000000000051e-01
2.418600000000000083e+00 1.436800000000000077e+00 1.058499999999999996e-01 -1.678999999999999937e-01
2.582300000000000040e+00 1.436800000000000077e+00 1.030500000000000027e-01 -1.808000000000000163e-01
2.745899999999999785e+00 1.436800000000000077e+00 1.002000000000000113e-01 -1.822000000000000008e-01
2.909600000000000186e+00 1.436800000000000077e+00 9.554999999999999605e-02 -1.794000000000000039e-01
3.073199999999999932e+00 1.436800000000000077e+00 9.089999999999999469e-02 -1.978499999999999981e-01
3.236800000000000122e+00 1.436800000000000077e+00 9.379999999999999449e-02 -2.101500000000000035e-01
3.400500000000000078e+00 1.436800000000000077e+00 8.590000000000000413e-02 -2.112499999999999933e-01
3.564099999999999824e+00 1.436800000000000077e+00 8.544999999999999818e-02 -2.252500000000000058e-01
3.727799999999999780e+00 1.436800000000000077e+00 8.365000000000000213e-02 -2.271999999999999853e-01
3.891399999999999970e+00 1.436800000000000077e+00 8.079999999999999682e-02 -2.273999999999999910e-01
4.055100000000000371e+00 1.436800000000000077e+00 7.314999999999999281e-02 -2.288999999999999924e-01
4.218700000000000117e+00 1.436800000000000077e+00 7.220000000000000029e-02 -2.327500000000000124e-01
4.382299999999999862e+00 1.436800000000000077e+00 6.410000000000000420e-02 -2.349499999999999922e-01
4.546000000000000263e+00 1.436800000000000077e+00 6.554999999999999716e-02 -2.567999999999999727e-01
4.709600000000000009e+00 1.436800000000000077e+00 5.745000000000000107e-02 -2.462999999999999912e-01
4.873300000000000409e+00 1.436800000000000077e+00 5.509999999999999620e-02 -2.485499999999999932e-01
5.036900000000000155e+00 1.436800000000000077e+00 4.730000000000000177e-02 -2.757999999999999896e-01
5.200599999999999667e+00 1.436800000000000077e+00 4.084999999999999742e-02 -2.834999999999999742e-01
5.364200000000000301e+00 1.436800000000000077e+00 3.285000000000000420e-02 -2.913999999999999924e-01
5.527800000000000047e+00 1.436800000000000077e+00 2.099999999999999784e-02 -2.849500000000000366e-01
5.691499999999999559e+00 1.436800000000000077e+00 1.764999999999999902e-02 -2.919999999999999818e-01
5.855100000000000193e+00 1.436800000000000077e+00 2.000000000000000042e-03 -2.933499999999999996e-01
6.018799999999999706e+00 1.436800000000000077e+00 -6.850000000000000186e-03 -3.089000000000000079e-01
6.182400000000000340e+00 1.436800000000000077e+00 -1.209999999999999964e-02 -2.867500000000000049e-01
6.346099999999999852e+00 1.436800000000000077e+00 -2.559999999999999776e-02 -2.915999999999999703e-01
6.509699999999999598e+00 1.436800000000000077e+00 -3.905000000000000138e-02 -3.052000000000000268e-01
6.673300000000000232e+00 1.436800000000000077e+00 -5.720000000000000084e-02 -3.094999999999999973e-01
6.836999999999999744e+00 1.436800000000000077e+00 -6.400000000000000133e-02 -2.531999999999999806e-01
7.000600000000000378e+00 1.436800000000000077e+00 -8.644999999999999907e-02 -2.898999999999999910e-01
7.164299999999999891e+00 1.436800000000000077e+00 -1.021999999999999992e-01 -2.849499999999999811e-01
7.327899999999999636e+00 1.436800000000000077e+00 -1.117500000000000021e-01 -2.737499999999999933e-01
1.275999999999999912e-01 1.273099999999999898e+00 1.143000000000000127e-01 -1.111499999999999988e-01
2.913000000000000034e-01 1.273099999999999898e+00 1.140499999999999986e-01 -1.144000000000000017e-01
4.549000000000000266e-01 1.273099999999999898e+00 1.108999999999999986e-01 -1.166999999999999982e-01
6.186000000000000387e-01 1.273099999999999898e+00 1.096000000000000030e-01 -1.193999999999999923e-01
7.822000000000000064e-01 1.273099999999999898e+00 1.103999999999999981e-01 -1.306499999999999884e-01
9.458999999999999631e-01 1.273099999999999898e+00 9.475000000000000089e-02 -1.118999999999999995e-01
1.109499999999999931e+00 1.273099999999999898e+00 1.139999999999999902e-01 -1.522999999999999909e-01
1.273099999999999898e+00 1.273099999999999898e+00 1.163500000000000090e-01 -1.583999999999999853e-01
1.436800000000000077e+00 1.273099999999999898e+00 1.199999999999999956e-01 -1.611500000000000155e-01
1.600400000000000045e+00 1.273099999999999898e+00 1.181000000000000105e-01 -1.673000000000000043e-01
1.764100000000000001e+00 1.273099999999999898e+00 1.129999999999999893e-01 -1.698999999999999955e-01
1.927699999999999969e+00 1.273099999999999898e+00 1.146500000000000019e-01 -1.806500000000000050e-01
2.091400000000000148e+00 1.273099999999999898e+00 1.099500000000000061e-01 -1.868500000000000161e-01
2.254999999999999893e+00 1.273099999999999898e+00 1.050999999999999990e-01 -1.786500000000000032e-01
2.418600000000000083e+00 1.273099999999999898e+00 1.100500000000000089e-01 -1.985500000000000043e-01
2.582300000000000040e+00 1.273099999999999898e+00 1.050999999999999990e-01 -1.919000000000000150e-01
2.745899999999999785e+00 1.273099999999999898e+00 1.029999999999999943e-01 -2.021499999999999964e-01
2.909600000000000186e+00 1.273099999999999898e+00 9.954999999999999960e-02 -2.084499999999999964e-01
3.073199999999999932e+00 1.273099999999999898e+00 9.894999999999999629e-02 -2.017499999999999849e-01
3.236800000000000122e+00 1.273099999999999898e+00 9.340000000000001079e-02 -2.220000000000000029e-01
3.400500000000000078e+00 1.273099999999999898e+00 8.690000000000000502e-02 -2.303000000000000047e-01
3.564099999999999824e+00 1.273099999999999898e+00 8.959999999999999909e-02 -2.375999999999999779e-01
3.727799999999999780e+00 1.273099999999999898e+00 8.705000000000000238e-02 -2.382500000000000173e-01
3.891399999999999970e+00 1.273099999999999898e+00 8.444999999999999729e-02 -2.495999999999999885e-01
4.055100000000000371e+00 1.273099999999999898e+00 7.629999999999999283e-02 -2.485499999999999932e-01
4.218700000000000117e+00 1.273099999999999898e+00 7.320000000000000118e-02 -2.463000000000000189e-01
4.382299999999999862e+00 1.273099999999999898e+00 7.239999999999999214e-02 -2.608500000000000263e-01
4.546000000000000263e+00 1.273099999999999898e+00 6.790000000000000202e-02 -2.804499999999999771e-01
4.709600000000000009e+00 1.273099999999999898e+00 6.414999999999999869e-02 -2.878499999999999948e-01
4.873300000000000409e+00 1.273099999999999898e+00 5.609999999999999709e-02 -2.817000000000000060e-01
5.036900000000000155e+00 1.273099999999999898e+00 4.950000000000000233e-02 -2.865499999999999714e-01
5.200599999999999667e+00 1.273099999999999898e+00 4.674999999999999989e-02 -3.054000000000000048e-01
5.364200000000000301e+00 1.273099999999999898e+00 3.899999999999999994e-02 -3.202499999999999791e-01
5.527800000000000047e+00 1.273099999999999898e+00 2.915000000000000230e-02 -3.145999999999999908e-01
5.691499999999999559e+00 1.273099999999999898e+00 1.880000000000000074e-02 -3.148000000000000242e-01
5.855100000000000193e+00 1.273099999999999898e+00 6.899999999999999883e-03 -3.268499999999999739e-01
6.018799999999999706e+00 1.273099999999999898e+00 3.499999999999999964e-04 -3.386500000000000066e-01
6.182400000000000340e+00 1.273099999999999898e+00 -1.350000000000000158e-02 -3.359499999999999709e-01
6.346099999999999852e+00 1.273099999999999898e+00 -2.745000000000000218e-02 -3.342999999999999861e-01
6.509699999999999598e+00 1.273099999999999898e+00 -4.000000000000000083e-02 -3.405500000000000194e-01
6.673300000000000232e+00 1.273099999999999898e+00 -5.079999999999999793e-02 -3.408499999999999863e-01
6.836999999999999744e+00 1.273099999999999898e+00 -6.520000000000000795e-02 -3.407999999999999918e-01
7.000600000000000378e+00 1.273099999999999898e+00 -8.954999999999999072e-02 -3.323500000000000343e-01
7.164299999999999891e+00 1.273099999999999898e+00 -1.086000000000000021e-01 -3.278999999999999693e-01
7.327899999999999636e+00 1.273099999999999898e+00 -1.276499999999999857e-01 -3.220499999999999474e-01
1.275999999999999912e-01 1.109499999999999931e+00 1.396499999999999964e-01 -1.437499999999999889e-01
2.913000000000000034e-01 1.109499999999999931e+00 1.293999999999999873e-01 -1.465000000000000191e-01
4.549000000000000266e-01 1.109499999999999931e+00 1.213000000000000050e-01 -1.336499999999999910e-01
6.186000000000000387e-01 1.109499999999999931e+00 1.201500000000000068e-01 -1.486999999999999988e-01
7.822000000000000064e-01 1.109499999999999931e+00 1.255999999999999894e-01 -1.586500000000000132e-01
9.458999999999999631e-01 1.109499999999999931e+00 1.151000000000000079e-01 -1.578999999999999848e-01
1.109499999999999931e+00 1.109499999999999931e+00 1.118999999999999995e-01 -1.665499999999999758e-01
1.273099999999999898e+00 1.109499999999999931e+00 1.179999999999999938e-01 -1.724999999999999867e-01
1.436800000000000077e+00 1.109499999999999931e+00 1.219500000000000028e-01 -1.794499999999999984e-01
1.600400000000000045e+00 1.109499999999999931e+00 1.131500000000000006e-01 -1.772500000000000187e-01
1.764100000000000001e+00 1.109499999999999931e+00 1.146999999999999964e-01 -1.795499999999999874e-01
1.927699999999999969e+00 1.109499999999999931e+00 1.211500000000000077e-01 -1.933500000000000218e-01
2.091400000000000148e+00 1.109499999999999931e+00 1.182999999999999885e-01 -2.052499999999999880e-01
2.254999999999999893e+00 1.109499999999999931e+00 1.221000000000000141e-01 -2.205499999999999960e-01
2.418600000000000083e+00 1.109499999999999931e+00 1.201499999999999929e-01 -2.258999999999999897e-01
2.582300000000000040e+00 1.109499999999999931e+00 1.127000000000000085e-01 -2.240999999999999936e-01
2.745899999999999785e+00 1.109499999999999931e+00 1.136999999999999955e-01 -2.313999999999999946e-01
2.909600000000000186e+00 1.109499999999999931e+00 1.102000000000000063e-01 -2.421500000000000041e-01
3.073199999999999932e+00 1.109499999999999931e+00 1.052499999999999963e-01 -2.449000000000000066e-01
3.236800000000000122e+00 1.109499999999999931e+00 9.594999999999999363e-02 -2.310500000000000054e-01
3.400500000000000078e+00 1.109499999999999931e+00 9.114999999999999492e-02 -2.541999999999999815e-01
3.564099999999999824e+00 1.109499999999999931e+00 8.724999999999999423e-02 -2.581999999999999851e-01
3.727799999999999780e+00 1.109499999999999931e+00 8.544999999999999818e-02 -2.517500000000000293e-01
3.891399999999999970e+00 1.109499999999999931e+00 8.770000000000000018e-02 -2.691999999999999948e-01
4.055100000000000371e+00 1.109499999999999931e+00 8.685000000000001052e-02 -2.849500000000000366e-01
4.218700000000000117e+00 1.109499999999999931e+00 8.519999999999999796e-02 -2.865000000000000324e-01
4.382299999999999862e+00 1.109499999999999931e+00 8.005000000000001004e-02 -3.025999999999999801e-01
4.546000000000000263e+00 1.109499999999999931e+00 6.944999999999999785e-02 -3.232499999999999818e-01
4.709600000000000009e+00 1.109499999999999931e+00 7.124999999999999389e-02 -3.340500000000000136e-01
4.873300000000000409e+00 1.109499999999999931e+00 6.339999999999999802e-02 -3.207499999999999796e-01
5.036900000000000155e+00 1.109499999999999931e+00 6.124999999999999889e-02 -3.296000000000000041e-01
5.200599999999999667e+00 1.109499999999999931e+00 5.625000000000000139e-02 -3.472000000000000086e-01
5.364200000000000301e+00 1.109499999999999931e+00 4.660000000000000253e-02 -3.570499999999999785e-01
5.527800000000000047e+00 1.109499999999999931e+00 3.805000000000000049e-02 -3.573999999999999955e-01
5.691499999999999559e+00 1.109499999999999931e+00 2.075000000000000108e-02 -3.559499999999999886e-01
5.855100000000000193e+00 1.109499999999999931e+00 7.700000000000000247e-03 -3.635499999999999843e-01
6.018799999999999706e+00 1.109499999999999931e+00 1.899999999999999779e-03 -3.837499999999999800e-01
6.182400000000000340e+00 1.109499999999999931e+00 -1.390000000000000090e-02 -3.871499999999999941e-01
6.346099999999999852e+00 1.109499999999999931e+00 -2.635000000000000189e-02 -3.671999999999999709e-01
6.509699999999999598e+00 1.109499999999999931e+00 -4.439999999999999503e-02 -3.828000000000000291e-01
6.673300000000000232e+00 1.109499999999999931e+00 -5.849999999999999645e-02 -3.855999999999999983e-01
6.836999999999999744e+00 1.109499999999999931e+00 -6.695000000000000950e-02 -3.777500000000000302e-01
7.000600000000000378e+00 1.109499999999999931e+00 -8.699999999999999400e-02 -3.693499999999999561e-01
7.164299999999999891e+00 1.109499999999999931e+00 -1.166000000000000092e-01 -3.838500000000000245e-01
7.327899999999999636e+00 1.109499999999999931e+00 -1.373000000000000054e-01 -3.720499999999999918e-01
1.275999999999999912e-01 9.458999999999999631e-01 1.509999999999999953e-01 -1.463499999999999801e-01
2.913000000000000034e-01 9.458999999999999631e-01 1.532499999999999973e-01 -1.614499999999999824e-01
4.549000000000000266e-01 9.458999999999999631e-01 1.259500000000000064e-01 -1.615499999999999992e-01
6.186000000000000387e-01 9.458999999999999631e-01 1.272999999999999965e-01 -1.636500000000000177e-01
7.822000000000000064e-01 9.458999999999999631e-01 1.240499999999999936e-01 -1.743500000000000050e-01
9.458999999999999631e-01 9.458999999999999631e-01 1.230499999999999927e-01 -1.854500000000000037e-01
1.109499999999999931e+00 9.458999999999999631e-01 1.185500000000000165e-01 -1.804999999999999938e-01
1.273099999999999898e+00 9.458999999999999631e-01 1.209999999999999964e-01 -1.840999999999999859e-01
1.436800000000000077e+00 9.458999999999999631e-01 1.188500000000000112e-01 -1.887500000000000011e-01
1.600400000000000045e+00 9.458999999999999631e-01 1.208500000000000130e-01 -2.044500000000000206e-01
1.764100000000000001e+00 9.458999999999999631e-01 1.228500000000000009e-01 -2.122999999999999887e-01
1.927699999999999969e+00 9.458999999999999631e-01 1.287500000000000033e-01 -2.166000000000000147e-01
2.091400000000000148e+00 9.458999999999999631e-01 1.285000000000000031e-01 -2.243499999999999939e-01
2.254999999999999893e+00 9.458999999999999631e-01 1.239999999999999991e-01 -2.361500000000000266e-01
2.418600000000000083e+00 9.458999999999999631e-01 1.247499999999999998e-01 -2.467999999999999916e-01
2.582300000000000040e+00 9.458999999999999631e-01 1.200999999999999984e-01 -2.616999999999999882e-01
2.745899999999999785e+00 9.458999999999999631e-01 1.158000000000000002e-01 -2.555499999999999994e-01
2.909600000000000186e+00 9.458999999999999631e-01 1.131500000000000006e-01 -2.690500000000000114e-01
3.073199999999999932e+00 9.458999999999999631e-01 1.129500000000000087e-01 -2.782499999999999973e-01
3.236800000000000122e+00 9.458999999999999631e-01 9.330000000000000793e-02 -2.505999999999999894e-01
3.400500000000000078e+00 9.458999999999999631e-01 1.029499999999999998e-01 -2.777000000000000024e-01
3.564099999999999824e+00 9.458999999999999631e-01 9.475000000000000089e-02 -2.908999999999999919e-01
3.727799999999999780e+00 9.458999999999999631e-01 8.565000000000000391e-02 -2.904999999999999805e-01
3.891399999999999970e+00 9.458999999999999631e-01 8.730000000000000260e-02 -3.018500000000000072e-01
4.055100000000000371e+00 9.458999999999999631e-01 8.265000000000000124e-02 -3.220999999999999974e-01
4.218700000000000117e+00 9.458999999999999631e-01 8.945000000000000173e-02 -3.301999999999999935e-01
4.382299999999999862e+00 9.458999999999999631e-01 8.965000000000000746e-02 -3.419999999999999707e-01
4.546000000000000263e+00 9.458999999999999631e-01 8.615000000000000435e-02 -3.531499999999999639e-01
4.709600000000000009e+00 9.458999999999999631e-01 8.605000000000000149e-02 -3.531999999999999584e-01
4.873300000000000409e+00 9.458999999999999631e-01 7.220000000000000029e-02 -3.561499999999999666e-01
5.036900000000000155e+00 9.458999999999999631e-01 6.435000000000000442e-02 -3.913499999999999757e-01
5.200599999999999667e+00 9.458999999999999631e-01 5.990000000000000185e-02 -3.900000000000000133e-01
5.364200000000000301e+00 9.458999999999999631e-01 5.444999999999999840e-02 -3.800000000000000044e-01
5.527800000000000047e+00 9.458999999999999631e-01 3.544999999999999540e-02 -3.897000000000000464e-01
5.691499999999999559e+00 9.458999999999999631e-01 2.614999999999999963e-02 -3.943999999999999728e-01
5.855100000000000193e+00 9.458999999999999631e-01 1.979999999999999816e-02 -4.122500000000000053e-01
6.018799999999999706e+00 9.458999999999999631e-01 7.199999999999999803e-03 -4.466999999999999860e-01
6.182400000000000340e+00 9.458999999999999631e-01 -2.950000000000000365e-03 -4.407500000000000306e-01
6.346099999999999852e+00 9.458999999999999631e-01 -1.179999999999999973e-02 -4.525500000000000078e-01
6.509699999999999598e+00 9.458999999999999631e-01 -3.855000000000000093e-02 -4.424000000000000155e-01
6.673300000000000232e+00 9.458999999999999631e-01 -5.220000000000000334e-02 -4.307999999999999607e-01
6.836999999999999744e+00 9.458999999999999631e-01 -7.180000000000000271e-02 -4.269000000000000017e-01
7.000600000000000378e+00 9.458999999999999631e-01 -8.915000000000000702e-02 -4.189500000000000446e-01
7.164299999999999891e+00 9.458999999999999631e-01 -1.136500000000000010e-01 -4.264499999999999957e-01
7.327899999999999636e+00 9.458999999999999631e-01 -1.578499999999999903e-01 -4.266499999999999737e-01
1.275999999999999912e-01 7.822000000000000064e-01 1.335000000000000075e-01 -1.612999999999999989e-01
2.913000000000000034e-01 7.822000000000000064e-01 1.429499999999999937e-01 -1.750499999999999834e-01
4.549000000000000266e-01 7.822000000000000064e-01 1.300000000000000044e-01 -1.866500000000000103e-01
6.186000000000000387e-01 7.822000000000000064e-01 1.211500000000000077e-01 -1.895000000000000018e-01
7.822000000000000064e-01 7.822000000000000064e-01 1.192499999999999949e-01 -1.964500000000000135e-01
9.458999999999999631e-01 7.822000000000000064e-01 1.175500000000000017e-01 -1.974000000000000199e-01
1.109499999999999931e+00 7.822000000000000064e-01 1.162499999999999922e-01 -2.067999999999999838e-01
1.273099999999999898e+00 7.822000000000000064e-01 1.165500000000000008e-01 -2.115500000000000158e-01
1.436800000000000077e+00 7.822000000000000064e-01 1.222499999999999976e-01 -2.116000000000000103e-01
1.600400000000000045e+00 7.822000000000000064e-01 1.239500000000000046e-01 -2.233499999999999930e-01
1.764100000000000001e+00 7.822000000000000064e-01 1.147499999999999909e-01 -2.225499999999999978e-01
1.927699999999999969e+00 7.822000000000000064e-01 1.289000000000000146e-01 -2.515000000000000013e-01
2.091400000000000148e+00 7.822000000000000064e-01 1.309500000000000108e-01 -2.654500000000000193e-01
2.254999999999999893e+00 7.822000000000000064e-01 1.234999999999999987e-01 -2.641000000000000014e-01
2.418600000000000083e+00 7.822000000000000064e-01 1.222499999999999976e-01 -2.600500000000000034e-01
2.582300000000000040e+00 7.822000000000000064e-01 1.237499999999999989e-01 -2.849999999999999756e-01
2.745899999999999785e+00 7.822000000000000064e-01 1.341999999999999860e-01 -3.092000000000000304e-01
2.909600000000000186e+00 7.822000000000000064e-01 1.285499999999999976e-01 -3.203000000000000291e-01
3.073199999999999932e+00 7.822000000000000064e-01 1.192499999999999949e-01 -3.287999999999999812e-01
3.236800000000000122e+00 7.822000000000000064e-01 1.126500000000000001e-01 -3.368999999999999773e-01
3.400500000000000078e+00 7.822000000000000064e-01 1.024500000000000133e-01 -3.215999999999999970e-01
3.564099999999999824e+00 7.822000000000000064e-01 9.969999999999999696e-02 -3.483499999999999930e-01
3.727799999999999780e+00 7.822000000000000064e-01 1.015999999999999959e-01 -3.524499999999999855e-01
3.891399999999999970e+00 7.822000000000000064e-01 9.829999999999999849e-02 -3.681999999999999718e-01
4.055100000000000371e+00 7.822000000000000064e-01 9.135000000000000064e-02 -3.745499999999999940e-01
4.218700000000000117e+00 7.822000000000000064e-01 9.270000000000000462e-02 -3.800999999999999934e-01
4.382299999999999862e+00 7.822000000000000064e-01 9.459999999999998965e-02 -3.820000000000000062e-01
4.546000000000000263e+00 7.822000000000000064e-01 9.065000000000000835e-02 -3.842999999999999750e-01
4.709600000000000009e+00 7.822000000000000064e-01 8.694999999999999951e-02 -4.084499999999999797e-01
4.873300000000000409e+00 7.822000000000000064e-01 7.974999999999998757e-02 -4.199499999999999900e-01
5.036900000000000155e+00 7.822000000000000064e-01 7.825000000000000011e-02 -4.396999999999999797e-01
5.200599999999999667e+00 7.822000000000000064e-01 7.175000000000000822e-02 -4.517999999999999794e-01
5.364200000000000301e+00 7.822000000000000064e-01 6.035000000000000087e-02 -4.360499999999999932e-01
5.527800000000000047e+00 7.822000000000000064e-01 4.014999999999999819e-02 -4.170500000000000318e-01
5.691499999999999559e+00 7.822000000000000064e-01 2.920000000000000373e-02 -4.352999999999999647e-01
5.855100000000000193e+00 7.822000000000000064e-01 2.485000000000000056e-02 -4.741499999999999604e-01
6.018799999999999706e+00 7.822000000000000064e-01 8.149999999999999259e-03 -4.864000000000000545e-01
6.182400000000000340e+00 7.822000000000000064e-01 3.400000000000000244e-03 -4.732500000000000040e-01
6.346099999999999852e+00 7.822000000000000064e-01 -1.584999999999999951e-02 -4.564500000000000224e-01
6.509699999999999598e+00 7.822000000000000064e-01 -3.105000000000000121e-02 -4.609499999999999709e-01
6.673300000000000232e+00 7.822000000000000064e-01 -4.850000000000000144e-02 -4.691000000000000170e-01
6.836999999999999744e+00 7.822000000000000064e-01 -7.654999999999999305e-02 -4.740999999999999659e-01
7.000600000000000378e+00 7.822000000000000064e-01 -9.434999999999998943e-02 -4.768499999999999961e-01
7.164299999999999891e+00 7.822000000000000064e-01 -1.245499999999999940e-01 -5.199000000000000288e-01
7.327899999999999636e+00 7.822000000000000064e-01 -1.561500000000000110e-01 -5.023500000000000743e-01
1.275999999999999912e-01 6.186000000000000387e-01 1.427999999999999825e-01 -1.944500000000000117e-01
2.913000000000000034e-01 6.186000000000000387e-01 1.107500000000000151e-01 -1.603999999999999870e-01
4.549000000000000266e-01 6.186000000000000387e-01 1.286499999999999866e-01 -1.995500000000000052e-01
6.186000000000000387e-01 6.186000000000000387e-01 1.227499999999999980e-01 -2.062999999999999834e-01
7.822000000000000064e-01 6.186000000000000387e-01 1.192000000000000004e-01 -2.151000000000000134e-01
9.458999999999999631e-01 6.186000000000000387e-01 1.168500000000000094e-01 -2.161000000000000143e-01
1.109499999999999931e+00 6.186000000000000387e-01 1.092000000000000054e-01 -2.258000000000000007e-01
1.273099999999999898e+00 6.186000000000000387e-01 1.275999999999999912e-01 -2.379499999999999948e-01
1.436800000000000077e+00 6.186000000000000387e-01 1.321499999999999897e-01 -2.577499999999999791e-01
1.600400000000000045e+00 6.186000000000000387e-01 1.199500000000000011e-01 -2.530000000000000027e-01
1.764100000000000001e+00 6.186000000000000387e-01 1.249000000000000110e-01 -2.665500000000000091e-01
1.927699999999999969e+00 6.186000000000000387e-01 1.332499999999999796e-01 -2.845499999999999696e-01
2.091400000000000148e+00 6.186000000000000387e-01 1.335000000000000075e-01 -2.973500000000000032e-01
2.254999999999999893e+00 6.186000000000000387e-01 1.388000000000000067e-01 -3.172000000000000375e-01
2.418600000000000083e+00 6.186000000000000387e-01 1.330999999999999961e-01 -3.160499999999999976e-01
2.582300000000000040e+00 6.186000000000000387e-01 1.322500000000000064e-01 -3.371999999999999997e-01
2.745899999999999785e+00 6.186000000000000387e-01 1.343499999999999972e-01 -3.427999999999999936e-01
2.909600000000000186e+00 6.186000000000000387e-01 1.285499999999999976e-01 -3.504500000000000393e-01
3.073199999999999932e+00 6.186000000000000387e-01 1.288499999999999923e-01 -3.800499999999999989e-01
3.236800000000000122e+00 6.186000000000000387e-01 1.181999999999999995e-01 -3.902499999999999858e-01
3.400500000000000078e+00 6.186000000000000387e-01 9.894999999999999629e-02 -4.012000000000000011e-01
3.564099999999999824e+00 6.186000000000000387e-01 9.839999999999998748e-02 -4.086500000000000132e-01
3.727799999999999780e+00 6.186000000000000387e-01 9.454999999999999516e-02 -4.007000000000000006e-01
3.891399999999999970e+00 6.186000000000000387e-01 8.889999999999999292e-02 -4.125000000000000333e-01
4.055100000000000371e+00 6.186000000000000387e-01 9.564999999999999891e-02 -4.293000000000000149e-01
4.218700000000000117e+00 6.186000000000000387e-01 9.185000000000000109e-02 -4.372500000000000275e-01
4.382299999999999862e+00 6.186000000000000387e-01 9.249999999999999889e-02 -4.513000000000000345e-01
4.546000000000000263e+00 6.186000000000000387e-01 9.520000000000000684e-02 -4.632000000000000006e-01
4.709600000000000009e+00 6.186000000000000387e-01 9.484999999999998987e-02 -4.876500000000000279e-01
4.873300000000000409e+00 6.186000000000000387e-01 8.585000000000000964e-02 -4.749999999999999778e-01
5.036900000000000155e+00 6.186000000000000387e-01 7.929999999999999549e-02 -4.802499999999999547e-01
5.200599999999999667e+00 6.186000000000000387e-01 7.119999999999999940e-02 -5.069500000000000117e-01
5.364200000000000301e+00 6.186000000000000387e-01 6.385000000000000397e-02 -4.956999999999999740e-01
5.527800000000000047e+00 6.186000000000000387e-01 6.535000000000000531e-02 -5.526500000000000856e-01
5.691499999999999559e+00 6.186000000000000387e-01 4.710000000000000298e-02 -5.300500000000000211e-01
5.855100000000000193e+00 6.186000000000000387e-01 2.680000000000000090e-02 -5.805500000000000105e-01
6.018799999999999706e+00 6.186000000000000387e-01 1.349999999999999985e-02 -5.684000000000000163e-01
6.182400000000000340e+00 6.186000000000000387e-01 4.250000000000000305e-03 -4.971499999999999808e-01
6.346099999999999852e+00 6.186000000000000387e-01 -1.079999999999999884e-02 -4.556999999999999940e-01
6.509699999999999598e+00 6.186000000000000387e-01 -2.114999999999999866e-02 -5.211999999999999966e-01
6.673300000000000232e+00 6.186000000000000387e-01 -3.719999999999999696e-02 -5.470999999999999197e-01
6.836999999999999744e+00 6.186000000000000387e-01 -6.719999999999999585e-02 -4.968000000000000194e-01
7.000600000000000378e+00 6.186000000000000387e-01 -9.045000000000000262e-02 -5.081499999999999906e-01
7.164299999999999891e+00 6.186000000000000387e-01 -1.231000000000000150e-01 -5.544999999999999929e-01
7.327899999999999636e+00 6.186000000000000387e-01 -1.612000000000000099e-01 -5.317000000000000615e-01
1.275999999999999912e-01 4.549000000000000266e-01 1.416499999999999981e-01 -2.494999999999999996e-01
2.913000000000000034e-01 4.549000000000000266e-01 1.303999999999999881e-01 -2.594000000000000195e-01
4.549000000000000266e-01 4.549000000000000266e-01 1.280499999999999972e-01 -2.334499999999999909e-01
6.186000000000000387e-01 4.549000000000000266e-01 1.280000000000000027e-01 -2.431999999999999718e-01
7.822000000000000064e-01 4.549000000000000266e-01 1.297500000000000042e-01 -2.657499999999999862e-01
9.458999999999999631e-01 4.549000000000000266e-01 1.150999999999999940e-01 -2.565000000000000058e-01
1.109499999999999931e+00 4.549000000000000266e-01 1.105000000000000149e-01 -2.491000000000000159e-01
1.273099999999999898e+00 4.549000000000000266e-01 1.360500000000000043e-01 -2.923000000000000043e-01
1.436800000000000077e+00 4.549000000000000266e-01 1.360000000000000098e-01 -3.195500000000000007e-01
1.600400000000000045e+00 4.549000000000000266e-01 1.366999999999999882e-01 -2.894999999999999796e-01
1.764100000000000001e+00 4.549000000000000266e-01 1.318000000000000005e-01 -3.076999999999999735e-01
1.927699999999999969e+00 4.549000000000000266e-01 1.400500000000000078e-01 -3.462000000000000077e-01
2.091400000000000148e+00 4.549000000000000266e-01 1.454499999999999960e-01 -3.806499999999999884e-01
2.254999999999999893e+00 4.549000000000000266e-01 1.430500000000000105e-01 -3.769500000000000073e-01
2.418600000000000083e+00 4.549000000000000266e-01 1.424499999999999933e-01 -4.028000000000000469e-01
2.582300000000000040e+00 4.549000000000000266e-01 1.456000000000000072e-01 -4.400499999999999967e-01
2.745899999999999785e+00 4.549000000000000266e-01 1.433999999999999997e-01 -4.409499999999999531e-01
2.909600000000000186e+00 4.549000000000000266e-01 1.316499999999999893e-01 -4.389000000000000123e-01
3.073199999999999932e+00 4.549000000000000266e-01 1.280000000000000027e-01 -4.439500000000000113e-01
3.236800000000000122e+00 4.549000000000000266e-01 1.179999999999999938e-01 -4.460999999999999965e-01
3.400500000000000078e+00 4.549000000000000266e-01 1.131500000000000006e-01 -4.477999999999999758e-01
3.564099999999999824e+00 4.549000000000000266e-01 1.064499999999999891e-01 -4.570999999999999508e-01
3.727799999999999780e+00 4.549000000000000266e-01 8.254999999999999838e-02 -4.456999999999999851e-01
3.891399999999999970e+00 4.549000000000000266e-01 9.214999999999999580e-02 -4.942000000000000282e-01
4.055100000000000371e+00 4.549000000000000266e-01 9.865000000000001545e-02 -4.867000000000000215e-01
4.218700000000000117e+00 4.549000000000000266e-01 8.915000000000000702e-02 -4.675500000000000211e-01
4.382299999999999862e+00 4.549000000000000266e-01 9.639999999999999958e-02 -4.830499999999999794e-01
4.546000000000000263e+00 4.549000000000000266e-01 9.685000000000000553e-02 -4.991499999999999826e-01
4.709600000000000009e+00 4.549000000000000266e-01 9.229999999999999316e-02 -5.317999999999999394e-01
4.873300000000000409e+00 4.549000000000000266e-01 8.285000000000000697e-02 -5.285499999999999643e-01
5.036900000000000155e+00 4.549000000000000266e-01 8.830000000000000349e-02 -6.061999999999999611e-01
5.200599999999999667e+00 4.549000000000000266e-01 9.349999999999999978e-02 -6.293999999999999595e-01
5.364200000000000301e+00 4.549000000000000266e-01 6.725000000000000422e-02 -5.247999999999999332e-01
5.527800000000000047e+00 4.549000000000000266e-01 5.509999999999999620e-02 -5.269000000000000350e-01
5.691499999999999559e+00 4.549000000000000266e-01 5.190000000000000169e-02 -5.299000000000000377e-01
5.855100000000000193e+00 4.549000000000000266e-01 3.105000000000000121e-02 -5.955500000000000238e-01
6.018799999999999706e+00 4.549000000000000266e-01 2.750000000000000014e-02 -5.888499999999999845e-01
6.182400000000000340e+00 4.549000000000000266e-01 1.315000000000000023e-02 -5.001499999999999835e-01
6.346099999999999852e+00 4.549000000000000266e-01 -1.899999999999999779e-03 -5.159000000000000252e-01
6.509699999999999598e+00 4.549000000000000266e-01 -1.749999999999999820e-02 -5.456999999999999629e-01
6.673300000000000232e+00 4.549000000000000266e-01 -4.080000000000000293e-02 -4.422000000000000375e-01
6.836999999999999744e+00 4.549000000000000266e-01 -6.884999999999999454e-02 -4.670500000000000207e-01
7.000600000000000378e+00 4.549000000000000266e-01 -7.864999999999999769e-02 -4.909000000000000030e-01
7.164299999999999891e+00 4.549000000000000266e-01 -9.584999999999999076e-02 -5.164999999999999591e-01
7.327899999999999636e+00 4.549000000000000266e-01 -1.622999999999999998e-01 -5.544000000000000039e-01
1.275999999999999912e-01 2.913000000000000034e-01 1.547999999999999932e-01 -3.017500000000000182e-01
2.913000000000000034e-01 2.913000000000000034e-01 1.307500000000000051e-01 -2.673999999999999710e-01
4.549000000000000266e-01 2.913000000000000034e-01 1.209500000000000020e-01 -2.693999999999999728e-01
6.186000000000000387e-01 2.913000000000000034e-01 1.282999999999999974e-01 -2.943500000000000005e-01
7.822000000000000064e-01 2.913000000000000034e-01 1.289000000000000146e-01 -3.370499999999999607e-01
9.458999999999999631e-01 2.913000000000000034e-01 1.213999999999999940e-01 -3.281000000000000028e-01
1.109499999999999931e+00 2.913000000000000034e-01 1.223999999999999949e-01 -3.107999999999999652e-01
1.273099999999999898e+00 2.913000000000000034e-01 1.312000000000000111e-01 -3.035999999999999810e-01
1.436800000000000077e+00 2.913000000000000034e-01 1.356999999999999873e-01 -3.338999999999999746e-01
1.600400000000000045e+00 2.913000000000000034e-01 1.302999999999999992e-01 -2.820500000000000229e-01
1.764100000000000001e+00 2.913000000000000034e-01 1.373999999999999944e-01 -3.071500000000000341e-01
1.927699999999999969e+00 2.913000000000000034e-01 1.432999999999999829e-01 -3.962499999999999911e-01
2.091400000000000148e+00 2.913000000000000034e-01 1.613999999999999879e-01 -4.597999999999999865e-01
2.254999999999999893e+00 2.913000000000000034e-01 1.333999999999999908e-01 -3.924499999999999655e-01
2.418600000000000083e+00 2.913000000000000034e-01 1.307000000000000106e-01 -4.050000000000000266e-01
2.582300000000000040e+00 2.913000000000000034e-01 1.420500000000000096e-01 -4.812500000000000666e-01
2.745899999999999785e+00 2.913000000000000034e-01 1.441500000000000004e-01 -4.789999999999999813e-01
2.909600000000000186e+00 2.913000000000000034e-01 1.354500000000000148e-01 -5.399000000000000465e-01
3.073199999999999932e+00 2.913000000000000034e-01 1.231000000000000011e-01 -5.324999999999999734e-01
3.236800000000000122e+00 2.913000000000000034e-01 1.086999999999999911e-01 -5.877499999999999947e-01
3.400500000000000078e+00 2.913000000000000034e-01 1.146500000000000019e-01 -4.678999999999999826e-01
3.564099999999999824e+00 2.913000000000000034e-01 1.082499999999999990e-01 -4.915999999999999814e-01
3.727799999999999780e+00 2.913000000000000034e-01 8.789999999999999203e-02 -5.149000000000000243e-01
3.891399999999999970e+00 2.913000000000000034e-01 9.595000000000000751e-02 -5.221000000000000085e-01
4.055100000000000371e+00 2.913000000000000034e-01 9.229999999999999316e-02 -5.274999999999999689e-01
4.218700000000000117e+00 2.913000000000000034e-01 8.294999999999999596e-02 -5.391500000000000181e-01
4.382299999999999862e+00 2.913000000000000034e-01 9.295000000000000484e-02 -5.171000000000000041e-01
4.546000000000000263e+00 2.913000000000000034e-01 8.144999999999999463e-02 -4.792499999999999538e-01
4.709600000000000009e+00 2.913000000000000034e-01 9.199999999999999845e-02 -5.275000000000000799e-01
4.873300000000000409e+00 2.913000000000000034e-01 7.845000000000000584e-02 -5.345499999999999696e-01
5.036900000000000155e+00 2.913000000000000034e-01 7.400000000000001021e-02 -5.483000000000000096e-01
5.200599999999999667e+00 2.913000000000000034e-01 5.664999999999999897e-02 -4.435000000000000053e-01
5.364200000000000301e+00 2.913000000000000034e-01 5.955000000000000571e-02 -5.131000000000000005e-01
5.527800000000000047e+00 2.913000000000000034e-01 6.049999999999999822e-02 -5.983499999999999375e-01
5.691499999999999559e+00 2.913000000000000034e-01 7.985000000000000431e-02 -7.342499999999999583e-01
5.855100000000000193e+00 2.913000000000000034e-01 6.264999999999999736e-02 -7.672499999999999876e-01
6.018799999999999706e+00 2.913000000000000034e-01 2.549999999999999836e-02 -5.622000000000000330e-01
6.182400000000000340e+00 2.913000000000000034e-01 1.310000000000000053e-02 -5.094999999999999529e-01
6.346099999999999852e+00 2.913000000000000034e-01 2.164999999999999911e-02 -5.910499999999999643e-01
6.509699999999999598e+00 2.913000000000000034e-01 -2.305000000000000104e-02 -4.559499999999999664e-01
6.673300000000000232e+00 2.913000000000000034e-01 -3.810000000000000192e-02 -4.438500000000000223e-01
6.836999999999999744e+00 2.913000000000000034e-01 -1.000000000000000021e-03 3.449999999999999942e-03
7.000600000000000378e+00 2.913000000000000034e-01 -4.979999999999999705e-02 -2.754500000000000282e-01
7.164299999999999891e+00 2.913000000000000034e-01 -5.059999999999999915e-02 -2.577500000000000346e-01
7.327899999999999636e+00 2.913000000000000034e-01 -5.065000000000000058e-02 -2.587999999999999745e-01
1.275999999999999912e-01 1.275999999999999912e-01 9.940000000000000224e-02 -2.048500000000000043e-01
2.913000000000000034e-01 1.275999999999999912e-01 1.262999999999999956e-01 -2.631999999999999895e-01
4.549000000000000266e-01 1.275999999999999912e-01 1.264500000000000068e-01 -2.829000000000000403e-01
6.186000000000000387e-01 1.275999999999999912e-01 1.222000000000000031e-01 -3.168499999999999650e-01
7.822000000000000064e-01 1.275999999999999912e-01 1.346999999999999864e-01 -3.553499999999999992e-01
9.458999999999999631e-01 1.275999999999999912e-01 1.182499999999999940e-01 -3.351000000000000090e-01
1.109499999999999931e+00 1.275999999999999912e-01 1.327500000000000069e-01 -3.879000000000000226e-01
1.273099999999999898e+00 1.275999999999999912e-01 1.209000000000000075e-01 -2.873499999999999943e-01
1.436800000000000077e+00 1.275999999999999912e-01 1.289500000000000091e-01 -2.723499999999999810e-01
1.600400000000000045e+00 1.275999999999999912e-01 1.292500000000000038e-01 -4.020000000000000240e-01
1.764100000000000001e+00 1.275999999999999912e-01 1.282000000000000084e-01 -4.234499999999999931e-01
1.927699999999999969e+00 1.275999999999999912e-01 1.307000000000000106e-01 -3.360499999999999599e-01
2.091400000000000148e+00 1.275999999999999912e-01 1.315999999999999948e-01 -4.022000000000000020e-01
2.254999999999999893e+00 1.275999999999999912e-01 1.336999999999999855e-01 -4.319500000000000006e-01
2.418600000000000083e+00 1.275999999999999912e-01 1.355500000000000038e-01 -4.926000000000000378e-01
2.582300000000000040e+00 1.275999999999999912e-01 1.355999999999999983e-01 -3.606499999999999706e-01
2.745899999999999785e+00 1.275999999999999912e-01 1.294500000000000095e-01 -4.811499999999999666e-01
2.909600000000000186e+00 1.275999999999999912e-01 1.360500000000000043e-01 -6.212499999999999689e-01
3.073199999999999932e+00 1.275999999999999912e-01 1.184499999999999997e-01 -6.389000000000000234e-01
3.236800000000000122e+00 1.275999999999999912e-01 1.149499999999999966e-01 -6.229000000000000092e-01
3.400500000000000078e+00 1.275999999999999912e-01 1.214500000000000024e-01 -5.927000000000000046e-01
3.564099999999999824e+00 1.275999999999999912e-01 9.800000000000000377e-02 -5.493999999999999995e-01
3.727799999999999780e+00 1.275999999999999912e-01 8.974999999999999645e-02 -5.745500000000000052e-01
3.891399999999999970e+00 1.275999999999999912e-01 8.340000000000000191e-02 -6.540500000000000203e-01
4.055100000000000371e+00 1.275999999999999912e-01 1.024000000000000049e-01 -7.120499999999999607e-01
4.218700000000000117e+00 1.275999999999999912e-01 1.002500000000000058e-01 -7.156500000000000083e-01
4.382299999999999862e+00 1.275999999999999912e-01 8.795000000000000040e-02 -5.018000000000000238e-01
4.546000000000000263e+00 1.275999999999999912e-01 6.809999999999999387e-02 -4.427999999999999714e-01
4.709600000000000009e+00 1.275999999999999912e-01 7.839999999999999747e-02 -3.991999999999999993e-01
4.873300000000000409e+00 1.275999999999999912e-01 3.239999999999999825e-02 -3.304500000000000215e-01
5.036900000000000155e+00 1.275999999999999912e-01 4.139999999999999930e-02 -4.442000000000000393e-01
5.200599999999999667e+00 1.275999999999999912e-01 7.025000000000000688e-02 -4.489999999999999547e-01
5.364200000000000301e+00 1.275999999999999912e-01 7.105000000000000204e-02 -6.096999999999999087e-01
5.527800000000000047e+00 1.275999999999999912e-01 4.390000000000000152e-02 -4.921499999999999764e-01
5.691499999999999559e+00 1.275999999999999912e-01 4.479999999999999954e-02 -5.357000000000000650e-01
5.855100000000000193e+00 1.275999999999999912e-01 1.470000000000000126e-02 -3.220999999999999974e-01
6.018799999999999706e+00 1.275999999999999912e-01 1.064999999999999974e-02 -3.231999999999999873e-01
6.182400000000000340e+00 1.275999999999999912e-01 9.150000000000000147e-03 -5.122999999999999776e-01
6.346099999999999852e+00 1.275999999999999912e-01 2.149999999999999134e-03 -2.806500000000000106e-01
6.509699999999999598e+00 1.275999999999999912e-01 -1.969999999999999876e-02 -4.521999999999999909e-01
6.673300000000000232e+00 1.275999999999999912e-01 -3.380000000000000365e-02 -4.358500000000000152e-01
6.836999999999999744e+00 1.275999999999999912e-01 -3.295000000000000012e-02 -2.634500000000000175e-01
7.000600000000000378e+00 1.275999999999999912e-01 -5.915000000000000119e-02 -4.140499999999999736e-01
7.164299999999999891e+00 1.275999999999999912e-01 -4.664999999999999702e-02 -2.566999999999999837e-01
7.327899999999999636e+00 1.275999999999999912e-01 -4.845000000000000695e-02 -2.510499999999999954e-01
