1.275999999999999912e-01 1.927699999999999969e+00 9.220000000000000417e-02 1.150000000000000154e-02
2.913000000000000034e-01 1.927699999999999969e+00 8.129999999999999727e-02 1.589999999999999747e-02
4.549000000000000266e-01 1.927699999999999969e+00 7.989999999999999880e-02 1.600000000000000033e-02
6.186000000000000387e-01 1.927699999999999969e+00 8.154999999999999749e-02 1.895000000000000157e-02
7.822000000000000064e-01 1.927699999999999969e+00 7.180000000000000271e-02 1.915000000000000036e-02
9.458999999999999631e-01 1.927699999999999969e+00 7.169999999999999984e-02 2.394999999999999907e-02
1.109499999999999931e+00 1.927699999999999969e+00 6.504999999999999671e-02 2.440000000000000155e-02
1.273099999999999898e+00 1.927699999999999969e+00 5.974999999999999756e-02 2.949999999999999845e-02
1.436800000000000077e+00 1.927699999999999969e+00 5.509999999999999620e-02 3.404999999999999694e-02
1.600400000000000045e+00 1.927699999999999969e+00 4.885000000000000453e-02 3.859999999999999543e-02
1.764100000000000001e+00 1.927699999999999969e+00 4.920000000000000068e-02 5.074999999999999650e-02
1.927699999999999969e+00 1.927699999999999969e+00 4.789999999999999813e-02 5.630000000000000282e-02
2.091400000000000148e+00 1.927699999999999969e+00 4.379999999999999866e-02 6.054999999999999272e-02
2.254999999999999893e+00 1.927699999999999969e+00 4.120000000000000051e-02 6.665000000000000091e-02
2.418600000000000083e+00 1.927699999999999969e+00 3.654999999999999916e-02 7.175000000000000822e-02
2.582300000000000040e+00 1.927699999999999969e+00 3.620000000000000301e-02 8.010000000000000453e-02
2.745899999999999785e+00 1.927699999999999969e+00 3.404999999999999694e-02 8.674999999999999378e-02
2.909600000000000186e+00 1.927699999999999969e+00 3.125000000000000000e-02 9.009999999999999953e-02
3.073199999999999932e+00 1.927699999999999969e+00 2.690000000000000030e-02 9.670000000000000817e-02
3.236800000000000122e+00 1.927699999999999969e+00 2.835000000000000020e-02 1.020000000000000073e-01
3.400500000000000078e+00 1.927699999999999969e+00 2.944999999999999701e-02 1.044500000000000012e-01
3.564099999999999824e+00 1.927699999999999969e+00 2.579999999999999655e-02 1.090500000000000080e-01
3.727799999999999780e+00 1.927699999999999969e+00 2.805000000000000202e-02 1.242499999999999993e-01
3.891399999999999970e+00 1.927699999999999969e+00 2.564999999999999919e-02 1.244999999999999996e-01
4.055100000000000371e+00 1.927699999999999969e+00 2.189999999999999933e-02 1.222999999999999921e-01
4.218700000000000117e+00 1.927699999999999969e+00 2.644999999999999782e-02 1.224999999999999978e-01
4.382299999999999862e+00 1.927699999999999969e+00 2.135000000000000092e-02 1.274500000000000077e-01
4.546000000000000263e+00 1.927699999999999969e+00 2.284999999999999878e-02 1.388999999999999957e-01
4.709600000000000009e+00 1.927699999999999969e+00 1.799999999999999864e-02 1.404500000000000193e-01
4.873300000000000409e+00 1.927699999999999969e+00 2.160000000000000114e-02 1.420500000000000096e-01
5.036900000000000155e+00 1.927699999999999969e+00 3.185000000000000331e-02 1.446000000000000063e-01
5.200599999999999667e+00 1.927699999999999969e+00 2.359999999999999945e-02 1.538499999999999868e-01
5.364200000000000301e+00 1.927699999999999969e+00 2.870000000000000329e-02 1.710499999999999798e-01
5.527800000000000047e+00 1.927699999999999969e+00 3.139999999999999736e-02 1.683999999999999941e-01
5.691499999999999559e+00 1.927699999999999969e+00 3.654999999999999916e-02 1.790499999999999869e-01
5.855100000000000193e+00 1.927699999999999969e+00 3.534999999999999948e-02 1.797499999999999931e-01
6.018799999999999706e+00 1.927699999999999969e+00 2.980000000000000010e-02 1.780499999999999861e-01
6.182400000000000340e+00 1.927699999999999969e+00 3.565000000000000113e-02 1.831499999999999795e-01
6.346099999999999852e+00 1.927699999999999969e+00 3.635000000000000037e-02 1.814000000000000057e-01
6.509699999999999598e+00 1.927699999999999969e+00 4.804999999999999549e-02 1.881499999999999839e-01
6.673300000000000232e+00 1.927699999999999969e+00 4.920000000000000068e-02 1.914500000000000091e-01
6.836999999999999744e+00 1.927699999999999969e+00 5.670000000000000040e-02 1.849000000000000088e-01
7.000600000000000378e+00 1.927699999999999969e+00 5.555000000000000215e-02 1.765499999999999847e-01
7.164299999999999891e+00 1.927699999999999969e+00 6.820000000000001061e-02 1.606000000000000205e-01
7.327899999999999636e+00 1.927699999999999969e+00 6.704999999999999849e-02 1.678000000000000047e-01
1.275999999999999912e-01 1.764100000000000001e+00 9.639999999999999958e-02 2.444999999999999951e-02
2.913000000000000034e-01 1.764100000000000001e+00 8.705000000000000238e-02 2.585000000000000145e-02
4.549000000000000266e-01 1.764100000000000001e+00 7.994999999999999329e-02 2.359999999999999945e-02
6.186000000000000387e-01 1.764100000000000001e+00 8.030000000000001026e-02 2.620000000000000107e-02
7.822000000000000064e-01 1.764100000000000001e+00 7.714999999999999636e-02 2.890000000000000208e-02
9.458999999999999631e-01 1.764100000000000001e+00 6.915000000000000313e-02 3.375000000000000222e-02
1.109499999999999931e+00 1.764100000000000001e+00 5.909999999999999976e-02 3.685000000000000081e-02
1.273099999999999898e+00 1.764100000000000001e+00 5.434999999999999554e-02 4.225000000000000283e-02
1.436800000000000077e+00 1.764100000000000001e+00 5.104999999999999816e-02 4.735000000000000320e-02
1.600400000000000045e+00 1.764100000000000001e+00 4.705000000000000154e-02 5.045000000000000179e-02
1.764100000000000001e+00 1.764100000000000001e+00 4.224999999999999589e-02 6.079999999999999988e-02
1.927699999999999969e+00 1.764100000000000001e+00 4.209999999999999853e-02 6.965000000000000357e-02
2.091400000000000148e+00 1.764100000000000001e+00 3.824999999999999928e-02 7.764999999999999680e-02
2.254999999999999893e+00 1.764100000000000001e+00 3.310000000000000442e-02 8.135000000000000564e-02
2.418600000000000083e+00 1.764100000000000001e+00 3.665000000000000202e-02 8.505000000000000060e-02
2.582300000000000040e+00 1.764100000000000001e+00 3.200000000000000067e-02 9.429999999999999494e-02
2.745899999999999785e+00 1.764100000000000001e+00 2.720000000000000195e-02 1.044500000000000012e-01
2.909600000000000186e+00 1.764100000000000001e+00 2.195000000000000076e-02 1.151500000000000024e-01
3.073199999999999932e+00 1.764100000000000001e+00 1.900000000000000300e-02 1.109999999999999876e-01
3.236800000000000122e+00 1.764100000000000001e+00 2.594999999999999737e-02 1.232000000000000040e-01
3.400500000000000078e+00 1.764100000000000001e+00 2.009999999999999981e-02 1.277500000000000024e-01
3.564099999999999824e+00 1.764100000000000001e+00 2.199999999999999872e-02 1.343499999999999972e-01
3.727799999999999780e+00 1.764100000000000001e+00 2.239999999999999977e-02 1.370999999999999996e-01
3.891399999999999970e+00 1.764100000000000001e+00 1.874999999999999931e-02 1.441999999999999948e-01
4.055100000000000371e+00 1.764100000000000001e+00 1.770000000000000046e-02 1.476000000000000090e-01
4.218700000000000117e+00 1.764100000000000001e+00 1.739999999999999880e-02 1.502000000000000002e-01
4.382299999999999862e+00 1.764100000000000001e+00 1.849999999999999908e-02 1.504500000000000004e-01
4.546000000000000263e+00 1.764100000000000001e+00 1.914999999999999689e-02 1.701000000000000012e-01
4.709600000000000009e+00 1.764100000000000001e+00 1.499999999999999944e-02 1.746499999999999997e-01
4.873300000000000409e+00 1.764100000000000001e+00 1.600000000000000033e-02 1.782500000000000195e-01
5.036900000000000155e+00 1.764100000000000001e+00 2.255000000000000060e-02 1.801499999999999768e-01
5.200599999999999667e+00 1.764100000000000001e+00 2.019999999999999921e-02 1.864999999999999991e-01
5.364200000000000301e+00 1.764100000000000001e+00 2.019999999999999921e-02 1.962499999999999800e-01
5.527800000000000047e+00 1.764100000000000001e+00 2.475000000000000117e-02 1.997999999999999776e-01
5.691499999999999559e+00 1.764100000000000001e+00 2.684999999999999887e-02 2.086999999999999966e-01
5.855100000000000193e+00 1.764100000000000001e+00 2.850000000000000103e-02 1.947500000000000064e-01
6.018799999999999706e+00 1.764100000000000001e+00 2.645000000000000129e-02 2.192500000000000004e-01
6.182400000000000340e+00 1.764100000000000001e+00 3.509999999999999926e-02 2.223999999999999866e-01
6.346099999999999852e+00 1.764100000000000001e+00 3.140000000000000430e-02 2.067999999999999838e-01
6.509699999999999598e+00 1.764100000000000001e+00 3.590000000000000135e-02 2.051499999999999990e-01
6.673300000000000232e+00 1.764100000000000001e+00 5.004999999999999727e-02 2.201500000000000123e-01
6.836999999999999744e+00 1.764100000000000001e+00 4.440000000000000197e-02 2.153499999999999859e-01
7.000600000000000378e+00 1.764100000000000001e+00 5.355000000000000038e-02 2.137499999999999956e-01
7.164299999999999891e+00 1.764100000000000001e+00 6.114999999999999603e-02 2.110500000000000154e-01
7.327899999999999636e+00 1.764100000000000001e+00 7.320000000000000118e-02 2.076999999999999957e-01
1.275999999999999912e-01 1.600400000000000045e+00 9.309999999999998832e-02 2.634999999999999842e-02
2.913000000000000034e-01 1.600400000000000045e+00 9.074999999999999734e-02 3.180000000000000188e-02
4.549000000000000266e-01 1.600400000000000045e+00 7.774999999999999967e-02 3.639999999999999486e-02
6.186000000000000387e-01 1.600400000000000045e+00 8.035000000000000475e-02 3.749999999999999861e-02
7.822000000000000064e-01 1.600400000000000045e+00 6.959999999999999520e-02 4.139999999999999930e-02
9.458999999999999631e-01 1.600400000000000045e+00 6.215000000000000385e-02 4.009999999999999676e-02
1.109499999999999931e+00 1.600400000000000045e+00 5.460000000000000270e-02 4.925000000000000211e-02
1.273099999999999898e+00 1.600400000000000045e+00 5.009999999999999870e-02 5.664999999999999897e-02
1.436800000000000077e+00 1.600400000000000045e+00 4.684999999999999581e-02 6.035000000000000087e-02
1.600400000000000045e+00 1.600400000000000045e+00 4.205000000000000404e-02 6.685000000000000664e-02
1.764100000000000001e+00 1.600400000000000045e+00 3.824999999999999928e-02 7.499999999999999722e-02
1.927699999999999969e+00 1.600400000000000045e+00 3.729999999999999982e-02 8.310000000000000719e-02
2.091400000000000148e+00 1.600400000000000045e+00 3.284999999999999726e-02 9.009999999999999953e-02
2.254999999999999893e+00 1.600400000000000045e+00 2.904999999999999943e-02 9.314999999999999669e-02
2.418600000000000083e+00 1.600400000000000045e+00 2.595000000000000084e-02 1.018000000000000016e-01
2.582300000000000040e+00 1.600400000000000045e+00 2.335000000000000270e-02 1.122500000000000026e-01
2.745899999999999785e+00 1.600400000000000045e+00 2.024999999999999717e-02 1.212000000000000022e-01
2.909600000000000186e+00 1.600400000000000045e+00 2.085000000000000048e-02 1.270999999999999908e-01
3.073199999999999932e+00 1.600400000000000045e+00 1.745000000000000023e-02 1.357500000000000095e-01
3.236800000000000122e+00 1.600400000000000045e+00 1.820000000000000090e-02 1.397500000000000131e-01
3.400500000000000078e+00 1.600400000000000045e+00 1.750000000000000167e-02 1.422499999999999876e-01
3.564099999999999824e+00 1.600400000000000045e+00 1.615000000000000116e-02 1.548999999999999821e-01
3.727799999999999780e+00 1.600400000000000045e+00 1.469999999999999953e-02 1.641500000000000181e-01
3.891399999999999970e+00 1.600400000000000045e+00 1.279999999999999888e-02 1.643999999999999906e-01
4.055100000000000371e+00 1.600400000000000045e+00 1.359999999999999924e-02 1.786000000000000087e-01
4.218700000000000117e+00 1.600400000000000045e+00 8.250000000000000389e-03 1.798000000000000154e-01
4.382299999999999862e+00 1.600400000000000045e+00 8.250000000000000389e-03 1.838500000000000134e-01
4.546000000000000263e+00 1.600400000000000045e+00 1.190000000000000085e-02 1.950000000000000067e-01
4.709600000000000009e+00 1.600400000000000045e+00 1.280000000000000235e-02 2.012999999999999790e-01
4.873300000000000409e+00 1.600400000000000045e+00 1.169999999999999860e-02 2.025000000000000133e-01
5.036900000000000155e+00 1.600400000000000045e+00 1.940000000000000058e-02 2.097499999999999920e-01
5.200599999999999667e+00 1.600400000000000045e+00 1.559999999999999928e-02 2.179999999999999993e-01
5.364200000000000301e+00 1.600400000000000045e+00 1.975000000000000019e-02 2.313000000000000056e-01
5.527800000000000047e+00 1.600400000000000045e+00 1.984999999999999959e-02 2.294499999999999873e-01
5.691499999999999559e+00 1.600400000000000045e+00 1.930000000000000118e-02 2.405499999999999861e-01
5.855100000000000193e+00 1.600400000000000045e+00 1.729999999999999941e-02 2.385499999999999843e-01
6.018799999999999706e+00 1.600400000000000045e+00 1.984999999999999959e-02 2.503500000000000170e-01
6.182400000000000340e+00 1.600400000000000045e+00 3.139999999999999736e-02 2.597499999999999809e-01
6.346099999999999852e+00 1.600400000000000045e+00 3.009999999999999828e-02 2.501999999999999780e-01
6.509699999999999598e+00 1.600400000000000045e+00 2.910000000000000087e-02 2.438000000000000167e-01
6.673300000000000232e+00 1.600400000000000045e+00 4.124999999999999500e-02 2.453500000000000125e-01
6.836999999999999744e+00 1.600400000000000045e+00 5.720000000000000084e-02 2.260000000000000064e-01
7.000600000000000378e+00 1.600400000000000045e+00 6.285000000000000309e-02 2.519500000000000073e-01
7.164299999999999891e+00 1.600400000000000045e+00 7.384999999999999898e-02 2.543000000000000260e-01
7.327899999999999636e+00 1.600400000000000045e+00 7.894999999999999241e-02 2.492499999999999716e-01
1.275999999999999912e-01 1.436800000000000077e+00 8.955000000000000460e-02 3.599999999999999728e-02
2.913000000000000034e-01 1.436800000000000077e+00 8.250000000000000389e-02 3.645000000000000323e-02
4.549000000000000266e-01 1.436800000000000077e+00 7.295000000000000095e-02 3.769999999999999740e-02
6.186000000000000387e-01 1.436800000000000077e+00 6.740000000000000158e-02 4.379999999999999866e-02
7.822000000000000064e-01 1.436800000000000077e+00 6.260000000000000286e-02 4.580000000000000043e-02
9.458999999999999631e-01 1.436800000000000077e+00 5.175000000000000433e-02 4.539999999999999591e-02
1.109499999999999931e+00 1.436800000000000077e+00 4.859999999999999737e-02 5.619999999999999996e-02
1.273099999999999898e+00 1.436800000000000077e+00 4.270000000000000184e-02 6.385000000000000397e-02
1.436800000000000077e+00 1.436800000000000077e+00 3.624999999999999750e-02 7.239999999999999214e-02
1.600400000000000045e+00 1.436800000000000077e+00 3.255000000000000254e-02 7.905000000000000915e-02
1.764100000000000001e+00 1.436800000000000077e+00 3.135000000000000286e-02 8.315000000000000169e-02
1.927699999999999969e+00 1.436800000000000077e+00 3.234999999999999681e-02 9.854999999999999871e-02
2.091400000000000148e+00 1.436800000000000077e+00 2.455000000000000238e-02 1.058999999999999941e-01
2.254999999999999893e+00 1.436800000000000077e+00 2.259999999999999856e-02 1.047000000000000014e-01
2.418600000000000083e+00 1.436800000000000077e+00 1.890000000000000013e-02 1.181500000000000050e-01
2.582300000000000040e+00 1.436800000000000077e+00 1.504999999999999741e-02 1.321999999999999842e-01
2.745899999999999785e+00 1.436800000000000077e+00 1.304999999999999910e-02 1.383999999999999952e-01
2.909600000000000186e+00 1.436800000000000077e+00 1.414999999999999938e-02 1.495500000000000163e-01
3.073199999999999932e+00 1.436800000000000077e+00 1.124999999999999958e-02 1.570499999999999952e-01
3.236800000000000122e+00 1.436800000000000077e+00 6.300000000000001779e-03 1.662000000000000144e-01
3.400500000000000078e+00 1.436800000000000077e+00 1.074999999999999914e-02 1.759499999999999953e-01
3.564099999999999824e+00 1.436800000000000077e+00 1.044999999999999922e-02 1.874000000000000110e-01
3.727799999999999780e+00 1.436800000000000077e+00 9.850000000000001116e-03 1.930000000000000049e-01
3.891399999999999970e+00 1.436800000000000077e+00 1.095000000000000140e-02 1.963000000000000023e-01
4.055100000000000371e+00 1.436800000000000077e+00 1.139999999999999868e-02 2.073500000000000065e-01
4.218700000000000117e+00 1.436800000000000077e+00 8.250000000000000389e-03 2.073500000000000065e-01
4.382299999999999862e+00 1.436800000000000077e+00 4.049999999999999781e-03 2.117999999999999883e-01
4.546000000000000263e+00 1.436800000000000077e+00 4.199999999999998873e-03 2.186500000000000110e-01
4.709600000000000009e+00 1.436800000000000077e+00 4.899999999999999842e-03 2.268000000000000016e-01
4.873300000000000409e+00 1.436800000000000077e+00 1.499999999999999598e-03 2.303000000000000047e-01
5.036900000000000155e+00 1.436800000000000077e+00 7.749999999999999944e-03 2.433499999999999830e-01
5.200599999999999667e+00 1.436800000000000077e+00 3.899999999999999821e-03 2.476999999999999758e-01
5.364200000000000301e+00 1.436800000000000077e+00 1.049999999999999892e-02 2.672499999999999876e-01
5.527800000000000047e+00 1.436800000000000077e+00 8.200000000000000691e-03 2.646999999999999909e-01
5.691499999999999559e+00 1.436800000000000077e+00 1.035000000000000156e-02 2.692999999999999838e-01
5.855100000000000193e+00 1.436800000000000077e+00 1.284999999999999858e-02 2.770500000000000185e-01
6.018799999999999706e+00 1.436800000000000077e+00 1.684999999999999692e-02 2.842500000000000027e-01
6.182400000000000340e+00 1.436800000000000077e+00 2.915000000000000230e-02 2.896500000000000186e-01
6.346099999999999852e+00 1.436800000000000077e+00 3.310000000000000442e-02 2.993500000000000050e-01
6.509699999999999598e+00 1.436800000000000077e+00 3.714999999999999553e-02 3.079999999999999960e-01
6.673300000000000232e+00 1.436800000000000077e+00 4.585000000000000187e-02 3.040499999999999869e-01
6.836999999999999744e+00 1.436800000000000077e+00 6.130000000000000032e-02 2.736999999999999988e-01
7.000600000000000378e+00 1.436800000000000077e+00 5.619999999999999996e-02 3.099999999999999978e-01
7.164299999999999891e+00 1.436800000000000077e+00 5.549999999999999378e-02 3.032000000000000250e-01
7.327899999999999636e+00 1.436800000000000077e+00 7.495000000000000273e-02 2.957500000000000129e-01
1.275999999999999912e-01 1.273099999999999898e+00 8.144999999999999463e-02 4.209999999999999853e-02
2.913000000000000034e-01 1.273099999999999898e+00 7.239999999999999214e-02 4.479999999999999954e-02
4.549000000000000266e-01 1.273099999999999898e+00 6.550000000000000266e-02 4.319999999999999535e-02
6.186000000000000387e-01 1.273099999999999898e+00 6.304999999999999494e-02 4.945000000000000090e-02
7.822000000000000064e-01 1.273099999999999898e+00 5.374999999999999917e-02 5.799999999999999600e-02
9.458999999999999631e-01 1.273099999999999898e+00 4.439999999999999503e-02 5.384999999999999509e-02
1.109499999999999931e+00 1.273099999999999898e+00 4.035000000000000392e-02 6.539999999999999980e-02
1.273099999999999898e+00 1.273099999999999898e+00 3.049999999999999933e-02 7.810000000000000275e-02
1.436800000000000077e+00 1.273099999999999898e+00 2.724999999999999992e-02 8.294999999999999596e-02
1.600400000000000045e+00 1.273099999999999898e+00 2.375000000000000028e-02 9.395000000000000573e-02
1.764100000000000001e+00 1.273099999999999898e+00 2.695000000000000173e-02 1.051499999999999935e-01
1.927699999999999969e+00 1.273099999999999898e+00 1.839999999999999969e-02 1.134999999999999898e-01
2.091400000000000148e+00 1.273099999999999898e+00 1.590000000000000094e-02 1.271499999999999853e-01
2.254999999999999893e+00 1.273099999999999898e+00 1.515000000000000027e-02 1.313000000000000000e-01
2.418600000000000083e+00 1.273099999999999898e+00 1.085000000000000027e-02 1.351499999999999924e-01
2.582300000000000040e+00 1.273099999999999898e+00 8.999999999999997585e-03 1.438499999999999779e-01
2.745899999999999785e+00 1.273099999999999898e+00 6.500000000000000569e-03 1.571000000000000174e-01
2.909600000000000186e+00 1.273099999999999898e+00 1.095000000000000140e-02 1.658499999999999974e-01
3.073199999999999932e+00 1.273099999999999898e+00 4.400000000000001132e-03 1.706000000000000016e-01
3.236800000000000122e+00 1.273099999999999898e+00 -3.649999999999998732e-03 1.961999999999999855e-01
3.400500000000000078e+00 1.273099999999999898e+00 4.550000000000000225e-03 2.009000000000000230e-01
3.564099999999999824e+00 1.273099999999999898e+00 2.349999999999999659e-03 2.133499999999999841e-01
3.727799999999999780e+00 1.273099999999999898e+00 -3.999999999999993144e-04 2.207500000000000018e-01
3.891399999999999970e+00 1.273099999999999898e+00 -2.000000000000000042e-03 2.240499999999999992e-01
4.055100000000000371e+00 1.273099999999999898e+00 3.500000000000013517e-04 2.226500000000000146e-01
4.218700000000000117e+00 1.273099999999999898e+00 -8.000000000000003636e-04 2.394499999999999962e-01
4.382299999999999862e+00 1.273099999999999898e+00 -8.999999999999997585e-04 2.437499999999999944e-01
4.546000000000000263e+00 1.273099999999999898e+00 -2.449999999999999054e-03 2.569000000000000172e-01
4.709600000000000009e+00 1.273099999999999898e+00 -5.650000000000000508e-03 2.603999999999999648e-01
4.873300000000000409e+00 1.273099999999999898e+00 -4.849999999999998410e-03 2.647500000000000409e-01
5.036900000000000155e+00 1.273099999999999898e+00 4.200000000000000608e-03 2.782499999999999973e-01
5.200599999999999667e+00 1.273099999999999898e+00 -1.749999999999999820e-03 2.974499999999999922e-01
5.364200000000000301e+00 1.273099999999999898e+00 -4.549999999999999357e-03 3.076499999999999790e-01
5.527800000000000047e+00 1.273099999999999898e+00 0.000000000000000000e+00 3.023500000000000076e-01
5.691499999999999559e+00 1.273099999999999898e+00 2.899999999999998933e-03 3.014499999999999957e-01
5.855100000000000193e+00 1.273099999999999898e+00 1.775000000000000189e-02 3.213000000000000300e-01
6.018799999999999706e+00 1.273099999999999898e+00 1.614999999999999769e-02 3.412499999999999978e-01
6.182400000000000340e+00 1.273099999999999898e+00 1.924999999999999975e-02 3.398999999999999799e-01
6.346099999999999852e+00 1.273099999999999898e+00 2.924999999999999822e-02 3.428499999999999881e-01
6.509699999999999598e+00 1.273099999999999898e+00 3.720000000000000390e-02 3.528999999999999915e-01
6.673300000000000232e+00 1.273099999999999898e+00 4.900000000000000189e-02 3.659499999999999975e-01
6.836999999999999744e+00 1.273099999999999898e+00 6.199999999999999956e-02 3.703999999999999515e-01
7.000600000000000378e+00 1.273099999999999898e+00 6.715000000000000135e-02 3.668000000000000149e-01
7.164299999999999891e+00 1.273099999999999898e+00 8.259999999999999287e-02 3.630499999999999838e-01
7.327899999999999636e+00 1.273099999999999898e+00 1.296500000000000152e-01 3.484999999999999765e-01
1.275999999999999912e-01 1.109499999999999931e+00 8.310000000000000719e-02 4.825000000000000122e-02
2.913000000000000034e-01 1.109499999999999931e+00 7.325000000000000955e-02 4.979999999999999705e-02
4.549000000000000266e-01 1.109499999999999931e+00 5.410000000000000225e-02 5.299999999999999850e-02
6.186000000000000387e-01 1.109499999999999931e+00 5.229999999999999927e-02 5.760000000000000536e-02
7.822000000000000064e-01 1.109499999999999931e+00 4.669999999999999846e-02 7.205000000000000293e-02
9.458999999999999631e-01 1.109499999999999931e+00 4.125000000000000194e-02 7.184999999999999720e-02
1.109499999999999931e+00 1.109499999999999931e+00 3.250000000000000111e-02 8.290000000000000147e-02
1.273099999999999898e+00 1.109499999999999931e+00 2.465000000000000177e-02 9.245000000000000440e-02
1.436800000000000077e+00 1.109499999999999931e+00 1.729999999999999941e-02 1.013499999999999956e-01
1.600400000000000045e+00 1.109499999999999931e+00 1.984999999999999959e-02 1.168500000000000094e-01
1.764100000000000001e+00 1.109499999999999931e+00 1.364999999999999894e-02 1.270499999999999963e-01
1.927699999999999969e+00 1.109499999999999931e+00 1.434999999999999991e-02 1.325000000000000067e-01
2.091400000000000148e+00 1.109499999999999931e+00 8.699999999999997666e-03 1.455499999999999849e-01
2.254999999999999893e+00 1.109499999999999931e+00 8.649999999999997968e-03 1.590499999999999969e-01
2.418600000000000083e+00 1.109499999999999931e+00 3.649999999999998732e-03 1.628999999999999893e-01
2.582300000000000040e+00 1.109499999999999931e+00 -3.550000000000001071e-03 1.723999999999999977e-01
2.745899999999999785e+00 1.109499999999999931e+00 -5.549999999999997644e-03 1.864000000000000101e-01
2.909600000000000186e+00 1.109499999999999931e+00 -1.154999999999999950e-02 1.957500000000000073e-01
3.073199999999999932e+00 1.109499999999999931e+00 -1.244999999999999926e-02 2.061999999999999944e-01
3.236800000000000122e+00 1.109499999999999931e+00 -1.324999999999999963e-02 2.189499999999999780e-01
3.400500000000000078e+00 1.109499999999999931e+00 -1.335000000000000075e-02 2.324999999999999845e-01
3.564099999999999824e+00 1.109499999999999931e+00 -8.700000000000001135e-03 2.376999999999999946e-01
3.727799999999999780e+00 1.109499999999999931e+00 -1.060000000000000178e-02 2.464500000000000024e-01
3.891399999999999970e+00 1.109499999999999931e+00 -1.035000000000000156e-02 2.542499999999999760e-01
4.055100000000000371e+00 1.109499999999999931e+00 -2.550000000000000183e-03 2.640000000000000124e-01
4.218700000000000117e+00 1.109499999999999931e+00 -7.949999999999998734e-03 2.698499999999999788e-01
4.382299999999999862e+00 1.109499999999999931e+00 -1.325000000000000136e-02 2.905999999999999694e-01
4.546000000000000263e+00 1.109499999999999931e+00 -1.375000000000000007e-02 2.968999999999999972e-01
4.709600000000000009e+00 1.109499999999999931e+00 -1.324999999999999963e-02 2.953500000000000014e-01
4.873300000000000409e+00 1.109499999999999931e+00 -1.180000000000000146e-02 3.064500000000000002e-01
5.036900000000000155e+00 1.109499999999999931e+00 -8.650000000000001438e-03 3.125499999999999945e-01
5.200599999999999667e+00 1.109499999999999931e+00 -1.479999999999999892e-02 3.250499999999999501e-01
5.364200000000000301e+00 1.109499999999999931e+00 -1.364999999999999894e-02 3.445000000000000284e-01
5.527800000000000047e+00 1.109499999999999931e+00 -1.359999999999999751e-02 3.551499999999999657e-01
5.691499999999999559e+00 1.109499999999999931e+00 -2.699999999999999276e-03 3.606000000000000316e-01
5.855100000000000193e+00 1.109499999999999931e+00 3.500000000000001374e-03 3.747500000000000275e-01
6.018799999999999706e+00 1.109499999999999931e+00 2.850000000000000103e-03 3.819500000000000117e-01
6.182400000000000340e+00 1.109499999999999931e+00 1.459999999999999840e-02 3.825999999999999956e-01
6.346099999999999852e+00 1.109499999999999931e+00 3.679999999999999938e-02 3.759000000000000119e-01
6.509699999999999598e+00 1.109499999999999931e+00 3.629999999999999893e-02 3.952499999999999902e-01
6.673300000000000232e+00 1.109499999999999931e+00 4.799999999999999406e-02 4.206499999999999684e-01
6.836999999999999744e+00 1.109499999999999931e+00 5.884999999999999953e-02 4.167500000000000093e-01
7.000600000000000378e+00 1.109499999999999931e+00 8.730000000000000260e-02 4.184499999999999886e-01
7.164299999999999891e+00 1.109499999999999931e+00 1.059499999999999886e-01 4.243000000000000105e-01
7.327899999999999636e+00 1.109499999999999931e+00 1.416499999999999981e-01 3.814499999999999558e-01
1.275999999999999912e-01 9.458999999999999631e-01 7.780000000000000804e-02 5.279999999999999971e-02
2.913000000000000034e-01 9.458999999999999631e-01 6.484999999999999098e-02 5.359999999999999487e-02
4.549000000000000266e-01 9.458999999999999631e-01 5.299999999999999850e-02 5.874999999999999667e-02
6.186000000000000387e-01 9.458999999999999631e-01 4.674999999999999989e-02 6.269999999999999185e-02
7.822000000000000064e-01 9.458999999999999631e-01 3.724999999999999839e-02 7.290000000000000646e-02
9.458999999999999631e-01 9.458999999999999631e-01 2.514999999999999875e-02 9.369999999999999163e-02
1.109499999999999931e+00 9.458999999999999631e-01 2.100000000000000130e-02 1.001999999999999974e-01
1.273099999999999898e+00 9.458999999999999631e-01 1.730000000000000288e-02 1.050000000000000100e-01
1.436800000000000077e+00 9.458999999999999631e-01 1.025000000000000216e-02 1.365500000000000047e-01
1.600400000000000045e+00 9.458999999999999631e-01 3.150000000000000022e-03 1.459999999999999909e-01
1.764100000000000001e+00 9.458999999999999631e-01 4.999999999999969746e-05 1.438500000000000056e-01
1.927699999999999969e+00 9.458999999999999631e-01 5.000000000000004441e-04 1.554500000000000048e-01
2.091400000000000148e+00 9.458999999999999631e-01 -4.449999999999999095e-03 1.713000000000000078e-01
2.254999999999999893e+00 9.458999999999999631e-01 -2.500000000000000486e-03 1.829500000000000015e-01
2.418600000000000083e+00 9.458999999999999631e-01 -6.100000000000001255e-03 1.943499999999999950e-01
2.582300000000000040e+00 9.458999999999999631e-01 -1.320000000000000166e-02 2.089000000000000301e-01
2.745899999999999785e+00 9.458999999999999631e-01 -1.130000000000000102e-02 2.175999999999999879e-01
2.909600000000000186e+00 9.458999999999999631e-01 -1.924999999999999975e-02 2.301999999999999880e-01
3.073199999999999932e+00 9.458999999999999631e-01 -2.219999999999999751e-02 2.375499999999999834e-01
3.236800000000000122e+00 9.458999999999999631e-01 -1.625000000000000056e-02 2.417500000000000204e-01
3.400500000000000078e+00 9.458999999999999631e-01 -2.090000000000000191e-02 2.746000000000000107e-01
3.564099999999999824e+00 9.458999999999999631e-01 -2.075000000000000108e-02 2.861000000000000210e-01
3.727799999999999780e+00 9.458999999999999631e-01 -1.594999999999999890e-02 2.751000000000000112e-01
3.891399999999999970e+00 9.458999999999999631e-01 -2.280000000000000082e-02 3.094500000000000028e-01
4.055100000000000371e+00 9.458999999999999631e-01 -1.809999999999999803e-02 3.232500000000000373e-01
4.218700000000000117e+00 9.458999999999999631e-01 -1.634999999999999995e-02 3.201500000000000457e-01
4.382299999999999862e+00 9.458999999999999631e-01 -1.874999999999999931e-02 3.295500000000000096e-01
4.546000000000000263e+00 9.458999999999999631e-01 -2.150000000000000175e-02 3.458499999999999908e-01
4.709600000000000009e+00 9.458999999999999631e-01 -2.890000000000000208e-02 3.526000000000000245e-01
4.873300000000000409e+00 9.458999999999999631e-01 -2.910000000000000087e-02 3.634000000000000008e-01
5.036900000000000155e+00 9.458999999999999631e-01 -1.959999999999999937e-02 3.732499999999999707e-01
5.200599999999999667e+00 9.458999999999999631e-01 -2.980000000000000010e-02 3.828000000000000291e-01
5.364200000000000301e+00 9.458999999999999631e-01 -3.649999999999999772e-02 4.030500000000000194e-01
5.527800000000000047e+00 9.458999999999999631e-01 -3.239999999999999825e-02 4.203000000000000069e-01
5.691499999999999559e+00 9.458999999999999631e-01 -1.934999999999999915e-02 4.315999999999999837e-01
5.855100000000000193e+00 9.458999999999999631e-01 -4.599999999999999922e-03 4.368499999999999606e-01
6.018799999999999706e+00 9.458999999999999631e-01 -1.560000000000000102e-02 4.687000000000000055e-01
6.182400000000000340e+00 9.458999999999999631e-01 1.099999999999999936e-02 4.620499999999999607e-01
6.346099999999999852e+00 9.458999999999999631e-01 1.370000000000000037e-02 4.746000000000000218e-01
6.509699999999999598e+00 9.458999999999999631e-01 2.019999999999999921e-02 4.813999999999999946e-01
6.673300000000000232e+00 9.458999999999999631e-01 4.435000000000000053e-02 4.921499999999999764e-01
6.836999999999999744e+00 9.458999999999999631e-01 6.759999999999999343e-02 4.861500000000000266e-01
7.000600000000000378e+00 9.458999999999999631e-01 9.375000000000000000e-02 4.744000000000000439e-01
7.164299999999999891e+00 9.458999999999999631e-01 1.092499999999999999e-01 4.995999999999999885e-01
7.327899999999999636e+00 9.458999999999999631e-01 1.376000000000000001e-01 4.702000000000000068e-01
1.275999999999999912e-01 7.822000000000000064e-01 6.120000000000000440e-02 6.509999999999999121e-02
2.913000000000000034e-01 7.822000000000000064e-01 5.325000000000000566e-02 6.915000000000000313e-02
4.549000000000000266e-01 7.822000000000000064e-01 4.265000000000000041e-02 7.529999999999999194e-02
6.186000000000000387e-01 7.822000000000000064e-01 2.804999999999999855e-02 9.329999999999999405e-02
7.822000000000000064e-01 7.822000000000000064e-01 1.984999999999999959e-02 9.819999999999999563e-02
9.458999999999999631e-01 7.822000000000000064e-01 1.550000000000000162e-02 1.232000000000000040e-01
1.109499999999999931e+00 7.822000000000000064e-01 8.699999999999999400e-03 1.103999999999999981e-01
1.273099999999999898e+00 7.822000000000000064e-01 4.450000000000000830e-03 1.320500000000000007e-01
1.436800000000000077e+00 7.822000000000000064e-01 4.000000000000010492e-04 1.551500000000000101e-01
1.600400000000000045e+00 7.822000000000000064e-01 -5.849999999999999298e-03 1.639500000000000124e-01
1.764100000000000001e+00 7.822000000000000064e-01 -1.060000000000000005e-02 1.630500000000000005e-01
1.927699999999999969e+00 7.822000000000000064e-01 -1.734999999999999737e-02 1.945999999999999952e-01
2.091400000000000148e+00 7.822000000000000064e-01 -1.615000000000000116e-02 2.105500000000000149e-01
2.254999999999999893e+00 7.822000000000000064e-01 -1.565000000000000072e-02 2.182000000000000051e-01
2.418600000000000083e+00 7.822000000000000064e-01 -1.829999999999999682e-02 2.301999999999999880e-01
2.582300000000000040e+00 7.822000000000000064e-01 -2.639999999999999986e-02 2.436500000000000055e-01
2.745899999999999785e+00 7.822000000000000064e-01 -2.400000000000000050e-02 2.583499999999999686e-01
2.909600000000000186e+00 7.822000000000000064e-01 -2.680000000000000090e-02 2.703499999999999792e-01
3.073199999999999932e+00 7.822000000000000064e-01 -3.094999999999999835e-02 2.860500000000000265e-01
3.236800000000000122e+00 7.822000000000000064e-01 -3.405000000000000387e-02 3.086499999999999799e-01
3.400500000000000078e+00 7.822000000000000064e-01 -3.159999999999999615e-02 3.183000000000000274e-01
3.564099999999999824e+00 7.822000000000000064e-01 -2.995000000000000440e-02 3.277499999999999858e-01
3.727799999999999780e+00 7.822000000000000064e-01 -2.210000000000000159e-02 3.361500000000000044e-01
3.891399999999999970e+00 7.822000000000000064e-01 -2.839999999999999816e-02 3.586500000000000243e-01
4.055100000000000371e+00 7.822000000000000064e-01 -2.790000000000000119e-02 3.677500000000000213e-01
4.218700000000000117e+00 7.822000000000000064e-01 -2.920000000000000373e-02 3.754500000000000060e-01
4.382299999999999862e+00 7.822000000000000064e-01 -3.289999999999999869e-02 3.955000000000000182e-01
4.546000000000000263e+00 7.822000000000000064e-01 -4.039999999999999841e-02 4.000000000000000222e-01
4.709600000000000009e+00 7.822000000000000064e-01 -3.964999999999999775e-02 3.954500000000000237e-01
4.873300000000000409e+00 7.822000000000000064e-01 -4.664999999999999702e-02 4.165999999999999703e-01
5.036900000000000155e+00 7.822000000000000064e-01 -3.790000000000000313e-02 4.411000000000000476e-01
5.200599999999999667e+00 7.822000000000000064e-01 -4.270000000000000184e-02 4.488999999999999657e-01
5.364200000000000301e+00 7.822000000000000064e-01 -4.710000000000000298e-02 4.560499999999999554e-01
5.527800000000000047e+00 7.822000000000000064e-01 -3.125000000000000000e-02 4.627999999999999892e-01
5.691499999999999559e+00 7.822000000000000064e-01 -3.434999999999999859e-02 4.868500000000000050e-01
5.855100000000000193e+00 7.822000000000000064e-01 -3.164999999999999758e-02 5.078500000000000236e-01
6.018799999999999706e+00 7.822000000000000064e-01 -3.054999999999999730e-02 5.497499999999999609e-01
6.182400000000000340e+00 7.822000000000000064e-01 -5.000000000000056483e-05 5.202999999999999847e-01
6.346099999999999852e+00 7.822000000000000064e-01 2.000000000000000042e-02 4.988000000000000211e-01
6.509699999999999598e+00 7.822000000000000064e-01 3.574999999999999706e-02 5.255499999999999616e-01
6.673300000000000232e+00 7.822000000000000064e-01 4.954999999999999682e-02 5.289000000000000368e-01
6.836999999999999744e+00 7.822000000000000064e-01 6.969999999999999807e-02 5.330500000000000238e-01
7.000600000000000378e+00 7.822000000000000064e-01 1.700000000000000122e-02 4.984999999999999432e-01
7.164299999999999891e+00 7.822000000000000064e-01 1.385000000000000120e-02 5.104999999999999538e-01
7.327899999999999636e+00 7.822000000000000064e-01 1.195500000000000035e-01 5.598499999999999588e-01
1.275999999999999912e-01 6.186000000000000387e-01 5.149999999999999717e-02 7.430000000000000493e-02
2.913000000000000034e-01 6.186000000000000387e-01 4.630000000000000088e-02 7.445000000000000229e-02
4.549000000000000266e-01 6.186000000000000387e-01 2.614999999999999963e-02 8.630000000000000171e-02
6.186000000000000387e-01 6.186000000000000387e-01 1.890000000000000013e-02 1.085999999999999882e-01
7.822000000000000064e-01 6.186000000000000387e-01 4.050000000000000648e-03 1.211500000000000077e-01
9.458999999999999631e-01 6.186000000000000387e-01 4.499999999999998793e-03 1.386499999999999955e-01
1.109499999999999931e+00 6.186000000000000387e-01 -2.000000000000000042e-03 1.385500000000000065e-01
1.273099999999999898e+00 6.186000000000000387e-01 -1.105000000000000079e-02 1.581000000000000183e-01
1.436800000000000077e+00 6.186000000000000387e-01 -1.584999999999999604e-02 1.864500000000000046e-01
1.600400000000000045e+00 6.186000000000000387e-01 -9.549999999999999462e-03 2.248999999999999888e-01
1.764100000000000001e+00 6.186000000000000387e-01 -2.224999999999999895e-02 2.293499999999999983e-01
1.927699999999999969e+00 6.186000000000000387e-01 -2.454999999999999891e-02 2.283499999999999974e-01
2.091400000000000148e+00 6.186000000000000387e-01 -2.520000000000000018e-02 2.360999999999999766e-01
2.254999999999999893e+00 6.186000000000000387e-01 -2.790000000000000119e-02 2.553000000000000269e-01
2.418600000000000083e+00 6.186000000000000387e-01 -2.969999999999999724e-02 2.658999999999999697e-01
2.582300000000000040e+00 6.186000000000000387e-01 -3.944999999999999896e-02 2.815500000000000225e-01
2.745899999999999785e+00 6.186000000000000387e-01 -4.279999999999999777e-02 2.921000000000000263e-01
2.909600000000000186e+00 6.186000000000000387e-01 -4.700000000000000011e-02 3.079500000000000015e-01
3.073199999999999932e+00 6.186000000000000387e-01 -5.050000000000000322e-02 3.372499999999999942e-01
3.236800000000000122e+00 6.186000000000000387e-01 -4.624999999999999944e-02 3.621999999999999664e-01
3.400500000000000078e+00 6.186000000000000387e-01 -4.519999999999999712e-02 3.791999999999999815e-01
3.564099999999999824e+00 6.186000000000000387e-01 -4.299999999999999656e-02 3.979000000000000314e-01
3.727799999999999780e+00 6.186000000000000387e-01 -3.069999999999999812e-02 4.067500000000000004e-01
3.891399999999999970e+00 6.186000000000000387e-01 -3.929999999999999466e-02 4.137500000000000067e-01
4.055100000000000371e+00 6.186000000000000387e-01 -3.799999999999999906e-02 4.267000000000000237e-01
4.218700000000000117e+00 6.186000000000000387e-01 -4.234999999999999876e-02 4.444000000000000172e-01
4.382299999999999862e+00 6.186000000000000387e-01 -4.639999999999999680e-02 4.472000000000000419e-01
4.546000000000000263e+00 6.186000000000000387e-01 -5.025000000000000300e-02 4.556499999999999995e-01
4.709600000000000009e+00 6.186000000000000387e-01 -6.754999999999999893e-02 4.907500000000000195e-01
4.873300000000000409e+00 6.186000000000000387e-01 -6.170000000000000484e-02 5.109000000000000208e-01
5.036900000000000155e+00 6.186000000000000387e-01 -6.529999999999999694e-02 5.061999999999999833e-01
5.200599999999999667e+00 6.186000000000000387e-01 -6.489999999999999936e-02 5.199000000000000288e-01
5.364200000000000301e+00 6.186000000000000387e-01 -5.334999999999999465e-02 5.159000000000000252e-01
5.527800000000000047e+00 6.186000000000000387e-01 -4.680000000000000132e-02 5.187500000000000444e-01
5.691499999999999559e+00 6.186000000000000387e-01 -4.510000000000000120e-02 5.450999999999999179e-01
5.855100000000000193e+00 6.186000000000000387e-01 -4.395000000000000295e-02 5.836999999999999966e-01
6.018799999999999706e+00 6.186000000000000387e-01 -4.200000000000000261e-02 5.805500000000000105e-01
6.182400000000000340e+00 6.186000000000000387e-01 -1.089999999999999997e-02 5.486999999999999655e-01
6.346099999999999852e+00 6.186000000000000387e-01 -3.255000000000000254e-02 5.534999999999999920e-01
6.509699999999999598e+00 6.186000000000000387e-01 -2.804999999999999855e-02 5.446499999999999675e-01
6.673300000000000232e+00 6.186000000000000387e-01 3.429999999999999716e-02 5.837499999999999911e-01
6.836999999999999744e+00 6.186000000000000387e-01 7.555000000000000604e-02 5.777000000000001023e-01
7.000600000000000378e+00 6.186000000000000387e-01 1.003000000000000003e-01 5.970499999999999696e-01
7.164299999999999891e+00 6.186000000000000387e-01 1.058499999999999996e-01 6.122000000000000774e-01
7.327899999999999636e+00 6.186000000000000387e-01 1.328499999999999959e-01 6.019499999999999851e-01
1.275999999999999912e-01 4.549000000000000266e-01 4.964999999999999969e-02 5.940000000000000141e-02
2.913000000000000034e-01 4.549000000000000266e-01 2.639999999999999986e-02 7.190000000000000557e-02
4.549000000000000266e-01 4.549000000000000266e-01 1.689999999999999836e-02 9.500000000000000111e-02
6.186000000000000387e-01 4.549000000000000266e-01 3.799999999999999559e-03 1.133000000000000118e-01
7.822000000000000064e-01 4.549000000000000266e-01 -8.899999999999999925e-03 1.219500000000000028e-01
9.458999999999999631e-01 4.549000000000000266e-01 -1.239999999999999956e-02 1.413000000000000089e-01
1.109499999999999931e+00 4.549000000000000266e-01 -1.720000000000000001e-02 1.750500000000000111e-01
1.273099999999999898e+00 4.549000000000000266e-01 -3.620000000000000301e-02 1.729999999999999871e-01
1.436800000000000077e+00 4.549000000000000266e-01 -3.414999999999999980e-02 2.115499999999999881e-01
1.600400000000000045e+00 4.549000000000000266e-01 -3.065000000000000016e-02 2.452999999999999903e-01
1.764100000000000001e+00 4.549000000000000266e-01 -4.044999999999999984e-02 2.427999999999999881e-01
1.927699999999999969e+00 4.549000000000000266e-01 -3.905000000000000138e-02 2.502499999999999725e-01
2.091400000000000148e+00 4.549000000000000266e-01 -4.690000000000000419e-02 2.759500000000000286e-01
2.254999999999999893e+00 4.549000000000000266e-01 -5.094999999999999529e-02 2.927499999999999547e-01
2.418600000000000083e+00 4.549000000000000266e-01 -5.614999999999999852e-02 3.024499999999999966e-01
2.582300000000000040e+00 4.549000000000000266e-01 -6.439999999999999891e-02 3.239000000000000212e-01
2.745899999999999785e+00 4.549000000000000266e-01 -5.949999999999999734e-02 3.392499999999999960e-01
2.909600000000000186e+00 4.549000000000000266e-01 -6.010000000000000064e-02 3.453500000000000458e-01
3.073199999999999932e+00 4.549000000000000266e-01 -6.485000000000000486e-02 3.762999999999999678e-01
3.236800000000000122e+00 4.549000000000000266e-01 -5.879999999999999810e-02 4.196500000000000230e-01
3.400500000000000078e+00 4.549000000000000266e-01 -5.625000000000000139e-02 4.601999999999999980e-01
3.564099999999999824e+00 4.549000000000000266e-01 -5.509999999999999620e-02 4.609000000000000319e-01
3.727799999999999780e+00 4.549000000000000266e-01 -4.834999999999999715e-02 4.590000000000000191e-01
3.891399999999999970e+00 4.549000000000000266e-01 -5.009999999999999870e-02 4.857500000000000151e-01
4.055100000000000371e+00 4.549000000000000266e-01 -5.904999999999999832e-02 4.957000000000000295e-01
4.218700000000000117e+00 4.549000000000000266e-01 -5.015000000000000013e-02 5.005500000000000504e-01
4.382299999999999862e+00 4.549000000000000266e-01 -6.039999999999999536e-02 5.155499999999999527e-01
4.546000000000000263e+00 4.549000000000000266e-01 -7.144999999999999962e-02 5.315999999999999615e-01
4.709600000000000009e+00 4.549000000000000266e-01 -7.574999999999999789e-02 5.819999999999999618e-01
4.873300000000000409e+00 4.549000000000000266e-01 -8.559999999999999554e-02 5.856000000000000094e-01
5.036900000000000155e+00 4.549000000000000266e-01 -7.804999999999999438e-02 6.044000000000000483e-01
5.200599999999999667e+00 4.549000000000000266e-01 -7.094999999999999918e-02 5.929499999999999771e-01
5.364200000000000301e+00 4.549000000000000266e-01 -5.530000000000000193e-02 5.452500000000000124e-01
5.527800000000000047e+00 4.549000000000000266e-01 -5.654999999999999610e-02 5.775000000000000133e-01
5.691499999999999559e+00 4.549000000000000266e-01 -5.505000000000000171e-02 6.013500000000000512e-01
5.855100000000000193e+00 4.549000000000000266e-01 -5.945000000000000284e-02 6.673499999999999988e-01
6.018799999999999706e+00 4.549000000000000266e-01 -6.925000000000000600e-02 6.912499999999999201e-01
6.182400000000000340e+00 4.549000000000000266e-01 -1.330000000000000106e-02 5.715500000000000025e-01
6.346099999999999852e+00 4.549000000000000266e-01 -5.504999999999999477e-02 5.763000000000000345e-01
6.509699999999999598e+00 4.549000000000000266e-01 -4.429999999999999910e-02 5.625500000000001055e-01
6.673300000000000232e+00 4.549000000000000266e-01 -3.619999999999999607e-02 5.696499999999999897e-01
6.836999999999999744e+00 4.549000000000000266e-01 -8.449999999999999178e-03 5.625000000000000000e-01
7.000600000000000378e+00 4.549000000000000266e-01 2.500000000000002220e-04 5.644500000000000073e-01
7.164299999999999891e+00 4.549000000000000266e-01 -2.434999999999999665e-02 5.514999999999999902e-01
7.327899999999999636e+00 4.549000000000000266e-01 2.469999999999999973e-02 5.408999999999999364e-01
1.275999999999999912e-01 2.913000000000000034e-01 3.130000000000000143e-02 3.960000000000000325e-02
2.913000000000000034e-01 2.913000000000000034e-01 8.500000000000000611e-04 9.965000000000000246e-02
4.549000000000000266e-01 2.913000000000000034e-01 4.750000000000000749e-03 7.649999999999999856e-02
6.186000000000000387e-01 2.913000000000000034e-01 -1.089999999999999997e-02 9.579999999999999627e-02
7.822000000000000064e-01 2.913000000000000034e-01 -3.554999999999999827e-02 1.077499999999999986e-01
9.458999999999999631e-01 2.913000000000000034e-01 -3.404999999999999694e-02 1.401499999999999968e-01
1.109499999999999931e+00 2.913000000000000034e-01 -4.229999999999999732e-02 1.911499999999999866e-01
1.273099999999999898e+00 2.913000000000000034e-01 -5.970000000000000306e-02 1.744499999999999940e-01
1.436800000000000077e+00 2.913000000000000034e-01 -5.965000000000000163e-02 2.216000000000000192e-01
1.600400000000000045e+00 2.913000000000000034e-01 -4.189999999999999974e-02 2.439999999999999947e-01
1.764100000000000001e+00 2.913000000000000034e-01 -5.940000000000000141e-02 2.242500000000000049e-01
1.927699999999999969e+00 2.913000000000000034e-01 -8.340000000000000191e-02 2.657499999999999862e-01
2.091400000000000148e+00 2.913000000000000034e-01 -8.279999999999999860e-02 3.056499999999999773e-01
2.254999999999999893e+00 2.913000000000000034e-01 -5.704999999999999655e-02 3.157500000000000306e-01
2.418600000000000083e+00 2.913000000000000034e-01 -5.254999999999999949e-02 3.276499999999999968e-01
2.582300000000000040e+00 2.913000000000000034e-01 -6.360000000000000375e-02 3.412999999999999923e-01
2.745899999999999785e+00 2.913000000000000034e-01 -7.879999999999999505e-02 3.799000000000000155e-01
2.909600000000000186e+00 2.913000000000000034e-01 -8.530000000000000082e-02 4.142500000000000071e-01
3.073199999999999932e+00 2.913000000000000034e-01 -7.355000000000000426e-02 4.498499999999999721e-01
3.236800000000000122e+00 2.913000000000000034e-01 -7.409999999999999920e-02 4.800499999999999767e-01
3.400500000000000078e+00 2.913000000000000034e-01 -7.570000000000000340e-02 5.039000000000000146e-01
3.564099999999999824e+00 2.913000000000000034e-01 -6.839999999999998859e-02 5.169500000000000206e-01
3.727799999999999780e+00 2.913000000000000034e-01 -5.784999999999999865e-02 5.342999999999999972e-01
3.891399999999999970e+00 2.913000000000000034e-01 -7.130000000000000226e-02 5.851999999999999424e-01
4.055100000000000371e+00 2.913000000000000034e-01 -7.220000000000000029e-02 5.625000000000000000e-01
4.218700000000000117e+00 2.913000000000000034e-01 -5.799999999999999600e-02 5.393499999999999961e-01
4.382299999999999862e+00 2.913000000000000034e-01 -7.595000000000000362e-02 6.043000000000000593e-01
4.546000000000000263e+00 2.913000000000000034e-01 -7.804999999999999438e-02 5.675000000000000044e-01
4.709600000000000009e+00 2.913000000000000034e-01 -9.335000000000000242e-02 6.339000000000000190e-01
4.873300000000000409e+00 2.913000000000000034e-01 -9.340000000000001079e-02 6.476999999999999424e-01
5.036900000000000155e+00 2.913000000000000034e-01 -8.294999999999999596e-02 6.527499999999999414e-01
5.200599999999999667e+00 2.913000000000000034e-01 -1.048000000000000043e-01 6.975000000000000089e-01
5.364200000000000301e+00 2.913000000000000034e-01 -1.370500000000000052e-01 6.072999999999999510e-01
5.527800000000000047e+00 2.913000000000000034e-01 -1.401000000000000023e-01 6.139499999999999957e-01
5.691499999999999559e+00 2.913000000000000034e-01 -8.660000000000001030e-02 7.323999999999999400e-01
5.855100000000000193e+00 2.913000000000000034e-01 -7.914999999999999813e-02 7.560999999999999943e-01
6.018799999999999706e+00 2.913000000000000034e-01 -8.114999999999999991e-02 7.142500000000000515e-01
6.182400000000000340e+00 2.913000000000000034e-01 -1.549999999999999989e-02 6.019499999999999851e-01
6.346099999999999852e+00 2.913000000000000034e-01 -4.500000000000000527e-03 6.049499999999999877e-01
6.509699999999999598e+00 2.913000000000000034e-01 -1.209999999999999964e-02 6.889499999999999513e-01
6.673300000000000232e+00 2.913000000000000034e-01 -6.339999999999999802e-02 5.611999999999999211e-01
6.836999999999999744e+00 2.913000000000000034e-01 -1.231999999999999901e-01 2.497999999999999665e-01
7.000600000000000378e+00 2.913000000000000034e-01 -5.244999999999999662e-02 6.020499999999999741e-01
7.164299999999999891e+00 2.913000000000000034e-01 -4.729999999999999483e-02 5.648499999999999632e-01
7.327899999999999636e+00 2.913000000000000034e-01 9.250000000000001277e-03 5.525499999999999856e-01
1.275999999999999912e-01 1.275999999999999912e-01 1.249999999999999896e-02 -6.744999999999999607e-02
2.913000000000000034e-01 1.275999999999999912e-01 -1.384999999999999946e-02 1.125500000000000111e-01
4.549000000000000266e-01 1.275999999999999912e-01 -4.139999999999999930e-02 -1.344999999999998974e-02
6.186000000000000387e-01 1.275999999999999912e-01 -5.204999999999999905e-02 -1.905000000000001137e-02
7.822000000000000064e-01 1.275999999999999912e-01 -6.494999999999999385e-02 5.929999999999999855e-02
9.458999999999999631e-01 1.275999999999999912e-01 -7.375000000000000999e-02 7.139999999999999125e-02
1.109499999999999931e+00 1.275999999999999912e-01 -8.465000000000000302e-02 8.755000000000000282e-02
1.273099999999999898e+00 1.275999999999999912e-01 -7.710000000000000187e-02 1.559500000000000053e-01
1.436800000000000077e+00 1.275999999999999912e-01 -7.324999999999999567e-02 2.510999999999999899e-01
1.600400000000000045e+00 1.275999999999999912e-01 -1.174000000000000044e-01 1.667000000000000148e-01
1.764100000000000001e+00 1.275999999999999912e-01 -1.038999999999999924e-01 2.066999999999999948e-01
1.927699999999999969e+00 1.275999999999999912e-01 -1.062999999999999917e-01 2.344999999999999862e-01
2.091400000000000148e+00 1.275999999999999912e-01 -7.794999999999999152e-02 2.869500000000000384e-01
2.254999999999999893e+00 1.275999999999999912e-01 -9.020000000000000240e-02 3.334000000000000297e-01
2.418600000000000083e+00 1.275999999999999912e-01 -5.559999999999999665e-02 3.057000000000000273e-01
2.582300000000000040e+00 1.275999999999999912e-01 -9.045000000000000262e-02 3.908000000000000362e-01
2.745899999999999785e+00 1.275999999999999912e-01 -1.164000000000000035e-01 3.890000000000000124e-01
2.909600000000000186e+00 1.275999999999999912e-01 -6.454999999999999627e-02 3.815999999999999948e-01
3.073199999999999932e+00 1.275999999999999912e-01 -6.670000000000000928e-02 4.092999999999999972e-01
3.236800000000000122e+00 1.275999999999999912e-01 -9.074999999999999734e-02 5.464999999999999858e-01
3.400500000000000078e+00 1.275999999999999912e-01 -9.820000000000000950e-02 5.708999999999999631e-01
3.564099999999999824e+00 1.275999999999999912e-01 -8.859999999999999820e-02 6.024500000000000410e-01
3.727799999999999780e+00 1.275999999999999912e-01 -6.994999999999999829e-02 5.458000000000000629e-01
3.891399999999999970e+00 1.275999999999999912e-01 -8.194999999999999507e-02 6.512000000000000011e-01
4.055100000000000371e+00 1.275999999999999912e-01 -9.040000000000000813e-02 6.582000000000000073e-01
4.218700000000000117e+00 1.275999999999999912e-01 -8.795000000000000040e-02 6.837999999999999634e-01
4.382299999999999862e+00 1.275999999999999912e-01 -8.959999999999999909e-02 6.998999999999999666e-01
4.546000000000000263e+00 1.275999999999999912e-01 -6.400000000000000133e-02 5.987500000000000044e-01
4.709600000000000009e+00 1.275999999999999912e-01 -1.204000000000000070e-01 7.171000000000000707e-01
4.873300000000000409e+00 1.275999999999999912e-01 -9.170000000000000373e-02 7.168499999999999872e-01
5.036900000000000155e+00 1.275999999999999912e-01 -9.224999999999999867e-02 6.767999999999999572e-01
5.200599999999999667e+00 1.275999999999999912e-01 -1.837499999999999967e-01 6.876500000000000945e-01
5.364200000000000301e+00 1.275999999999999912e-01 -1.630500000000000005e-01 6.393499999999999739e-01
5.527800000000000047e+00 1.275999999999999912e-01 -2.120000000000000009e-02 4.021500000000000075e-01
5.691499999999999559e+00 1.275999999999999912e-01 -3.712500000000000244e-01 7.167999999999999927e-01
5.855100000000000193e+00 1.275999999999999912e-01 -1.519000000000000072e-01 6.298000000000000265e-01
6.018799999999999706e+00 1.275999999999999912e-01 -1.524999999999999967e-01 6.693999999999999950e-01
6.182400000000000340e+00 1.275999999999999912e-01 -1.776999999999999968e-01 3.845500000000000029e-01
6.346099999999999852e+00 1.275999999999999912e-01 -1.097000000000000058e-01 6.333499999999999686e-01
6.509699999999999598e+00 1.275999999999999912e-01 -9.890000000000000180e-02 6.243000000000000771e-01
6.673300000000000232e+00 1.275999999999999912e-01 -8.795000000000000040e-02 6.116999999999999105e-01
6.836999999999999744e+00 1.275999999999999912e-01 -7.429999999999999105e-02 6.169499999999999984e-01
7.000600000000000378e+00 1.275999999999999912e-01 -7.825000000000000011e-02 6.210999999999999854e-01
7.164299999999999891e+00 1.275999999999999912e-01 -7.264999999999999236e-02 5.745500000000000052e-01
7.327899999999999636e+00 1.275999999999999912e-01 -2.200000000000000566e-03 5.593000000000000194e-01
