1.275999999999999912e-01 1.927699999999999969e+00 3.794999999999999762e-02 -6.849999999999999319e-03
2.913000000000000034e-01 1.927699999999999969e+00 3.329999999999999627e-02 -8.799999999999998795e-03
4.549000000000000266e-01 1.927699999999999969e+00 2.964999999999999927e-02 -1.704999999999999918e-02
6.186000000000000387e-01 1.927699999999999969e+00 2.789999999999999772e-02 -1.729999999999999941e-02
7.822000000000000064e-01 1.927699999999999969e+00 2.394999999999999907e-02 -1.430000000000000021e-02
9.458999999999999631e-01 1.927699999999999969e+00 2.099999999999999784e-02 -1.055000000000000035e-02
1.109499999999999931e+00 1.927699999999999969e+00 1.260000000000000009e-02 -5.250000000000000326e-03
1.273099999999999898e+00 1.927699999999999969e+00 9.099999999999998715e-03 1.500000000000001332e-03
1.436800000000000077e+00 1.927699999999999969e+00 4.349999999999999700e-03 4.949999999999999539e-03
1.600400000000000045e+00 1.927699999999999969e+00 -5.999999999999998390e-04 8.300000000000000086e-03
1.764100000000000001e+00 1.927699999999999969e+00 -3.299999999999999115e-03 9.499999999999999764e-03
1.927699999999999969e+00 1.927699999999999969e+00 -7.249999999999999500e-03 1.609999999999999973e-02
2.091400000000000148e+00 1.927699999999999969e+00 -6.149999999999999217e-03 2.270000000000000143e-02
2.254999999999999893e+00 1.927699999999999969e+00 -1.104999999999999906e-02 2.324999999999999983e-02
2.418600000000000083e+00 1.927699999999999969e+00 -1.415000000000000112e-02 2.840000000000000163e-02
2.582300000000000040e+00 1.927699999999999969e+00 -1.144999999999999837e-02 3.950000000000000039e-02
2.745899999999999785e+00 1.927699999999999969e+00 -1.679999999999999896e-02 4.569999999999999757e-02
2.909600000000000186e+00 1.927699999999999969e+00 -1.729999999999999941e-02 4.594999999999999779e-02
3.073199999999999932e+00 1.927699999999999969e+00 -1.704999999999999918e-02 5.215000000000000191e-02
3.236800000000000122e+00 1.927699999999999969e+00 -1.625000000000000056e-02 5.989999999999999492e-02
3.400500000000000078e+00 1.927699999999999969e+00 -1.625000000000000056e-02 6.395000000000000684e-02
3.564099999999999824e+00 1.927699999999999969e+00 -1.559999999999999928e-02 6.300000000000000044e-02
3.727799999999999780e+00 1.927699999999999969e+00 -1.644999999999999934e-02 6.829999999999999960e-02
3.891399999999999970e+00 1.927699999999999969e+00 -1.704999999999999918e-02 7.459999999999999964e-02
4.055100000000000371e+00 1.927699999999999969e+00 -1.110000000000000049e-02 6.800000000000000488e-02
4.218700000000000117e+00 1.927699999999999969e+00 -1.359999999999999924e-02 6.875000000000000555e-02
4.382299999999999862e+00 1.927699999999999969e+00 -1.540000000000000049e-02 7.305000000000000382e-02
4.546000000000000263e+00 1.927699999999999969e+00 -1.460000000000000013e-02 8.244999999999999551e-02
4.709600000000000009e+00 1.927699999999999969e+00 -1.104999999999999906e-02 8.210000000000000631e-02
4.873300000000000409e+00 1.927699999999999969e+00 -7.150000000000000973e-03 8.690000000000000502e-02
5.036900000000000155e+00 1.927699999999999969e+00 -1.274999999999999918e-02 8.669999999999999929e-02
5.200599999999999667e+00 1.927699999999999969e+00 -7.350000000000000630e-03 8.735000000000001097e-02
5.364200000000000301e+00 1.927699999999999969e+00 -7.199999999999999803e-03 9.634999999999999121e-02
5.527800000000000047e+00 1.927699999999999969e+00 -1.004999999999999991e-02 9.340000000000001079e-02
5.691499999999999559e+00 1.927699999999999969e+00 -6.200000000000000649e-03 9.920000000000001039e-02
5.855100000000000193e+00 1.927699999999999969e+00 -1.054999999999999861e-02 9.320000000000000506e-02
6.018799999999999706e+00 1.927699999999999969e+00 -7.100000000000000408e-03 9.894999999999999629e-02
6.182400000000000340e+00 1.927699999999999969e+00 -4.300000000000000003e-03 1.017499999999999932e-01
6.346099999999999852e+00 1.927699999999999969e+00 -1.244999999999999926e-02 8.959999999999999909e-02
6.509699999999999598e+00 1.927699999999999969e+00 -7.000000000000001013e-03 9.395000000000000573e-02
6.673300000000000232e+00 1.927699999999999969e+00 4.250000000000000305e-03 9.429999999999999494e-02
6.836999999999999744e+00 1.927699999999999969e+00 8.500000000000000611e-03 9.074999999999999734e-02
7.000600000000000378e+00 1.927699999999999969e+00 5.749999999999999903e-03 8.590000000000000413e-02
7.164299999999999891e+00 1.927699999999999969e+00 4.449999999999999963e-03 7.685000000000000164e-02
7.327899999999999636e+00 1.927699999999999969e+00 9.199999999999999845e-03 8.765000000000000568e-02
1.275999999999999912e-01 1.764100000000000001e+00 3.810000000000000192e-02 -2.949999999999999498e-03
2.913000000000000034e-01 1.764100000000000001e+00 3.119999999999999857e-02 -8.150000000000000994e-03
4.549000000000000266e-01 1.764100000000000001e+00 3.020000000000000115e-02 -1.305000000000000084e-02
6.186000000000000387e-01 1.764100000000000001e+00 2.635000000000000189e-02 -8.899999999999999925e-03
7.822000000000000064e-01 1.764100000000000001e+00 1.995000000000000245e-02 -7.200000000000000670e-03
9.458999999999999631e-01 1.764100000000000001e+00 1.604999999999999830e-02 -2.800000000000000405e-03
1.109499999999999931e+00 1.764100000000000001e+00 6.000000000000000125e-03 2.199999999999999699e-03
1.273099999999999898e+00 1.764100000000000001e+00 4.700000000000001052e-03 6.599999999999999964e-03
1.436800000000000077e+00 1.764100000000000001e+00 -2.950000000000001232e-03 9.299999999999999239e-03
1.600400000000000045e+00 1.764100000000000001e+00 -4.250000000000000305e-03 1.205000000000000168e-02
1.764100000000000001e+00 1.764100000000000001e+00 -1.019999999999999900e-02 1.805000000000000007e-02
1.927699999999999969e+00 1.764100000000000001e+00 -1.215000000000000108e-02 2.639999999999999986e-02
2.091400000000000148e+00 1.764100000000000001e+00 -1.304999999999999910e-02 3.019999999999999768e-02
2.254999999999999893e+00 1.764100000000000001e+00 -1.615000000000000116e-02 3.125000000000000000e-02
2.418600000000000083e+00 1.764100000000000001e+00 -1.559999999999999928e-02 3.774999999999999883e-02
2.582300000000000040e+00 1.764100000000000001e+00 -1.785000000000000128e-02 4.760000000000000342e-02
2.745899999999999785e+00 1.764100000000000001e+00 -2.214999999999999955e-02 5.165000000000000147e-02
2.909600000000000186e+00 1.764100000000000001e+00 -2.174999999999999850e-02 5.539999999999999786e-02
3.073199999999999932e+00 1.764100000000000001e+00 -1.625000000000000056e-02 6.254999999999999449e-02
3.236800000000000122e+00 1.764100000000000001e+00 -2.284999999999999878e-02 7.030000000000000138e-02
3.400500000000000078e+00 1.764100000000000001e+00 -2.299999999999999961e-02 7.744999999999999107e-02
3.564099999999999824e+00 1.764100000000000001e+00 -2.500000000000000139e-02 7.935000000000000386e-02
3.727799999999999780e+00 1.764100000000000001e+00 -2.294999999999999818e-02 7.985000000000000431e-02
3.891399999999999970e+00 1.764100000000000001e+00 -2.145000000000000032e-02 8.609999999999999598e-02
4.055100000000000371e+00 1.764100000000000001e+00 -1.665000000000000160e-02 8.905000000000000415e-02
4.218700000000000117e+00 1.764100000000000001e+00 -1.625000000000000056e-02 9.204999999999999294e-02
4.382299999999999862e+00 1.764100000000000001e+00 -1.675000000000000100e-02 9.129999999999999227e-02
4.546000000000000263e+00 1.764100000000000001e+00 -1.830000000000000029e-02 9.940000000000000224e-02
4.709600000000000009e+00 1.764100000000000001e+00 -1.285000000000000031e-02 1.020000000000000073e-01
4.873300000000000409e+00 1.764100000000000001e+00 -1.255000000000000039e-02 1.081000000000000016e-01
5.036900000000000155e+00 1.764100000000000001e+00 -1.370000000000000037e-02 1.025999999999999968e-01
5.200599999999999667e+00 1.764100000000000001e+00 -1.085000000000000027e-02 1.102000000000000063e-01
5.364200000000000301e+00 1.764100000000000001e+00 -5.800000000000000468e-03 1.183499999999999969e-01
5.527800000000000047e+00 1.764100000000000001e+00 -6.849999999999999319e-03 1.161999999999999977e-01
5.691499999999999559e+00 1.764100000000000001e+00 -7.900000000000000772e-03 1.190500000000000030e-01
5.855100000000000193e+00 1.764100000000000001e+00 -5.300000000000000024e-03 1.159499999999999975e-01
6.018799999999999706e+00 1.764100000000000001e+00 -6.049999999999999822e-03 1.181000000000000105e-01
6.182400000000000340e+00 1.764100000000000001e+00 -8.249999999999998654e-03 1.184499999999999997e-01
6.346099999999999852e+00 1.764100000000000001e+00 -1.625000000000000056e-02 1.111499999999999988e-01
6.509699999999999598e+00 1.764100000000000001e+00 -1.204999999999999995e-02 1.073999999999999955e-01
6.673300000000000232e+00 1.764100000000000001e+00 -3.199999999999999720e-03 1.113500000000000045e-01
6.836999999999999744e+00 1.764100000000000001e+00 -5.700000000000000205e-03 1.096999999999999920e-01
7.000600000000000378e+00 1.764100000000000001e+00 6.499999999999995365e-04 1.071000000000000008e-01
7.164299999999999891e+00 1.764100000000000001e+00 3.800000000000000426e-03 9.944999999999999674e-02
7.327899999999999636e+00 1.764100000000000001e+00 -1.799999999999999517e-03 1.044500000000000012e-01
1.275999999999999912e-01 1.600400000000000045e+00 3.260000000000000397e-02 -1.000000000000000021e-02
2.913000000000000034e-01 1.600400000000000045e+00 2.680000000000000090e-02 -1.290000000000000174e-02
4.549000000000000266e-01 1.600400000000000045e+00 2.435000000000000012e-02 -1.519999999999999823e-02
6.186000000000000387e-01 1.600400000000000045e+00 2.104999999999999927e-02 -6.049999999999999822e-03
7.822000000000000064e-01 1.600400000000000045e+00 1.299999999999999940e-02 -4.899999999999999842e-03
9.458999999999999631e-01 1.600400000000000045e+00 8.299999999999998351e-03 -3.850000000000000991e-03
1.109499999999999931e+00 1.600400000000000045e+00 1.300000000000000808e-03 3.100000000000000325e-03
1.273099999999999898e+00 1.600400000000000045e+00 2.999999999999999195e-04 7.950000000000000469e-03
1.436800000000000077e+00 1.600400000000000045e+00 -9.850000000000001116e-03 1.250000000000000069e-02
1.600400000000000045e+00 1.600400000000000045e+00 -1.484999999999999862e-02 1.989999999999999755e-02
1.764100000000000001e+00 1.600400000000000045e+00 -1.164999999999999890e-02 2.954999999999999988e-02
1.927699999999999969e+00 1.600400000000000045e+00 -1.519999999999999997e-02 3.384999999999999815e-02
2.091400000000000148e+00 1.600400000000000045e+00 -1.729999999999999941e-02 3.570000000000000256e-02
2.254999999999999893e+00 1.600400000000000045e+00 -1.984999999999999959e-02 4.230000000000000426e-02
2.418600000000000083e+00 1.600400000000000045e+00 -2.284999999999999878e-02 4.520000000000000406e-02
2.582300000000000040e+00 1.600400000000000045e+00 -2.475000000000000117e-02 5.725000000000000228e-02
2.745899999999999785e+00 1.600400000000000045e+00 -2.804999999999999855e-02 6.120000000000000440e-02
2.909600000000000186e+00 1.600400000000000045e+00 -2.724999999999999992e-02 6.854999999999999982e-02
3.073199999999999932e+00 1.600400000000000045e+00 -2.559999999999999776e-02 8.304999999999999882e-02
3.236800000000000122e+00 1.600400000000000045e+00 -2.739999999999999727e-02 8.515000000000000346e-02
3.400500000000000078e+00 1.600400000000000045e+00 -2.900000000000000147e-02 9.045000000000000262e-02
3.564099999999999824e+00 1.600400000000000045e+00 -3.024999999999999911e-02 9.695000000000000839e-02
3.727799999999999780e+00 1.600400000000000045e+00 -2.545000000000000040e-02 9.235000000000000153e-02
3.891399999999999970e+00 1.600400000000000045e+00 -2.274999999999999939e-02 9.700000000000000289e-02
4.055100000000000371e+00 1.600400000000000045e+00 -2.344999999999999862e-02 9.945000000000001061e-02
4.218700000000000117e+00 1.600400000000000045e+00 -2.294999999999999818e-02 1.041500000000000065e-01
4.382299999999999862e+00 1.600400000000000045e+00 -2.154999999999999971e-02 1.052499999999999963e-01
4.546000000000000263e+00 1.600400000000000045e+00 -1.764999999999999902e-02 1.066000000000000003e-01
4.709600000000000009e+00 1.600400000000000045e+00 -1.490000000000000005e-02 1.182999999999999885e-01
4.873300000000000409e+00 1.600400000000000045e+00 -1.760000000000000106e-02 1.229999999999999982e-01
5.036900000000000155e+00 1.600400000000000045e+00 -1.315000000000000023e-02 1.200999999999999984e-01
5.200599999999999667e+00 1.600400000000000045e+00 -1.905000000000000096e-02 1.281499999999999861e-01
5.364200000000000301e+00 1.600400000000000045e+00 -1.250000000000000069e-02 1.377500000000000113e-01
5.527800000000000047e+00 1.600400000000000045e+00 -1.009999999999999960e-02 1.252500000000000002e-01
5.691499999999999559e+00 1.600400000000000045e+00 -8.349999999999999784e-03 1.314500000000000113e-01
5.855100000000000193e+00 1.600400000000000045e+00 -7.250000000000000368e-03 1.328000000000000014e-01
6.018799999999999706e+00 1.600400000000000045e+00 -8.850000000000000228e-03 1.325500000000000012e-01
6.182400000000000340e+00 1.600400000000000045e+00 -1.089999999999999997e-02 1.378500000000000003e-01
6.346099999999999852e+00 1.600400000000000045e+00 -1.660000000000000017e-02 1.348000000000000032e-01
6.509699999999999598e+00 1.600400000000000045e+00 -1.329999999999999932e-02 1.298999999999999877e-01
6.673300000000000232e+00 1.600400000000000045e+00 -1.015000000000000104e-02 1.348000000000000032e-01
6.836999999999999744e+00 1.600400000000000045e+00 1.399999999999999856e-02 1.293999999999999873e-01
7.000600000000000378e+00 1.600400000000000045e+00 2.400000000000000223e-03 1.305000000000000049e-01
7.164299999999999891e+00 1.600400000000000045e+00 8.499999999999991937e-04 1.255499999999999949e-01
7.327899999999999636e+00 1.600400000000000045e+00 6.450000000000000872e-03 1.180999999999999966e-01
1.275999999999999912e-01 1.436800000000000077e+00 3.269999999999999990e-02 -7.799999999999998775e-03
2.913000000000000034e-01 1.436800000000000077e+00 2.309999999999999901e-02 -1.055000000000000035e-02
4.549000000000000266e-01 1.436800000000000077e+00 1.835000000000000173e-02 -8.949999999999999623e-03
6.186000000000000387e-01 1.436800000000000077e+00 1.485000000000000035e-02 -6.250000000000000347e-03
7.822000000000000064e-01 1.436800000000000077e+00 6.449999999999999137e-03 -4.500000000000000527e-03
9.458999999999999631e-01 1.436800000000000077e+00 3.150000000000000022e-03 1.350000000000000505e-03
1.109499999999999931e+00 1.436800000000000077e+00 -6.950000000000001316e-03 1.000000000000011297e-04
1.273099999999999898e+00 1.436800000000000077e+00 -8.450000000000002648e-03 1.010000000000000134e-02
1.436800000000000077e+00 1.436800000000000077e+00 -1.684999999999999692e-02 1.559999999999999928e-02
1.600400000000000045e+00 1.436800000000000077e+00 -1.855000000000000052e-02 2.455000000000000238e-02
1.764100000000000001e+00 1.436800000000000077e+00 -1.729999999999999941e-02 3.225000000000000089e-02
1.927699999999999969e+00 1.436800000000000077e+00 -2.205000000000000016e-02 4.244999999999999468e-02
2.091400000000000148e+00 1.436800000000000077e+00 -2.450000000000000094e-02 4.664999999999999702e-02
2.254999999999999893e+00 1.436800000000000077e+00 -2.510000000000000078e-02 5.099999999999999672e-02
2.418600000000000083e+00 1.436800000000000077e+00 -3.084999999999999895e-02 6.254999999999999449e-02
2.582300000000000040e+00 1.436800000000000077e+00 -3.359999999999999792e-02 6.459999999999999076e-02
2.745899999999999785e+00 1.436800000000000077e+00 -3.585000000000000686e-02 7.325000000000000955e-02
2.909600000000000186e+00 1.436800000000000077e+00 -3.685000000000000081e-02 7.960000000000000409e-02
3.073199999999999932e+00 1.436800000000000077e+00 -3.565000000000000113e-02 9.020000000000000240e-02
3.236800000000000122e+00 1.436800000000000077e+00 -3.735000000000000125e-02 9.790000000000000091e-02
3.400500000000000078e+00 1.436800000000000077e+00 -3.339999999999999913e-02 1.062500000000000111e-01
3.564099999999999824e+00 1.436800000000000077e+00 -3.210000000000000353e-02 1.101000000000000034e-01
3.727799999999999780e+00 1.436800000000000077e+00 -3.084999999999999895e-02 1.124499999999999944e-01
3.891399999999999970e+00 1.436800000000000077e+00 -2.774999999999999689e-02 1.177499999999999936e-01
4.055100000000000371e+00 1.436800000000000077e+00 -2.494999999999999996e-02 1.222499999999999976e-01
4.218700000000000117e+00 1.436800000000000077e+00 -2.549999999999999836e-02 1.296499999999999875e-01
4.382299999999999862e+00 1.436800000000000077e+00 -2.419999999999999929e-02 1.307999999999999996e-01
4.546000000000000263e+00 1.436800000000000077e+00 -2.189999999999999933e-02 1.263500000000000179e-01
4.709600000000000009e+00 1.436800000000000077e+00 -2.045000000000000290e-02 1.325000000000000067e-01
4.873300000000000409e+00 1.436800000000000077e+00 -1.940000000000000058e-02 1.340500000000000025e-01
5.036900000000000155e+00 1.436800000000000077e+00 -2.029999999999999860e-02 1.360000000000000098e-01
5.200599999999999667e+00 1.436800000000000077e+00 -2.179999999999999993e-02 1.418500000000000039e-01
5.364200000000000301e+00 1.436800000000000077e+00 -1.745000000000000023e-02 1.534500000000000031e-01
5.527800000000000047e+00 1.436800000000000077e+00 -1.764999999999999902e-02 1.471000000000000085e-01
5.691499999999999559e+00 1.436800000000000077e+00 -1.455000000000000043e-02 1.473000000000000143e-01
5.855100000000000193e+00 1.436800000000000077e+00 -1.290000000000000001e-02 1.492499999999999938e-01
6.018799999999999706e+00 1.436800000000000077e+00 -4.749999999999999882e-03 1.458000000000000129e-01
6.182400000000000340e+00 1.436800000000000077e+00 -1.064999999999999974e-02 1.566500000000000115e-01
6.346099999999999852e+00 1.436800000000000077e+00 -6.599999999999999964e-03 1.532499999999999973e-01
6.509699999999999598e+00 1.436800000000000077e+00 -3.299999999999999982e-03 1.529999999999999971e-01
6.673300000000000232e+00 1.436800000000000077e+00 1.899999999999999996e-03 1.596499999999999864e-01
6.836999999999999744e+00 1.436800000000000077e+00 2.054999999999999882e-02 1.479999999999999927e-01
7.000600000000000378e+00 1.436800000000000077e+00 9.199999999999999845e-03 1.517000000000000015e-01
7.164299999999999891e+00 1.436800000000000077e+00 6.050000000000000690e-03 1.549500000000000044e-01
7.327899999999999636e+00 1.436800000000000077e+00 2.235000000000000181e-02 1.443500000000000061e-01
1.275999999999999912e-01 1.273099999999999898e+00 2.954999999999999988e-02 -6.799999999999998754e-03
2.913000000000000034e-01 1.273099999999999898e+00 2.630000000000000046e-02 -7.549999999999999420e-03
4.549000000000000266e-01 1.273099999999999898e+00 1.805000000000000007e-02 -4.450000000000000830e-03
6.186000000000000387e-01 1.273099999999999898e+00 1.294999999999999971e-02 -5.700000000000000205e-03
7.822000000000000064e-01 1.273099999999999898e+00 3.349999999999998812e-03 5.500000000000001416e-04
9.458999999999999631e-01 1.273099999999999898e+00 -2.199999999999998831e-03 4.699999999999999317e-03
1.109499999999999931e+00 1.273099999999999898e+00 -1.100000000000000110e-02 5.800000000000001335e-03
1.273099999999999898e+00 1.273099999999999898e+00 -1.745000000000000023e-02 1.534999999999999906e-02
1.436800000000000077e+00 1.273099999999999898e+00 -2.154999999999999971e-02 1.754999999999999963e-02
1.600400000000000045e+00 1.273099999999999898e+00 -2.315000000000000044e-02 2.394999999999999907e-02
1.764100000000000001e+00 1.273099999999999898e+00 -2.679999999999999744e-02 3.579999999999999849e-02
1.927699999999999969e+00 1.273099999999999898e+00 -2.965000000000000274e-02 4.494999999999999690e-02
2.091400000000000148e+00 1.273099999999999898e+00 -3.305000000000000299e-02 5.390000000000000346e-02
2.254999999999999893e+00 1.273099999999999898e+00 -3.219999999999999946e-02 6.089999999999999580e-02
2.418600000000000083e+00 1.273099999999999898e+00 -3.880000000000000115e-02 6.640000000000000069e-02
2.582300000000000040e+00 1.273099999999999898e+00 -4.029999999999999555e-02 7.455000000000000515e-02
2.745899999999999785e+00 1.273099999999999898e+00 -4.355000000000000537e-02 8.404999999999999971e-02
2.909600000000000186e+00 1.273099999999999898e+00 -4.214999999999999997e-02 9.120000000000000329e-02
3.073199999999999932e+00 1.273099999999999898e+00 -4.015000000000000513e-02 8.999999999999999667e-02
3.236800000000000122e+00 1.273099999999999898e+00 -4.055000000000000271e-02 1.113500000000000045e-01
3.400500000000000078e+00 1.273099999999999898e+00 -3.689999999999999530e-02 1.164000000000000035e-01
3.564099999999999824e+00 1.273099999999999898e+00 -3.645000000000000323e-02 1.247000000000000053e-01
3.727799999999999780e+00 1.273099999999999898e+00 -3.755000000000000004e-02 1.314500000000000113e-01
3.891399999999999970e+00 1.273099999999999898e+00 -3.515000000000000069e-02 1.354000000000000203e-01
4.055100000000000371e+00 1.273099999999999898e+00 -2.839999999999999816e-02 1.300000000000000044e-01
4.218700000000000117e+00 1.273099999999999898e+00 -2.779999999999999832e-02 1.440500000000000114e-01
4.382299999999999862e+00 1.273099999999999898e+00 -2.744999999999999871e-02 1.507000000000000006e-01
4.546000000000000263e+00 1.273099999999999898e+00 -2.575000000000000205e-02 1.551500000000000101e-01
4.709600000000000009e+00 1.273099999999999898e+00 -2.514999999999999875e-02 1.509000000000000064e-01
4.873300000000000409e+00 1.273099999999999898e+00 -2.494999999999999996e-02 1.486999999999999988e-01
5.036900000000000155e+00 1.273099999999999898e+00 -2.400000000000000050e-02 1.587500000000000022e-01
5.200599999999999667e+00 1.273099999999999898e+00 -2.425000000000000072e-02 1.652000000000000135e-01
5.364200000000000301e+00 1.273099999999999898e+00 -1.979999999999999816e-02 1.708999999999999964e-01
5.527800000000000047e+00 1.273099999999999898e+00 -1.949999999999999997e-02 1.681499999999999939e-01
5.691499999999999559e+00 1.273099999999999898e+00 -1.959999999999999937e-02 1.661500000000000199e-01
5.855100000000000193e+00 1.273099999999999898e+00 -1.294999999999999971e-02 1.848500000000000143e-01
6.018799999999999706e+00 1.273099999999999898e+00 -1.349999999999999985e-02 1.928499999999999936e-01
6.182400000000000340e+00 1.273099999999999898e+00 -1.020000000000000073e-02 1.878500000000000170e-01
6.346099999999999852e+00 1.273099999999999898e+00 -1.649999999999999774e-03 1.804499999999999993e-01
6.509699999999999598e+00 1.273099999999999898e+00 5.999999999999998390e-04 1.849999999999999978e-01
6.673300000000000232e+00 1.273099999999999898e+00 8.449999999999999178e-03 1.958999999999999908e-01
6.836999999999999744e+00 1.273099999999999898e+00 9.250000000000001277e-03 1.839500000000000024e-01
7.000600000000000378e+00 1.273099999999999898e+00 1.455000000000000043e-02 1.779000000000000026e-01
7.164299999999999891e+00 1.273099999999999898e+00 1.729999999999999941e-02 1.769499999999999962e-01
7.327899999999999636e+00 1.273099999999999898e+00 4.889999999999999902e-02 1.864500000000000046e-01
1.275999999999999912e-01 1.109499999999999931e+00 2.910000000000000087e-02 -1.580000000000000154e-02
2.913000000000000034e-01 1.109499999999999931e+00 2.655000000000000068e-02 -1.319999999999999993e-02
4.549000000000000266e-01 1.109499999999999931e+00 1.445000000000000104e-02 -2.349999999999999659e-03
6.186000000000000387e-01 1.109499999999999931e+00 7.050000000000000711e-03 -7.000000000000009687e-04
7.822000000000000064e-01 1.109499999999999931e+00 -4.099999999999999478e-03 3.199999999999999720e-03
9.458999999999999631e-01 1.109499999999999931e+00 -9.600000000000000894e-03 5.850000000000001033e-03
1.109499999999999931e+00 1.109499999999999931e+00 -1.575000000000000011e-02 1.664999999999999813e-02
1.273099999999999898e+00 1.109499999999999931e+00 -2.759999999999999953e-02 1.700000000000000122e-02
1.436800000000000077e+00 1.109499999999999931e+00 -3.035000000000000198e-02 2.690000000000000030e-02
1.600400000000000045e+00 1.109499999999999931e+00 -3.429999999999999716e-02 3.605000000000000565e-02
1.764100000000000001e+00 1.109499999999999931e+00 -3.664999999999999508e-02 4.209999999999999853e-02
1.927699999999999969e+00 1.109499999999999931e+00 -3.425000000000000266e-02 5.315000000000000280e-02
2.091400000000000148e+00 1.109499999999999931e+00 -3.894999999999999851e-02 6.170000000000000484e-02
2.254999999999999893e+00 1.109499999999999931e+00 -4.179999999999999688e-02 7.349999999999999589e-02
2.418600000000000083e+00 1.109499999999999931e+00 -4.834999999999999715e-02 7.744999999999999107e-02
2.582300000000000040e+00 1.109499999999999931e+00 -4.814999999999999836e-02 8.640000000000000457e-02
2.745899999999999785e+00 1.109499999999999931e+00 -5.219999999999999640e-02 9.995000000000001106e-02
2.909600000000000186e+00 1.109499999999999931e+00 -4.879999999999999616e-02 1.070499999999999924e-01
3.073199999999999932e+00 1.109499999999999931e+00 -4.794999999999999957e-02 1.139000000000000012e-01
3.236800000000000122e+00 1.109499999999999931e+00 -4.539999999999999591e-02 1.237999999999999934e-01
3.400500000000000078e+00 1.109499999999999931e+00 -5.304999999999999993e-02 1.310999999999999943e-01
3.564099999999999824e+00 1.109499999999999931e+00 -4.555000000000000021e-02 1.396000000000000019e-01
3.727799999999999780e+00 1.109499999999999931e+00 -4.180000000000000382e-02 1.512000000000000011e-01
3.891399999999999970e+00 1.109499999999999931e+00 -3.905000000000000138e-02 1.597000000000000086e-01
4.055100000000000371e+00 1.109499999999999931e+00 -3.420000000000000123e-02 1.585000000000000020e-01
4.218700000000000117e+00 1.109499999999999931e+00 -3.395000000000000101e-02 1.532000000000000028e-01
4.382299999999999862e+00 1.109499999999999931e+00 -3.359999999999999792e-02 1.707500000000000129e-01
4.546000000000000263e+00 1.109499999999999931e+00 -3.014999999999999625e-02 1.840499999999999914e-01
4.709600000000000009e+00 1.109499999999999931e+00 -3.049999999999999933e-02 1.761000000000000065e-01
4.873300000000000409e+00 1.109499999999999931e+00 -3.135000000000000286e-02 1.747500000000000164e-01
5.036900000000000155e+00 1.109499999999999931e+00 -2.724999999999999992e-02 1.814000000000000057e-01
5.200599999999999667e+00 1.109499999999999931e+00 -2.324999999999999983e-02 1.849500000000000033e-01
5.364200000000000301e+00 1.109499999999999931e+00 -2.380000000000000171e-02 1.958499999999999963e-01
5.527800000000000047e+00 1.109499999999999931e+00 -2.695000000000000173e-02 1.940999999999999948e-01
5.691499999999999559e+00 1.109499999999999931e+00 -2.409999999999999989e-02 1.900999999999999912e-01
5.855100000000000193e+00 1.109499999999999931e+00 -9.150000000000000147e-03 2.111500000000000044e-01
6.018799999999999706e+00 1.109499999999999931e+00 -1.225000000000000047e-02 2.159999999999999976e-01
6.182400000000000340e+00 1.109499999999999931e+00 8.999999999999999754e-04 2.081500000000000017e-01
6.346099999999999852e+00 1.109499999999999931e+00 7.399999999999999460e-03 2.132000000000000006e-01
6.509699999999999598e+00 1.109499999999999931e+00 -2.399999999999999356e-03 2.206500000000000128e-01
6.673300000000000232e+00 1.109499999999999931e+00 8.899999999999999925e-03 2.152499999999999969e-01
6.836999999999999744e+00 1.109499999999999931e+00 2.249999999999999917e-02 2.076999999999999957e-01
7.000600000000000378e+00 1.109499999999999931e+00 3.325000000000000178e-02 2.095999999999999808e-01
7.164299999999999891e+00 1.109499999999999931e+00 4.700000000000000011e-02 2.050500000000000100e-01
7.327899999999999636e+00 1.109499999999999931e+00 5.080000000000000487e-02 2.028999999999999970e-01
1.275999999999999912e-01 9.458999999999999631e-01 2.035000000000000003e-02 -1.995000000000000245e-02
2.913000000000000034e-01 9.458999999999999631e-01 1.839999999999999969e-02 -9.900000000000000813e-03
4.549000000000000266e-01 9.458999999999999631e-01 8.950000000000001357e-03 -8.349999999999999784e-03
6.186000000000000387e-01 9.458999999999999631e-01 6.499999999999995365e-04 -2.649999999999999578e-03
7.822000000000000064e-01 9.458999999999999631e-01 -8.150000000000000994e-03 3.249999999999999417e-03
9.458999999999999631e-01 9.458999999999999631e-01 -1.839999999999999969e-02 9.950000000000000511e-03
1.109499999999999931e+00 9.458999999999999631e-01 -2.654999999999999721e-02 1.855000000000000052e-02
1.273099999999999898e+00 9.458999999999999631e-01 -3.384999999999999815e-02 2.450000000000000094e-02
1.436800000000000077e+00 9.458999999999999631e-01 -3.760000000000000148e-02 4.379999999999999866e-02
1.600400000000000045e+00 9.458999999999999631e-01 -4.404999999999999888e-02 4.889999999999999902e-02
1.764100000000000001e+00 9.458999999999999631e-01 -4.819999999999999979e-02 4.744999999999999912e-02
1.927699999999999969e+00 9.458999999999999631e-01 -4.535000000000000142e-02 5.469999999999999862e-02
2.091400000000000148e+00 9.458999999999999631e-01 -4.689999999999999725e-02 6.779999999999999916e-02
2.254999999999999893e+00 9.458999999999999631e-01 -5.685000000000000470e-02 8.455000000000000016e-02
2.418600000000000083e+00 9.458999999999999631e-01 -6.044999999999999679e-02 9.285000000000000198e-02
2.582300000000000040e+00 9.458999999999999631e-01 -6.264999999999999736e-02 1.047000000000000014e-01
2.745899999999999785e+00 9.458999999999999631e-01 -5.714999999999999941e-02 1.126000000000000056e-01
2.909600000000000186e+00 9.458999999999999631e-01 -5.909999999999999976e-02 1.232999999999999929e-01
3.073199999999999932e+00 9.458999999999999631e-01 -5.905000000000000526e-02 1.318999999999999895e-01
3.236800000000000122e+00 9.458999999999999631e-01 -5.240000000000000213e-02 1.402500000000000135e-01
3.400500000000000078e+00 9.458999999999999631e-01 -5.750000000000000250e-02 1.516000000000000125e-01
3.564099999999999824e+00 9.458999999999999631e-01 -5.574999999999999400e-02 1.623999999999999888e-01
3.727799999999999780e+00 9.458999999999999631e-01 -4.599999999999999922e-02 1.679999999999999827e-01
3.891399999999999970e+00 9.458999999999999631e-01 -4.114999999999999908e-02 1.809000000000000052e-01
4.055100000000000371e+00 9.458999999999999631e-01 -4.220000000000000140e-02 1.848000000000000198e-01
4.218700000000000117e+00 9.458999999999999631e-01 -4.364999999999999436e-02 1.858500000000000152e-01
4.382299999999999862e+00 9.458999999999999631e-01 -4.100000000000000172e-02 1.959000000000000186e-01
4.546000000000000263e+00 9.458999999999999631e-01 -3.869999999999999829e-02 2.042499999999999871e-01
4.709600000000000009e+00 9.458999999999999631e-01 -3.880000000000000115e-02 2.049000000000000266e-01
4.873300000000000409e+00 9.458999999999999631e-01 -4.204999999999999710e-02 2.109499999999999986e-01
5.036900000000000155e+00 9.458999999999999631e-01 -3.939999999999999752e-02 2.123499999999999832e-01
5.200599999999999667e+00 9.458999999999999631e-01 -3.629999999999999893e-02 2.177999999999999936e-01
5.364200000000000301e+00 9.458999999999999631e-01 -3.515000000000000069e-02 2.199499999999999789e-01
5.527800000000000047e+00 9.458999999999999631e-01 -2.899999999999999800e-02 2.249499999999999833e-01
5.691499999999999559e+00 9.458999999999999631e-01 -2.684999999999999887e-02 2.343500000000000028e-01
5.855100000000000193e+00 9.458999999999999631e-01 -1.945000000000000201e-02 2.430999999999999828e-01
6.018799999999999706e+00 9.458999999999999631e-01 -1.754999999999999963e-02 2.471499999999999808e-01
6.182400000000000340e+00 9.458999999999999631e-01 -5.599999999999999943e-03 2.489000000000000101e-01
6.346099999999999852e+00 9.458999999999999631e-01 -2.050000000000000173e-03 2.463000000000000189e-01
6.509699999999999598e+00 9.458999999999999631e-01 -1.199999999999999895e-03 2.592499999999999805e-01
6.673300000000000232e+00 9.458999999999999631e-01 1.600000000000000033e-02 2.568500000000000227e-01
6.836999999999999744e+00 9.458999999999999631e-01 1.264999999999999979e-02 2.498500000000000165e-01
7.000600000000000378e+00 9.458999999999999631e-01 2.575000000000000205e-02 2.371500000000000274e-01
7.164299999999999891e+00 9.458999999999999631e-01 3.715000000000000246e-02 2.528000000000000247e-01
7.327899999999999636e+00 9.458999999999999631e-01 5.424999999999999961e-02 2.215999999999999914e-01
1.275999999999999912e-01 7.822000000000000064e-01 1.814999999999999947e-02 -1.730000000000000288e-02
2.913000000000000034e-01 7.822000000000000064e-01 6.700000000000000226e-03 -1.389999999999999916e-02
4.549000000000000266e-01 7.822000000000000064e-01 -9.400000000000002104e-03 -1.265000000000000152e-02
6.186000000000000387e-01 7.822000000000000064e-01 -1.170000000000000033e-02 1.500000000000001332e-03
7.822000000000000064e-01 7.822000000000000064e-01 -1.625000000000000056e-02 1.354999999999999954e-02
9.458999999999999631e-01 7.822000000000000064e-01 -2.965000000000000274e-02 2.060000000000000026e-02
1.109499999999999931e+00 7.822000000000000064e-01 -3.805000000000000049e-02 2.270000000000000143e-02
1.273099999999999898e+00 7.822000000000000064e-01 -3.780000000000000027e-02 3.644999999999999629e-02
1.436800000000000077e+00 7.822000000000000064e-01 -4.030000000000000249e-02 4.829999999999999571e-02
1.600400000000000045e+00 7.822000000000000064e-01 -5.129999999999999838e-02 5.820000000000000173e-02
1.764100000000000001e+00 7.822000000000000064e-01 -5.480000000000000149e-02 5.625000000000000139e-02
1.927699999999999969e+00 7.822000000000000064e-01 -5.970000000000000306e-02 7.059999999999999609e-02
2.091400000000000148e+00 7.822000000000000064e-01 -6.379999999999999560e-02 8.705000000000000238e-02
2.254999999999999893e+00 7.822000000000000064e-01 -6.514999999999999958e-02 1.019499999999999851e-01
2.418600000000000083e+00 7.822000000000000064e-01 -6.345000000000000639e-02 1.151999999999999968e-01
2.582300000000000040e+00 7.822000000000000064e-01 -6.809999999999999387e-02 1.239999999999999991e-01
2.745899999999999785e+00 7.822000000000000064e-01 -7.230000000000000315e-02 1.298499999999999932e-01
2.909600000000000186e+00 7.822000000000000064e-01 -7.289999999999999258e-02 1.413500000000000034e-01
3.073199999999999932e+00 7.822000000000000064e-01 -7.499999999999999722e-02 1.584000000000000130e-01
3.236800000000000122e+00 7.822000000000000064e-01 -6.729999999999999871e-02 1.748500000000000054e-01
3.400500000000000078e+00 7.822000000000000064e-01 -6.079999999999999988e-02 1.828000000000000180e-01
3.564099999999999824e+00 7.822000000000000064e-01 -5.949999999999999734e-02 1.881499999999999839e-01
3.727799999999999780e+00 7.822000000000000064e-01 -4.695000000000000562e-02 1.959500000000000131e-01
3.891399999999999970e+00 7.822000000000000064e-01 -4.819999999999999979e-02 2.052499999999999880e-01
4.055100000000000371e+00 7.822000000000000064e-01 -4.479999999999999954e-02 2.071999999999999953e-01
4.218700000000000117e+00 7.822000000000000064e-01 -5.169999999999999596e-02 2.114499999999999991e-01
4.382299999999999862e+00 7.822000000000000064e-01 -5.075000000000000344e-02 2.216500000000000137e-01
4.546000000000000263e+00 7.822000000000000064e-01 -4.539999999999999591e-02 2.264500000000000124e-01
4.709600000000000009e+00 7.822000000000000064e-01 -4.754999999999999505e-02 2.260500000000000009e-01
4.873300000000000409e+00 7.822000000000000064e-01 -4.474999999999999811e-02 2.305999999999999717e-01
5.036900000000000155e+00 7.822000000000000064e-01 -4.164999999999999952e-02 2.443000000000000171e-01
5.200599999999999667e+00 7.822000000000000064e-01 -4.725000000000000033e-02 2.512499999999999734e-01
5.364200000000000301e+00 7.822000000000000064e-01 -4.155000000000000360e-02 2.616499999999999937e-01
5.527800000000000047e+00 7.822000000000000064e-01 -2.860000000000000042e-02 2.670500000000000096e-01
5.691499999999999559e+00 7.822000000000000064e-01 -2.624999999999999903e-02 2.658499999999999752e-01
5.855100000000000193e+00 7.822000000000000064e-01 -2.469999999999999973e-02 2.787000000000000033e-01
6.018799999999999706e+00 7.822000000000000064e-01 -2.384999999999999967e-02 2.843999999999999861e-01
6.182400000000000340e+00 7.822000000000000064e-01 -1.885000000000000217e-02 2.785499999999999643e-01
6.346099999999999852e+00 7.822000000000000064e-01 -8.349999999999999784e-03 2.696999999999999953e-01
6.509699999999999598e+00 7.822000000000000064e-01 7.450000000000000025e-03 2.815499999999999670e-01
6.673300000000000232e+00 7.822000000000000064e-01 1.575000000000000011e-02 2.805999999999999606e-01
6.836999999999999744e+00 7.822000000000000064e-01 1.799999999999999864e-02 2.719500000000000250e-01
7.000600000000000378e+00 7.822000000000000064e-01 4.025000000000000105e-02 2.711500000000000021e-01
7.164299999999999891e+00 7.822000000000000064e-01 4.395000000000000295e-02 2.741000000000000103e-01
7.327899999999999636e+00 7.822000000000000064e-01 4.514999999999999569e-02 2.196000000000000174e-01
1.275999999999999912e-01 6.186000000000000387e-01 1.370000000000000037e-02 -1.880000000000000074e-02
2.913000000000000034e-01 6.186000000000000387e-01 1.149999999999999981e-03 -1.004999999999999991e-02
4.549000000000000266e-01 6.186000000000000387e-01 -1.349999999999999985e-02 -7.849999999999999339e-03
6.186000000000000387e-01 6.186000000000000387e-01 -1.625000000000000056e-02 1.119999999999999989e-02
7.822000000000000064e-01 6.186000000000000387e-01 -2.624999999999999903e-02 1.585000000000000298e-02
9.458999999999999631e-01 6.186000000000000387e-01 -3.749999999999999861e-02 2.370000000000000231e-02
1.109499999999999931e+00 6.186000000000000387e-01 -4.655000000000000110e-02 3.780000000000000027e-02
1.273099999999999898e+00 6.186000000000000387e-01 -5.369999999999999774e-02 4.400000000000000439e-02
1.436800000000000077e+00 6.186000000000000387e-01 -5.414999999999999675e-02 5.244999999999999662e-02
1.600400000000000045e+00 6.186000000000000387e-01 -6.279999999999999472e-02 8.525000000000000633e-02
1.764100000000000001e+00 6.186000000000000387e-01 -6.750000000000000444e-02 9.879999999999999893e-02
1.927699999999999969e+00 6.186000000000000387e-01 -6.834999999999999409e-02 9.345000000000000528e-02
2.091400000000000148e+00 6.186000000000000387e-01 -7.349999999999999589e-02 9.849999999999999034e-02
2.254999999999999893e+00 6.186000000000000387e-01 -7.970000000000000695e-02 1.166999999999999982e-01
2.418600000000000083e+00 6.186000000000000387e-01 -7.530000000000000582e-02 1.279000000000000137e-01
2.582300000000000040e+00 6.186000000000000387e-01 -7.670000000000000429e-02 1.370999999999999996e-01
2.745899999999999785e+00 6.186000000000000387e-01 -8.600000000000000699e-02 1.523499999999999854e-01
2.909600000000000186e+00 6.186000000000000387e-01 -8.859999999999999820e-02 1.622500000000000053e-01
3.073199999999999932e+00 6.186000000000000387e-01 -9.245000000000000440e-02 1.760499999999999843e-01
3.236800000000000122e+00 6.186000000000000387e-01 -8.200000000000000344e-02 2.008500000000000008e-01
3.400500000000000078e+00 6.186000000000000387e-01 -6.525000000000000244e-02 2.154999999999999971e-01
3.564099999999999824e+00 6.186000000000000387e-01 -6.909999999999999476e-02 2.281000000000000250e-01
3.727799999999999780e+00 6.186000000000000387e-01 -5.650000000000000161e-02 2.387500000000000178e-01
3.891399999999999970e+00 6.186000000000000387e-01 -6.110000000000000153e-02 2.398500000000000076e-01
4.055100000000000371e+00 6.186000000000000387e-01 -5.590000000000000524e-02 2.446999999999999731e-01
4.218700000000000117e+00 6.186000000000000387e-01 -5.720000000000000084e-02 2.516499999999999848e-01
4.382299999999999862e+00 6.186000000000000387e-01 -5.770000000000000129e-02 2.508500000000000174e-01
4.546000000000000263e+00 6.186000000000000387e-01 -5.254999999999999949e-02 2.589500000000000135e-01
4.709600000000000009e+00 6.186000000000000387e-01 -5.904999999999999832e-02 2.812500000000000000e-01
4.873300000000000409e+00 6.186000000000000387e-01 -4.539999999999999591e-02 2.662499999999999867e-01
5.036900000000000155e+00 6.186000000000000387e-01 -5.375000000000000611e-02 2.837500000000000022e-01
5.200599999999999667e+00 6.186000000000000387e-01 -5.484999999999999598e-02 2.907500000000000084e-01
5.364200000000000301e+00 6.186000000000000387e-01 -4.879999999999999616e-02 2.986499999999999710e-01
5.527800000000000047e+00 6.186000000000000387e-01 -4.869999999999999329e-02 3.134000000000000119e-01
5.691499999999999559e+00 6.186000000000000387e-01 -3.840000000000000357e-02 3.162500000000000311e-01
5.855100000000000193e+00 6.186000000000000387e-01 -3.414999999999999980e-02 3.076499999999999790e-01
6.018799999999999706e+00 6.186000000000000387e-01 -2.045000000000000290e-02 2.974499999999999922e-01
6.182400000000000340e+00 6.186000000000000387e-01 -1.370000000000000037e-02 2.888499999999999956e-01
6.346099999999999852e+00 6.186000000000000387e-01 -5.350000000000000588e-03 2.982500000000000151e-01
6.509699999999999598e+00 6.186000000000000387e-01 8.850000000000000228e-03 3.048000000000000154e-01
6.673300000000000232e+00 6.186000000000000387e-01 1.915000000000000036e-02 3.095999999999999863e-01
6.836999999999999744e+00 6.186000000000000387e-01 3.835000000000000214e-02 3.008500000000000063e-01
7.000600000000000378e+00 6.186000000000000387e-01 4.830000000000000265e-02 2.925999999999999712e-01
7.164299999999999891e+00 6.186000000000000387e-01 4.984999999999999848e-02 2.948999999999999955e-01
7.327899999999999636e+00 6.186000000000000387e-01 6.370000000000000662e-02 2.852500000000000036e-01
1.275999999999999912e-01 4.549000000000000266e-01 1.374999999999999833e-02 -3.734999999999999432e-02
2.913000000000000034e-01 4.549000000000000266e-01 -5.950000000000000427e-03 -3.014999999999999625e-02
4.549000000000000266e-01 4.549000000000000266e-01 -2.350000000000000006e-02 -2.290000000000000369e-02
6.186000000000000387e-01 4.549000000000000266e-01 -4.034999999999999698e-02 -1.410000000000000142e-02
7.822000000000000064e-01 4.549000000000000266e-01 -5.070000000000000201e-02 -9.950000000000000511e-03
9.458999999999999631e-01 4.549000000000000266e-01 -5.090000000000000080e-02 8.550000000000002043e-03
1.109499999999999931e+00 4.549000000000000266e-01 -5.999999999999999778e-02 5.340000000000000302e-02
1.273099999999999898e+00 4.549000000000000266e-01 -7.535000000000000031e-02 3.799999999999999906e-02
1.436800000000000077e+00 4.549000000000000266e-01 -7.094999999999999918e-02 5.820000000000000173e-02
1.600400000000000045e+00 4.549000000000000266e-01 -7.555000000000000604e-02 9.404999999999999472e-02
1.764100000000000001e+00 4.549000000000000266e-01 -8.444999999999999729e-02 9.420000000000000595e-02
1.927699999999999969e+00 4.549000000000000266e-01 -8.344999999999999640e-02 9.540000000000001257e-02
2.091400000000000148e+00 4.549000000000000266e-01 -8.215000000000000080e-02 1.160499999999999865e-01
2.254999999999999893e+00 4.549000000000000266e-01 -9.494999999999999274e-02 1.338499999999999968e-01
2.418600000000000083e+00 4.549000000000000266e-01 -9.719999999999999474e-02 1.464999999999999913e-01
2.582300000000000040e+00 4.549000000000000266e-01 -9.884999999999999343e-02 1.469499999999999973e-01
2.745899999999999785e+00 4.549000000000000266e-01 -9.979999999999999982e-02 1.673999999999999932e-01
2.909600000000000186e+00 4.549000000000000266e-01 -1.059000000000000080e-01 1.810999999999999832e-01
3.073199999999999932e+00 4.549000000000000266e-01 -1.101499999999999979e-01 1.961999999999999855e-01
3.236800000000000122e+00 4.549000000000000266e-01 -9.195000000000000395e-02 2.379999999999999893e-01
3.400500000000000078e+00 4.549000000000000266e-01 -8.644999999999999907e-02 2.549500000000000099e-01
3.564099999999999824e+00 4.549000000000000266e-01 -7.950000000000000122e-02 2.619000000000000217e-01
3.727799999999999780e+00 4.549000000000000266e-01 -6.880000000000000004e-02 2.782499999999999973e-01
3.891399999999999970e+00 4.549000000000000266e-01 -6.354999999999999538e-02 2.982500000000000151e-01
4.055100000000000371e+00 4.549000000000000266e-01 -7.289999999999999258e-02 2.974999999999999867e-01
4.218700000000000117e+00 4.549000000000000266e-01 -6.264999999999999736e-02 3.026499999999999746e-01
4.382299999999999862e+00 4.549000000000000266e-01 -6.725000000000000422e-02 2.992500000000000160e-01
4.546000000000000263e+00 4.549000000000000266e-01 -7.369999999999998774e-02 3.007500000000000173e-01
4.709600000000000009e+00 4.549000000000000266e-01 -6.750000000000000444e-02 3.149500000000000077e-01
4.873300000000000409e+00 4.549000000000000266e-01 -5.310000000000000137e-02 3.044999999999999929e-01
5.036900000000000155e+00 4.549000000000000266e-01 -6.400000000000000133e-02 3.162000000000000366e-01
5.200599999999999667e+00 4.549000000000000266e-01 -6.414999999999999869e-02 3.348999999999999755e-01
5.364200000000000301e+00 4.549000000000000266e-01 -5.200000000000000455e-02 3.308499999999999774e-01
5.527800000000000047e+00 4.549000000000000266e-01 -4.730000000000000177e-02 3.412999999999999923e-01
5.691499999999999559e+00 4.549000000000000266e-01 -5.385000000000000203e-02 3.486000000000000210e-01
5.855100000000000193e+00 4.549000000000000266e-01 -3.629999999999999893e-02 3.394499999999999740e-01
6.018799999999999706e+00 4.549000000000000266e-01 -1.380000000000000150e-02 3.119500000000000051e-01
6.182400000000000340e+00 4.549000000000000266e-01 2.049999999999999739e-03 3.106999999999999762e-01
6.346099999999999852e+00 4.549000000000000266e-01 5.100000000000000366e-03 3.165999999999999925e-01
6.509699999999999598e+00 4.549000000000000266e-01 1.149999999999999981e-02 3.281000000000000028e-01
6.673300000000000232e+00 4.549000000000000266e-01 1.324999999999999963e-02 3.437000000000000055e-01
6.836999999999999744e+00 4.549000000000000266e-01 2.780000000000000179e-02 3.200999999999999956e-01
7.000600000000000378e+00 4.549000000000000266e-01 5.730000000000000371e-02 2.979999999999999871e-01
7.164299999999999891e+00 4.549000000000000266e-01 6.105000000000000010e-02 2.968999999999999972e-01
7.327899999999999636e+00 4.549000000000000266e-01 7.589999999999999525e-02 3.023000000000000131e-01
1.275999999999999912e-01 2.913000000000000034e-01 -8.899999999999998190e-03 -7.695000000000000451e-02
2.913000000000000034e-01 2.913000000000000034e-01 -2.199999999999999872e-02 -3.835000000000000214e-02
4.549000000000000266e-01 2.913000000000000034e-01 -3.459999999999999881e-02 -4.224999999999999589e-02
6.186000000000000387e-01 2.913000000000000034e-01 -5.210000000000000048e-02 -4.735000000000000320e-02
7.822000000000000064e-01 2.913000000000000034e-01 -6.554999999999999716e-02 -3.794999999999999762e-02
9.458999999999999631e-01 2.913000000000000034e-01 -7.954999999999999571e-02 -1.455000000000000043e-02
1.109499999999999931e+00 2.913000000000000034e-01 -7.985000000000000431e-02 2.250000000000000264e-02
1.273099999999999898e+00 2.913000000000000034e-01 -8.549999999999999267e-02 1.730000000000000288e-02
1.436800000000000077e+00 2.913000000000000034e-01 -9.249999999999999889e-02 4.400000000000000439e-02
1.600400000000000045e+00 2.913000000000000034e-01 -9.534999999999999032e-02 9.210000000000000131e-02
1.764100000000000001e+00 2.913000000000000034e-01 -1.037000000000000144e-01 6.485000000000000486e-02
1.927699999999999969e+00 2.913000000000000034e-01 -1.013499999999999956e-01 1.003000000000000003e-01
2.091400000000000148e+00 2.913000000000000034e-01 -1.098000000000000087e-01 1.183000000000000024e-01
2.254999999999999893e+00 2.913000000000000034e-01 -1.063999999999999946e-01 1.297999999999999987e-01
2.418600000000000083e+00 2.913000000000000034e-01 -1.006500000000000034e-01 1.458000000000000129e-01
2.582300000000000040e+00 2.913000000000000034e-01 -1.071000000000000008e-01 1.542000000000000037e-01
2.745899999999999785e+00 2.913000000000000034e-01 -1.184000000000000052e-01 1.744499999999999940e-01
2.909600000000000186e+00 2.913000000000000034e-01 -1.211499999999999938e-01 1.988999999999999935e-01
3.073199999999999932e+00 2.913000000000000034e-01 -1.147499999999999909e-01 2.373500000000000054e-01
3.236800000000000122e+00 2.913000000000000034e-01 -1.150999999999999940e-01 2.615999999999999992e-01
3.400500000000000078e+00 2.913000000000000034e-01 -1.062499999999999972e-01 2.751500000000000057e-01
3.564099999999999824e+00 2.913000000000000034e-01 -9.149999999999999800e-02 2.899999999999999800e-01
3.727799999999999780e+00 2.913000000000000034e-01 -7.520000000000000295e-02 3.271499999999999964e-01
3.891399999999999970e+00 2.913000000000000034e-01 -8.179999999999999771e-02 3.404500000000000304e-01
4.055100000000000371e+00 2.913000000000000034e-01 -7.664999999999999591e-02 3.251999999999999891e-01
4.218700000000000117e+00 2.913000000000000034e-01 -6.640000000000000069e-02 3.329500000000000237e-01
4.382299999999999862e+00 2.913000000000000034e-01 -6.260000000000000286e-02 3.412000000000000033e-01
4.546000000000000263e+00 2.913000000000000034e-01 -6.590000000000000024e-02 3.281000000000000028e-01
4.709600000000000009e+00 2.913000000000000034e-01 -7.349999999999999589e-02 3.390999999999999570e-01
4.873300000000000409e+00 2.913000000000000034e-01 -6.875000000000000555e-02 3.409999999999999698e-01
5.036900000000000155e+00 2.913000000000000034e-01 -6.375000000000000111e-02 3.589499999999999913e-01
5.200599999999999667e+00 2.913000000000000034e-01 -7.439999999999999392e-02 3.715999999999999859e-01
5.364200000000000301e+00 2.913000000000000034e-01 -5.605000000000000260e-02 3.492500000000000049e-01
5.527800000000000047e+00 2.913000000000000034e-01 -5.100000000000000366e-02 3.578000000000000069e-01
5.691499999999999559e+00 2.913000000000000034e-01 -5.240000000000000213e-02 3.673000000000000154e-01
5.855100000000000193e+00 2.913000000000000034e-01 -4.885000000000000453e-02 3.918000000000000371e-01
6.018799999999999706e+00 2.913000000000000034e-01 -5.460000000000000270e-02 4.027500000000000524e-01
6.182400000000000340e+00 2.913000000000000034e-01 -1.379999999999999977e-02 3.109000000000000097e-01
6.346099999999999852e+00 2.913000000000000034e-01 1.945000000000000201e-02 3.270500000000000074e-01
6.509699999999999598e+00 2.913000000000000034e-01 1.775000000000000189e-02 3.305500000000000105e-01
6.673300000000000232e+00 2.913000000000000034e-01 1.515000000000000027e-02 2.905999999999999694e-01
6.836999999999999744e+00 2.913000000000000034e-01 2.545000000000000040e-02 2.590500000000000025e-01
7.000600000000000378e+00 2.913000000000000034e-01 1.054999999999999861e-02 7.714999999999999636e-02
7.164299999999999891e+00 2.913000000000000034e-01 -9.150000000000000147e-03 -1.095000000000000140e-02
7.327899999999999636e+00 2.913000000000000034e-01 3.810000000000000192e-02 2.508000000000000229e-01
1.275999999999999912e-01 1.275999999999999912e-01 -1.805000000000000007e-02 -1.236499999999999960e-01
2.913000000000000034e-01 1.275999999999999912e-01 -3.794999999999999762e-02 -5.714999999999999941e-02
4.549000000000000266e-01 1.275999999999999912e-01 -4.175000000000000239e-02 -1.060999999999999999e-01
6.186000000000000387e-01 1.275999999999999912e-01 -6.809999999999999387e-02 -1.208000000000000046e-01
7.822000000000000064e-01 1.275999999999999912e-01 -7.284999999999999809e-02 -7.545000000000000318e-02
9.458999999999999631e-01 1.275999999999999912e-01 -9.214999999999999580e-02 -6.930000000000000049e-02
1.109499999999999931e+00 1.275999999999999912e-01 -1.143500000000000072e-01 -9.874999999999999056e-02
1.273099999999999898e+00 1.275999999999999912e-01 -9.170000000000000373e-02 1.994999999999999898e-02
1.436800000000000077e+00 1.275999999999999912e-01 -9.600000000000000200e-02 2.049999999999999739e-03
1.600400000000000045e+00 1.275999999999999912e-01 -1.264000000000000123e-01 -1.144999999999999837e-02
1.764100000000000001e+00 1.275999999999999912e-01 -1.364000000000000212e-01 3.479999999999999760e-02
1.927699999999999969e+00 1.275999999999999912e-01 -1.278499999999999914e-01 4.720000000000000584e-02
2.091400000000000148e+00 1.275999999999999912e-01 -1.357499999999999818e-01 7.455000000000000515e-02
2.254999999999999893e+00 1.275999999999999912e-01 -1.285499999999999976e-01 1.131999999999999951e-01
2.418600000000000083e+00 1.275999999999999912e-01 -1.069499999999999895e-01 1.537000000000000033e-01
2.582300000000000040e+00 1.275999999999999912e-01 -1.200500000000000039e-01 1.455499999999999849e-01
2.745899999999999785e+00 1.275999999999999912e-01 -1.353499999999999981e-01 1.502499999999999947e-01
2.909600000000000186e+00 1.275999999999999912e-01 -1.265499999999999958e-01 1.774999999999999911e-01
3.073199999999999932e+00 1.275999999999999912e-01 -1.214999999999999969e-01 2.137000000000000011e-01
3.236800000000000122e+00 1.275999999999999912e-01 -1.360000000000000098e-01 2.724499999999999700e-01
3.400500000000000078e+00 1.275999999999999912e-01 -1.265999999999999903e-01 2.922500000000000098e-01
3.564099999999999824e+00 1.275999999999999912e-01 -1.083999999999999964e-01 3.111500000000000377e-01
3.727799999999999780e+00 1.275999999999999912e-01 -8.540000000000000369e-02 3.558999999999999941e-01
3.891399999999999970e+00 1.275999999999999912e-01 -7.974999999999998757e-02 3.501999999999999558e-01
4.055100000000000371e+00 1.275999999999999912e-01 -7.744999999999999107e-02 3.442999999999999949e-01
4.218700000000000117e+00 1.275999999999999912e-01 -7.430000000000000493e-02 3.520499999999999741e-01
4.382299999999999862e+00 1.275999999999999912e-01 -7.439999999999999392e-02 3.471499999999999586e-01
4.546000000000000263e+00 1.275999999999999912e-01 -6.790000000000000202e-02 3.331000000000000072e-01
4.709600000000000009e+00 1.275999999999999912e-01 -7.475000000000001088e-02 3.452999999999999958e-01
4.873300000000000409e+00 1.275999999999999912e-01 -7.764999999999999680e-02 3.528499999999999970e-01
5.036900000000000155e+00 1.275999999999999912e-01 -7.645000000000000406e-02 3.684000000000000052e-01
5.200599999999999667e+00 1.275999999999999912e-01 -6.665000000000000091e-02 3.977499999999999925e-01
5.364200000000000301e+00 1.275999999999999912e-01 -6.865000000000000269e-02 4.040500000000000203e-01
5.527800000000000047e+00 1.275999999999999912e-01 -6.085000000000000131e-02 3.735499999999999932e-01
5.691499999999999559e+00 1.275999999999999912e-01 -5.539999999999999786e-02 2.500999999999999890e-01
5.855100000000000193e+00 1.275999999999999912e-01 -3.910000000000000281e-02 3.550999999999999712e-01
6.018799999999999706e+00 1.275999999999999912e-01 -5.605000000000000260e-02 3.942499999999999893e-01
6.182400000000000340e+00 1.275999999999999912e-01 -8.850000000000000228e-03 1.902999999999999969e-01
6.346099999999999852e+00 1.275999999999999912e-01 5.000000000000013115e-05 1.000999999999999945e-01
6.509699999999999598e+00 1.275999999999999912e-01 8.949999999999999623e-03 1.825999999999999845e-01
6.673300000000000232e+00 1.275999999999999912e-01 -5.000000000000004441e-04 8.795000000000000040e-02
6.836999999999999744e+00 1.275999999999999912e-01 2.600000000000000228e-02 2.570999999999999952e-01
7.000600000000000378e+00 1.275999999999999912e-01 2.954999999999999988e-02 2.565000000000000058e-01
7.164299999999999891e+00 1.275999999999999912e-01 3.314999999999999891e-02 2.505000000000000004e-01
7.327899999999999636e+00 1.275999999999999912e-01 3.844999999999999807e-02 2.486499999999999821e-01
