1.275999999999999912e-01 1.927699999999999969e+00 -3.805000000000000049e-02 -5.965000000000000163e-02
2.913000000000000034e-01 1.927699999999999969e+00 -4.900000000000000189e-02 -6.164999999999999647e-02
4.549000000000000266e-01 1.927699999999999969e+00 -4.939999999999999947e-02 -6.285000000000000309e-02
6.186000000000000387e-01 1.927699999999999969e+00 -4.279999999999999777e-02 -6.640000000000000069e-02
7.822000000000000064e-01 1.927699999999999969e+00 -4.399999999999999745e-02 -6.980000000000000093e-02
9.458999999999999631e-01 1.927699999999999969e+00 -4.674999999999999989e-02 -7.005000000000000115e-02
1.109499999999999931e+00 1.927699999999999969e+00 -4.635000000000000231e-02 -7.184999999999999720e-02
1.273099999999999898e+00 1.927699999999999969e+00 -4.870000000000000717e-02 -7.649999999999999856e-02
1.436800000000000077e+00 1.927699999999999969e+00 -5.149999999999999717e-02 -7.845000000000000584e-02
1.600400000000000045e+00 1.927699999999999969e+00 -5.575000000000000094e-02 -7.730000000000000759e-02
1.764100000000000001e+00 1.927699999999999969e+00 -5.459999999999999576e-02 -7.680000000000000715e-02
1.927699999999999969e+00 1.927699999999999969e+00 -5.449999999999999983e-02 -8.064999999999999947e-02
2.091400000000000148e+00 1.927699999999999969e+00 -5.374999999999999917e-02 -8.510000000000000897e-02
2.254999999999999893e+00 1.927699999999999969e+00 -4.989999999999999991e-02 -9.489999999999999825e-02
2.418600000000000083e+00 1.927699999999999969e+00 -5.179999999999999882e-02 -9.164999999999999536e-02
2.582300000000000040e+00 1.927699999999999969e+00 -5.490000000000000435e-02 -9.249999999999999889e-02
2.745899999999999785e+00 1.927699999999999969e+00 -5.775000000000000272e-02 -9.509999999999999010e-02
2.909600000000000186e+00 1.927699999999999969e+00 -5.684999999999999776e-02 -1.002500000000000058e-01
3.073199999999999932e+00 1.927699999999999969e+00 -5.664999999999999897e-02 -1.037499999999999950e-01
3.236800000000000122e+00 1.927699999999999969e+00 -6.224999999999999978e-02 -9.464999999999999802e-02
3.400500000000000078e+00 1.927699999999999969e+00 -6.329999999999999516e-02 -9.475000000000000089e-02
3.564099999999999824e+00 1.927699999999999969e+00 -6.404999999999999583e-02 -1.008000000000000007e-01
3.727799999999999780e+00 1.927699999999999969e+00 -6.279999999999999472e-02 -1.197499999999999953e-01
3.891399999999999970e+00 1.927699999999999969e+00 -5.815000000000000724e-02 -1.267500000000000016e-01
4.055100000000000371e+00 1.927699999999999969e+00 -6.174999999999999933e-02 -1.279000000000000137e-01
4.218700000000000117e+00 1.927699999999999969e+00 -6.890000000000000291e-02 -1.189999999999999947e-01
4.382299999999999862e+00 1.927699999999999969e+00 -6.754999999999999893e-02 -1.212499999999999967e-01
4.546000000000000263e+00 1.927699999999999969e+00 -6.690000000000000113e-02 -1.326499999999999901e-01
4.709600000000000009e+00 1.927699999999999969e+00 -7.125000000000000777e-02 -1.294000000000000150e-01
4.873300000000000409e+00 1.927699999999999969e+00 -7.545000000000000318e-02 -1.324000000000000177e-01
5.036900000000000155e+00 1.927699999999999969e+00 -7.320000000000000118e-02 -1.360999999999999988e-01
5.200599999999999667e+00 1.927699999999999969e+00 -7.510000000000000009e-02 -1.423000000000000098e-01
5.364200000000000301e+00 1.927699999999999969e+00 -8.039999999999999925e-02 -1.521500000000000075e-01
5.527800000000000047e+00 1.927699999999999969e+00 -8.949999999999999623e-02 -1.615000000000000047e-01
5.691499999999999559e+00 1.927699999999999969e+00 -8.824999999999999512e-02 -1.583999999999999853e-01
5.855100000000000193e+00 1.927699999999999969e+00 -8.955000000000000460e-02 -1.648999999999999910e-01
6.018799999999999706e+00 1.927699999999999969e+00 -9.725000000000000311e-02 -1.754999999999999893e-01
6.182400000000000340e+00 1.927699999999999969e+00 -1.034500000000000142e-01 -1.737000000000000210e-01
6.346099999999999852e+00 1.927699999999999969e+00 -1.075500000000000067e-01 -1.684999999999999831e-01
6.509699999999999598e+00 1.927699999999999969e+00 -1.165500000000000008e-01 -1.763000000000000123e-01
6.673300000000000232e+00 1.927699999999999969e+00 -1.233000000000000068e-01 -1.771000000000000074e-01
6.836999999999999744e+00 1.927699999999999969e+00 -1.416000000000000036e-01 -1.793500000000000094e-01
7.000600000000000378e+00 1.927699999999999969e+00 -1.402999999999999803e-01 -1.771000000000000074e-01
7.164299999999999891e+00 1.927699999999999969e+00 -1.423000000000000098e-01 -1.742500000000000160e-01
7.327899999999999636e+00 1.927699999999999969e+00 -1.482499999999999929e-01 -1.633000000000000007e-01
1.275999999999999912e-01 1.764100000000000001e+00 -3.830000000000000071e-02 -5.260000000000000092e-02
2.913000000000000034e-01 1.764100000000000001e+00 -4.344999999999999557e-02 -5.689999999999999919e-02
4.549000000000000266e-01 1.764100000000000001e+00 -4.810000000000000386e-02 -6.210000000000000242e-02
6.186000000000000387e-01 1.764100000000000001e+00 -4.080000000000000293e-02 -6.479999999999999649e-02
7.822000000000000064e-01 1.764100000000000001e+00 -4.034999999999999698e-02 -7.205000000000000293e-02
9.458999999999999631e-01 1.764100000000000001e+00 -4.074999999999999456e-02 -7.370000000000000162e-02
1.109499999999999931e+00 1.764100000000000001e+00 -4.980000000000000399e-02 -6.754999999999999893e-02
1.273099999999999898e+00 1.764100000000000001e+00 -5.160000000000000003e-02 -7.094999999999999918e-02
1.436800000000000077e+00 1.764100000000000001e+00 -4.794999999999999957e-02 -7.860000000000000320e-02
1.600400000000000045e+00 1.764100000000000001e+00 -5.050000000000000322e-02 -8.010000000000000453e-02
1.764100000000000001e+00 1.764100000000000001e+00 -5.585000000000000381e-02 -7.805000000000000826e-02
1.927699999999999969e+00 1.764100000000000001e+00 -5.525000000000000050e-02 -8.644999999999999907e-02
2.091400000000000148e+00 1.764100000000000001e+00 -5.359999999999999487e-02 -9.270000000000000462e-02
2.254999999999999893e+00 1.764100000000000001e+00 -4.984999999999999848e-02 -9.834999999999999298e-02
2.418600000000000083e+00 1.764100000000000001e+00 -5.059999999999999915e-02 -9.329999999999999405e-02
2.582300000000000040e+00 1.764100000000000001e+00 -5.724999999999999534e-02 -8.735000000000001097e-02
2.745899999999999785e+00 1.764100000000000001e+00 -5.629999999999999588e-02 -1.045500000000000040e-01
2.909600000000000186e+00 1.764100000000000001e+00 -5.319999999999999729e-02 -1.099499999999999922e-01
3.073199999999999932e+00 1.764100000000000001e+00 -5.190000000000000169e-02 -1.126999999999999946e-01
3.236800000000000122e+00 1.764100000000000001e+00 -6.205000000000000099e-02 -1.097999999999999948e-01
3.400500000000000078e+00 1.764100000000000001e+00 -5.654999999999999610e-02 -1.170500000000000013e-01
3.564099999999999824e+00 1.764100000000000001e+00 -6.090000000000000274e-02 -1.238999999999999962e-01
3.727799999999999780e+00 1.764100000000000001e+00 -5.979999999999999899e-02 -1.292500000000000038e-01
3.891399999999999970e+00 1.764100000000000001e+00 -5.605000000000000260e-02 -1.340500000000000025e-01
4.055100000000000371e+00 1.764100000000000001e+00 -5.770000000000000129e-02 -1.392500000000000127e-01
4.218700000000000117e+00 1.764100000000000001e+00 -5.955000000000000571e-02 -1.374500000000000166e-01
4.382299999999999862e+00 1.764100000000000001e+00 -6.819999999999999674e-02 -1.244000000000000106e-01
4.546000000000000263e+00 1.764100000000000001e+00 -6.379999999999999560e-02 -1.393999999999999961e-01
4.709600000000000009e+00 1.764100000000000001e+00 -6.700000000000000400e-02 -1.489000000000000046e-01
4.873300000000000409e+00 1.764100000000000001e+00 -6.779999999999999916e-02 -1.492999999999999883e-01
5.036900000000000155e+00 1.764100000000000001e+00 -7.030000000000000138e-02 -1.507999999999999896e-01
5.200599999999999667e+00 1.764100000000000001e+00 -7.155000000000000249e-02 -1.613999999999999879e-01
5.364200000000000301e+00 1.764100000000000001e+00 -7.469999999999998863e-02 -1.665000000000000091e-01
5.527800000000000047e+00 1.764100000000000001e+00 -7.825000000000000011e-02 -1.619499999999999829e-01
5.691499999999999559e+00 1.764100000000000001e+00 -8.410000000000000808e-02 -1.752500000000000169e-01
5.855100000000000193e+00 1.764100000000000001e+00 -8.444999999999999729e-02 -1.748000000000000109e-01
6.018799999999999706e+00 1.764100000000000001e+00 -9.229999999999999316e-02 -1.884500000000000064e-01
6.182400000000000340e+00 1.764100000000000001e+00 -1.036500000000000060e-01 -2.050000000000000155e-01
6.346099999999999852e+00 1.764100000000000001e+00 -1.134499999999999953e-01 -1.980500000000000038e-01
6.509699999999999598e+00 1.764100000000000001e+00 -1.233500000000000013e-01 -1.937500000000000056e-01
6.673300000000000232e+00 1.764100000000000001e+00 -1.183499999999999969e-01 -1.963499999999999968e-01
6.836999999999999744e+00 1.764100000000000001e+00 -1.388500000000000012e-01 -2.010000000000000120e-01
7.000600000000000378e+00 1.764100000000000001e+00 -1.440000000000000169e-01 -1.982999999999999763e-01
7.164299999999999891e+00 1.764100000000000001e+00 -1.575499999999999956e-01 -2.002500000000000113e-01
7.327899999999999636e+00 1.764100000000000001e+00 -1.728999999999999981e-01 -1.984500000000000153e-01
1.275999999999999912e-01 1.600400000000000045e+00 -4.080000000000000293e-02 -4.925000000000000211e-02
2.913000000000000034e-01 1.600400000000000045e+00 -4.755000000000000199e-02 -5.475000000000000006e-02
4.549000000000000266e-01 1.600400000000000045e+00 -4.925000000000000211e-02 -6.160000000000000198e-02
6.186000000000000387e-01 1.600400000000000045e+00 -4.385000000000000009e-02 -6.074999999999999845e-02
7.822000000000000064e-01 1.600400000000000045e+00 -4.239999999999999325e-02 -7.045000000000001261e-02
9.458999999999999631e-01 1.600400000000000045e+00 -4.829999999999999571e-02 -7.125000000000000777e-02
1.109499999999999931e+00 1.600400000000000045e+00 -4.345000000000000251e-02 -7.270000000000000073e-02
1.273099999999999898e+00 1.600400000000000045e+00 -4.619999999999999801e-02 -7.530000000000000582e-02
1.436800000000000077e+00 1.600400000000000045e+00 -4.304999999999999799e-02 -8.524999999999999245e-02
1.600400000000000045e+00 1.600400000000000045e+00 -4.795000000000000651e-02 -8.759999999999999731e-02
1.764100000000000001e+00 1.600400000000000045e+00 -5.490000000000000435e-02 -8.799999999999999489e-02
1.927699999999999969e+00 1.600400000000000045e+00 -5.400000000000000633e-02 -8.999999999999999667e-02
2.091400000000000148e+00 1.600400000000000045e+00 -5.229999999999999927e-02 -9.554999999999999605e-02
2.254999999999999893e+00 1.600400000000000045e+00 -4.964999999999999969e-02 -9.675000000000000266e-02
2.418600000000000083e+00 1.600400000000000045e+00 -4.950000000000000233e-02 -1.020500000000000018e-01
2.582300000000000040e+00 1.600400000000000045e+00 -5.485000000000000292e-02 -1.040000000000000091e-01
2.745899999999999785e+00 1.600400000000000045e+00 -5.634999999999999731e-02 -1.068000000000000060e-01
2.909600000000000186e+00 1.600400000000000045e+00 -5.979999999999999899e-02 -1.082499999999999990e-01
3.073199999999999932e+00 1.600400000000000045e+00 -5.199999999999999761e-02 -1.217000000000000026e-01
3.236800000000000122e+00 1.600400000000000045e+00 -5.294999999999999707e-02 -1.243999999999999967e-01
3.400500000000000078e+00 1.600400000000000045e+00 -5.290000000000000258e-02 -1.305000000000000049e-01
3.564099999999999824e+00 1.600400000000000045e+00 -5.654999999999999610e-02 -1.323000000000000009e-01
3.727799999999999780e+00 1.600400000000000045e+00 -5.805000000000000437e-02 -1.383999999999999952e-01
3.891399999999999970e+00 1.600400000000000045e+00 -5.580000000000000238e-02 -1.444499999999999951e-01
4.055100000000000371e+00 1.600400000000000045e+00 -5.589999999999999830e-02 -1.468000000000000138e-01
4.218700000000000117e+00 1.600400000000000045e+00 -6.065000000000000252e-02 -1.471999999999999975e-01
4.382299999999999862e+00 1.600400000000000045e+00 -6.339999999999999802e-02 -1.567500000000000004e-01
4.546000000000000263e+00 1.600400000000000045e+00 -5.884999999999999953e-02 -1.633499999999999952e-01
4.709600000000000009e+00 1.600400000000000045e+00 -6.155000000000000054e-02 -1.718999999999999972e-01
4.873300000000000409e+00 1.600400000000000045e+00 -6.224999999999999978e-02 -1.713000000000000078e-01
5.036900000000000155e+00 1.600400000000000045e+00 -6.185000000000000220e-02 -1.821000000000000119e-01
5.200599999999999667e+00 1.600400000000000045e+00 -6.754999999999999893e-02 -1.878500000000000170e-01
5.364200000000000301e+00 1.600400000000000045e+00 -6.950000000000000622e-02 -1.829500000000000015e-01
5.527800000000000047e+00 1.600400000000000045e+00 -6.984999999999999543e-02 -2.073000000000000120e-01
5.691499999999999559e+00 1.600400000000000045e+00 -7.994999999999999329e-02 -2.119500000000000273e-01
5.855100000000000193e+00 1.600400000000000045e+00 -8.394999999999999685e-02 -2.152999999999999914e-01
6.018799999999999706e+00 1.600400000000000045e+00 -8.575000000000000677e-02 -2.256499999999999895e-01
6.182400000000000340e+00 1.600400000000000045e+00 -9.875000000000000444e-02 -2.324999999999999845e-01
6.346099999999999852e+00 1.600400000000000045e+00 -1.073000000000000065e-01 -2.242999999999999994e-01
6.509699999999999598e+00 1.600400000000000045e+00 -1.179000000000000048e-01 -2.140500000000000180e-01
6.673300000000000232e+00 1.600400000000000045e+00 -1.251500000000000112e-01 -2.255499999999999727e-01
6.836999999999999744e+00 1.600400000000000045e+00 -1.008999999999999897e-01 -1.345999999999999974e-01
7.000600000000000378e+00 1.600400000000000045e+00 -1.483500000000000096e-01 -2.235000000000000042e-01
7.164299999999999891e+00 1.600400000000000045e+00 -1.643499999999999961e-01 -2.307500000000000107e-01
7.327899999999999636e+00 1.600400000000000045e+00 -1.781500000000000028e-01 -2.235499999999999987e-01
1.275999999999999912e-01 1.436800000000000077e+00 -4.520000000000000406e-02 -4.985000000000000542e-02
2.913000000000000034e-01 1.436800000000000077e+00 -5.405000000000000082e-02 -5.074999999999999650e-02
4.549000000000000266e-01 1.436800000000000077e+00 -3.770000000000000434e-02 -5.659999999999999754e-02
6.186000000000000387e-01 1.436800000000000077e+00 -3.659999999999999365e-02 -6.254999999999999449e-02
7.822000000000000064e-01 1.436800000000000077e+00 -3.729999999999999982e-02 -6.859999999999999432e-02
9.458999999999999631e-01 1.436800000000000077e+00 -3.874999999999999972e-02 -6.429999999999999605e-02
1.109499999999999931e+00 1.436800000000000077e+00 -4.635000000000000231e-02 -7.850000000000000033e-02
1.273099999999999898e+00 1.436800000000000077e+00 -4.460000000000000075e-02 -7.875000000000000056e-02
1.436800000000000077e+00 1.436800000000000077e+00 -4.019999999999999962e-02 -8.549999999999999267e-02
1.600400000000000045e+00 1.436800000000000077e+00 -4.555000000000000021e-02 -9.004999999999999116e-02
1.764100000000000001e+00 1.436800000000000077e+00 -5.045000000000000179e-02 -9.700000000000000289e-02
1.927699999999999969e+00 1.436800000000000077e+00 -4.954999999999999682e-02 -9.675000000000000266e-02
2.091400000000000148e+00 1.436800000000000077e+00 -4.624999999999999944e-02 -9.965000000000000246e-02
2.254999999999999893e+00 1.436800000000000077e+00 -5.029999999999999749e-02 -9.889999999999998792e-02
2.418600000000000083e+00 1.436800000000000077e+00 -5.050000000000000322e-02 -1.074999999999999983e-01
2.582300000000000040e+00 1.436800000000000077e+00 -4.714999999999999747e-02 -1.212000000000000022e-01
2.745899999999999785e+00 1.436800000000000077e+00 -5.340000000000000302e-02 -1.189500000000000002e-01
2.909600000000000186e+00 1.436800000000000077e+00 -5.594999999999999973e-02 -1.244000000000000106e-01
3.073199999999999932e+00 1.436800000000000077e+00 -4.794999999999999957e-02 -1.343499999999999972e-01
3.236800000000000122e+00 1.436800000000000077e+00 -4.900000000000000189e-02 -1.363999999999999935e-01
3.400500000000000078e+00 1.436800000000000077e+00 -5.269999999999999685e-02 -1.426499999999999990e-01
3.564099999999999824e+00 1.436800000000000077e+00 -5.324999999999999872e-02 -1.427499999999999880e-01
3.727799999999999780e+00 1.436800000000000077e+00 -5.485000000000000292e-02 -1.486500000000000044e-01
3.891399999999999970e+00 1.436800000000000077e+00 -5.154999999999999860e-02 -1.564000000000000112e-01
4.055100000000000371e+00 1.436800000000000077e+00 -5.594999999999999973e-02 -1.586000000000000187e-01
4.218700000000000117e+00 1.436800000000000077e+00 -5.784999999999999865e-02 -1.649499999999999855e-01
4.382299999999999862e+00 1.436800000000000077e+00 -5.874999999999999667e-02 -1.707500000000000129e-01
4.546000000000000263e+00 1.436800000000000077e+00 -5.655000000000000304e-02 -1.801999999999999991e-01
4.709600000000000009e+00 1.436800000000000077e+00 -5.709999999999999798e-02 -1.947499999999999787e-01
4.873300000000000409e+00 1.436800000000000077e+00 -5.914999999999999425e-02 -1.999000000000000221e-01
5.036900000000000155e+00 1.436800000000000077e+00 -5.895000000000000240e-02 -2.035000000000000142e-01
5.200599999999999667e+00 1.436800000000000077e+00 -6.345000000000000639e-02 -2.009500000000000175e-01
5.364200000000000301e+00 1.436800000000000077e+00 -5.804999999999999744e-02 -2.192999999999999949e-01
5.527800000000000047e+00 1.436800000000000077e+00 -6.320000000000000617e-02 -2.318500000000000005e-01
5.691499999999999559e+00 1.436800000000000077e+00 -7.064999999999999059e-02 -2.342000000000000193e-01
5.855100000000000193e+00 1.436800000000000077e+00 -7.755000000000000782e-02 -2.469000000000000083e-01
6.018799999999999706e+00 1.436800000000000077e+00 -8.574999999999999289e-02 -2.348999999999999977e-01
6.182400000000000340e+00 1.436800000000000077e+00 -9.179999999999999272e-02 -2.454000000000000070e-01
6.346099999999999852e+00 1.436800000000000077e+00 -9.875000000000000444e-02 -2.505999999999999894e-01
6.509699999999999598e+00 1.436800000000000077e+00 -1.112999999999999962e-01 -2.649000000000000243e-01
6.673300000000000232e+00 1.436800000000000077e+00 -1.251999999999999780e-01 -2.506499999999999839e-01
6.836999999999999744e+00 1.436800000000000077e+00 -9.784999999999999254e-02 -1.580499999999999960e-01
7.000600000000000378e+00 1.436800000000000077e+00 -1.501000000000000112e-01 -2.802999999999999936e-01
7.164299999999999891e+00 1.436800000000000077e+00 -1.754499999999999948e-01 -2.968999999999999972e-01
7.327899999999999636e+00 1.436800000000000077e+00 -1.754999999999999893e-01 -2.591999999999999860e-01
1.275999999999999912e-01 1.273099999999999898e+00 -4.589999999999999636e-02 -4.474999999999999811e-02
2.913000000000000034e-01 1.273099999999999898e+00 -5.469999999999999862e-02 -4.845000000000000001e-02
4.549000000000000266e-01 1.273099999999999898e+00 -4.104999999999999621e-02 -5.350000000000000588e-02
6.186000000000000387e-01 1.273099999999999898e+00 -3.144999999999999879e-02 -6.419999999999999318e-02
7.822000000000000064e-01 1.273099999999999898e+00 -3.855000000000000093e-02 -6.819999999999999674e-02
9.458999999999999631e-01 1.273099999999999898e+00 -3.980000000000000204e-02 -6.804999999999999938e-02
1.109499999999999931e+00 1.273099999999999898e+00 -4.454999999999999932e-02 -8.285000000000000697e-02
1.273099999999999898e+00 1.273099999999999898e+00 -3.554999999999999827e-02 -9.009999999999999953e-02
1.436800000000000077e+00 1.273099999999999898e+00 -3.370000000000000079e-02 -9.335000000000000242e-02
1.600400000000000045e+00 1.273099999999999898e+00 -3.559999999999999970e-02 -1.000500000000000000e-01
1.764100000000000001e+00 1.273099999999999898e+00 -3.780000000000000027e-02 -1.064500000000000030e-01
1.927699999999999969e+00 1.273099999999999898e+00 -3.660000000000000059e-02 -1.140000000000000041e-01
2.091400000000000148e+00 1.273099999999999898e+00 -4.569999999999999757e-02 -1.161500000000000032e-01
2.254999999999999893e+00 1.273099999999999898e+00 -5.419999999999999818e-02 -1.081999999999999906e-01
2.418600000000000083e+00 1.273099999999999898e+00 -5.090000000000000080e-02 -1.142500000000000043e-01
2.582300000000000040e+00 1.273099999999999898e+00 -4.669999999999999846e-02 -1.240999999999999881e-01
2.745899999999999785e+00 1.273099999999999898e+00 -4.199999999999999567e-02 -1.302999999999999992e-01
2.909600000000000186e+00 1.273099999999999898e+00 -3.959999999999999631e-02 -1.460499999999999854e-01
3.073199999999999932e+00 1.273099999999999898e+00 -5.319999999999999729e-02 -1.386499999999999955e-01
3.236800000000000122e+00 1.273099999999999898e+00 -4.934999999999999803e-02 -1.576500000000000123e-01
3.400500000000000078e+00 1.273099999999999898e+00 -4.580000000000000043e-02 -1.575499999999999956e-01
3.564099999999999824e+00 1.273099999999999898e+00 -4.954999999999999682e-02 -1.685999999999999999e-01
3.727799999999999780e+00 1.273099999999999898e+00 -5.195000000000000312e-02 -1.720500000000000085e-01
3.891399999999999970e+00 1.273099999999999898e+00 -5.124999999999999695e-02 -1.852500000000000258e-01
4.055100000000000371e+00 1.273099999999999898e+00 -5.350000000000000588e-02 -1.862999999999999934e-01
4.218700000000000117e+00 1.273099999999999898e+00 -4.949999999999999539e-02 -1.911499999999999866e-01
4.382299999999999862e+00 1.273099999999999898e+00 -4.889999999999999902e-02 -1.844000000000000083e-01
4.546000000000000263e+00 1.273099999999999898e+00 -5.235000000000000070e-02 -1.854000000000000092e-01
4.709600000000000009e+00 1.273099999999999898e+00 -5.025000000000000300e-02 -2.219499999999999806e-01
4.873300000000000409e+00 1.273099999999999898e+00 -5.339999999999999608e-02 -2.293499999999999983e-01
5.036900000000000155e+00 1.273099999999999898e+00 -4.800000000000000100e-02 -2.170999999999999874e-01
5.200599999999999667e+00 1.273099999999999898e+00 -4.969999999999999418e-02 -2.387500000000000178e-01
5.364200000000000301e+00 1.273099999999999898e+00 -5.134999999999999981e-02 -2.583499999999999686e-01
5.527800000000000047e+00 1.273099999999999898e+00 -5.759999999999999842e-02 -2.653499999999999748e-01
5.691499999999999559e+00 1.273099999999999898e+00 -7.125000000000000777e-02 -2.432500000000000218e-01
5.855100000000000193e+00 1.273099999999999898e+00 -7.144999999999999962e-02 -2.602999999999999758e-01
6.018799999999999706e+00 1.273099999999999898e+00 -7.130000000000000226e-02 -2.878000000000000003e-01
6.182400000000000340e+00 1.273099999999999898e+00 -8.114999999999999991e-02 -2.821000000000000174e-01
6.346099999999999852e+00 1.273099999999999898e+00 -9.059999999999999998e-02 -2.861500000000000155e-01
6.509699999999999598e+00 1.273099999999999898e+00 -1.068999999999999950e-01 -2.999499999999999944e-01
6.673300000000000232e+00 1.273099999999999898e+00 -1.215499999999999914e-01 -2.978000000000000091e-01
6.836999999999999744e+00 1.273099999999999898e+00 -1.386499999999999955e-01 -3.049999999999999933e-01
7.000600000000000378e+00 1.273099999999999898e+00 -1.577500000000000013e-01 -3.055499999999999883e-01
7.164299999999999891e+00 1.273099999999999898e+00 -1.823500000000000121e-01 -3.301499999999999990e-01
7.327899999999999636e+00 1.273099999999999898e+00 -1.902000000000000079e-01 -2.970000000000000417e-01
1.275999999999999912e-01 1.109499999999999931e+00 -4.404999999999999888e-02 -4.835000000000000409e-02
2.913000000000000034e-01 1.109499999999999931e+00 -3.769999999999999740e-02 -5.279999999999999971e-02
4.549000000000000266e-01 1.109499999999999931e+00 -3.459999999999999881e-02 -5.559999999999999665e-02
6.186000000000000387e-01 1.109499999999999931e+00 -3.380000000000000365e-02 -6.450000000000000178e-02
7.822000000000000064e-01 1.109499999999999931e+00 -3.269999999999999990e-02 -7.514999999999999458e-02
9.458999999999999631e-01 1.109499999999999931e+00 -3.404999999999999694e-02 -7.964999999999999858e-02
1.109499999999999931e+00 1.109499999999999931e+00 -3.565000000000000113e-02 -8.740000000000000546e-02
1.273099999999999898e+00 1.109499999999999931e+00 -3.180000000000000188e-02 -9.445000000000000617e-02
1.436800000000000077e+00 1.109499999999999931e+00 -3.395000000000000101e-02 -1.005500000000000005e-01
1.600400000000000045e+00 1.109499999999999931e+00 -3.619999999999999607e-02 -1.057499999999999968e-01
1.764100000000000001e+00 1.109499999999999931e+00 -2.835000000000000020e-02 -1.156999999999999973e-01
1.927699999999999969e+00 1.109499999999999931e+00 -3.379999999999999671e-02 -1.198499999999999982e-01
2.091400000000000148e+00 1.109499999999999931e+00 -4.629999999999999394e-02 -1.200999999999999984e-01
2.254999999999999893e+00 1.109499999999999931e+00 -5.174999999999999739e-02 -1.270999999999999908e-01
2.418600000000000083e+00 1.109499999999999931e+00 -4.059999999999999720e-02 -1.365999999999999992e-01
2.582300000000000040e+00 1.109499999999999931e+00 -3.989999999999999797e-02 -1.384500000000000175e-01
2.745899999999999785e+00 1.109499999999999931e+00 -4.089999999999999886e-02 -1.411499999999999977e-01
2.909600000000000186e+00 1.109499999999999931e+00 -4.229999999999999732e-02 -1.594500000000000084e-01
3.073199999999999932e+00 1.109499999999999931e+00 -4.719999999999999890e-02 -1.613499999999999934e-01
3.236800000000000122e+00 1.109499999999999931e+00 -4.394999999999999601e-02 -1.679999999999999827e-01
3.400500000000000078e+00 1.109499999999999931e+00 -3.984999999999999654e-02 -1.821499999999999786e-01
3.564099999999999824e+00 1.109499999999999931e+00 -4.529999999999999999e-02 -1.911999999999999811e-01
3.727799999999999780e+00 1.109499999999999931e+00 -5.059999999999999915e-02 -1.906499999999999861e-01
3.891399999999999970e+00 1.109499999999999931e+00 -4.734999999999999626e-02 -1.954000000000000181e-01
4.055100000000000371e+00 1.109499999999999931e+00 -4.080000000000000293e-02 -2.029000000000000248e-01
4.218700000000000117e+00 1.109499999999999931e+00 -3.880000000000000115e-02 -2.283499999999999974e-01
4.382299999999999862e+00 1.109499999999999931e+00 -4.359999999999999987e-02 -2.244999999999999774e-01
4.546000000000000263e+00 1.109499999999999931e+00 -4.544999999999999735e-02 -2.152999999999999914e-01
4.709600000000000009e+00 1.109499999999999931e+00 -4.565000000000000308e-02 -2.360499999999999821e-01
4.873300000000000409e+00 1.109499999999999931e+00 -4.919999999999999374e-02 -2.385499999999999843e-01
5.036900000000000155e+00 1.109499999999999931e+00 -4.964999999999999969e-02 -2.347000000000000197e-01
5.200599999999999667e+00 1.109499999999999931e+00 -4.995000000000000134e-02 -2.613499999999999712e-01
5.364200000000000301e+00 1.109499999999999931e+00 -4.265000000000000041e-02 -2.780000000000000249e-01
5.527800000000000047e+00 1.109499999999999931e+00 -5.129999999999999838e-02 -3.055499999999999883e-01
5.691499999999999559e+00 1.109499999999999931e+00 -6.400000000000000133e-02 -3.101999999999999758e-01
5.855100000000000193e+00 1.109499999999999931e+00 -6.364999999999999825e-02 -2.935499999999999776e-01
6.018799999999999706e+00 1.109499999999999931e+00 -6.640000000000000069e-02 -2.979499999999999926e-01
6.182400000000000340e+00 1.109499999999999931e+00 -7.685000000000000164e-02 -3.028499999999999526e-01
6.346099999999999852e+00 1.109499999999999931e+00 -8.989999999999999380e-02 -3.095999999999999863e-01
6.509699999999999598e+00 1.109499999999999931e+00 -1.066499999999999948e-01 -3.393000000000000460e-01
6.673300000000000232e+00 1.109499999999999931e+00 -1.227499999999999980e-01 -3.370499999999999607e-01
6.836999999999999744e+00 1.109499999999999931e+00 -1.321499999999999897e-01 -3.273000000000000353e-01
7.000600000000000378e+00 1.109499999999999931e+00 -1.345500000000000029e-01 -3.039999999999999925e-01
7.164299999999999891e+00 1.109499999999999931e+00 -1.964000000000000190e-01 -3.824000000000000177e-01
7.327899999999999636e+00 1.109499999999999931e+00 -1.845499999999999918e-01 -3.157499999999999751e-01
1.275999999999999912e-01 9.458999999999999631e-01 -4.125000000000000194e-02 -3.674999999999999795e-02
2.913000000000000034e-01 9.458999999999999631e-01 -3.740000000000000269e-02 -4.649999999999999967e-02
4.549000000000000266e-01 9.458999999999999631e-01 -2.849999999999999756e-02 -5.609999999999999709e-02
6.186000000000000387e-01 9.458999999999999631e-01 -3.200000000000000067e-02 -6.065000000000000252e-02
7.822000000000000064e-01 9.458999999999999631e-01 -2.195000000000000423e-02 -7.764999999999999680e-02
9.458999999999999631e-01 9.458999999999999631e-01 -2.375000000000000028e-02 -9.700000000000000289e-02
1.109499999999999931e+00 9.458999999999999631e-01 -2.564999999999999919e-02 -9.614999999999999936e-02
1.273099999999999898e+00 9.458999999999999631e-01 -2.529999999999999610e-02 -9.950000000000000511e-02
1.436800000000000077e+00 9.458999999999999631e-01 -3.260000000000000397e-02 -1.023000000000000020e-01
1.600400000000000045e+00 9.458999999999999631e-01 -3.540000000000000091e-02 -1.159000000000000030e-01
1.764100000000000001e+00 9.458999999999999631e-01 -1.779999999999999638e-02 -1.288999999999999868e-01
1.927699999999999969e+00 9.458999999999999631e-01 -2.530000000000000304e-02 -1.280499999999999972e-01
2.091400000000000148e+00 9.458999999999999631e-01 -2.819999999999999590e-02 -1.395500000000000074e-01
2.254999999999999893e+00 9.458999999999999631e-01 -3.264999999999999847e-02 -1.466000000000000081e-01
2.418600000000000083e+00 9.458999999999999631e-01 -3.599999999999999728e-02 -1.526000000000000134e-01
2.582300000000000040e+00 9.458999999999999631e-01 -3.534999999999999948e-02 -1.554999999999999993e-01
2.745899999999999785e+00 9.458999999999999631e-01 -4.280000000000000471e-02 -1.542000000000000037e-01
2.909600000000000186e+00 9.458999999999999631e-01 -4.240000000000000019e-02 -1.668999999999999928e-01
3.073199999999999932e+00 9.458999999999999631e-01 -4.195000000000000118e-02 -1.755999999999999783e-01
3.236800000000000122e+00 9.458999999999999631e-01 -4.920000000000000068e-02 -1.773000000000000131e-01
3.400500000000000078e+00 9.458999999999999631e-01 -5.020000000000000157e-02 -1.928499999999999936e-01
3.564099999999999824e+00 9.458999999999999631e-01 -5.129999999999999838e-02 -2.007999999999999785e-01
3.727799999999999780e+00 9.458999999999999631e-01 -4.639999999999999680e-02 -2.124000000000000055e-01
3.891399999999999970e+00 9.458999999999999631e-01 -4.055000000000000271e-02 -2.197000000000000064e-01
4.055100000000000371e+00 9.458999999999999631e-01 -4.244999999999999468e-02 -2.213499999999999912e-01
4.218700000000000117e+00 9.458999999999999631e-01 -4.065000000000000557e-02 -2.503500000000000170e-01
4.382299999999999862e+00 9.458999999999999631e-01 -3.935000000000000303e-02 -2.448500000000000121e-01
4.546000000000000263e+00 9.458999999999999631e-01 -3.689999999999999530e-02 -2.603999999999999648e-01
4.709600000000000009e+00 9.458999999999999631e-01 -2.699999999999999623e-02 -2.844999999999999751e-01
4.873300000000000409e+00 9.458999999999999631e-01 -4.050000000000000128e-02 -2.792499999999999982e-01
5.036900000000000155e+00 9.458999999999999631e-01 -3.430000000000000410e-02 -2.918499999999999983e-01
5.200599999999999667e+00 9.458999999999999631e-01 -3.729999999999999982e-02 -3.155000000000000027e-01
5.364200000000000301e+00 9.458999999999999631e-01 -3.584999999999999992e-02 -3.211499999999999910e-01
5.527800000000000047e+00 9.458999999999999631e-01 -4.340000000000000108e-02 -3.404500000000000304e-01
5.691499999999999559e+00 9.458999999999999631e-01 -5.050000000000000322e-02 -3.384000000000000341e-01
5.855100000000000193e+00 9.458999999999999631e-01 -5.140000000000000124e-02 -3.463000000000000522e-01
6.018799999999999706e+00 9.458999999999999631e-01 -5.815000000000000030e-02 -3.674000000000000044e-01
6.182400000000000340e+00 9.458999999999999631e-01 -6.754999999999999893e-02 -3.880500000000000060e-01
6.346099999999999852e+00 9.458999999999999631e-01 -8.375000000000000500e-02 -3.715500000000000469e-01
6.509699999999999598e+00 9.458999999999999631e-01 -1.021499999999999908e-01 -3.919500000000000206e-01
6.673300000000000232e+00 9.458999999999999631e-01 -1.155499999999999861e-01 -4.009500000000000286e-01
6.836999999999999744e+00 9.458999999999999631e-01 -1.181000000000000105e-01 -4.019000000000000350e-01
7.000600000000000378e+00 9.458999999999999631e-01 -1.345999999999999974e-01 -3.530999999999999694e-01
7.164299999999999891e+00 9.458999999999999631e-01 -1.833000000000000185e-01 -4.265499999999999847e-01
7.327899999999999636e+00 9.458999999999999631e-01 -2.047999999999999821e-01 -4.090000000000000302e-01
1.275999999999999912e-01 7.822000000000000064e-01 -3.425000000000000266e-02 -3.815000000000000335e-02
2.913000000000000034e-01 7.822000000000000064e-01 -3.449999999999999595e-02 -4.510000000000000120e-02
4.549000000000000266e-01 7.822000000000000064e-01 -2.475000000000000117e-02 -5.765000000000000679e-02
6.186000000000000387e-01 7.822000000000000064e-01 -2.239999999999999977e-02 -6.915000000000000313e-02
7.822000000000000064e-01 7.822000000000000064e-01 -2.115000000000000213e-02 -7.939999999999999836e-02
9.458999999999999631e-01 7.822000000000000064e-01 -2.504999999999999588e-02 -9.309999999999998832e-02
1.109499999999999931e+00 7.822000000000000064e-01 -2.675000000000000294e-02 -9.450000000000000067e-02
1.273099999999999898e+00 7.822000000000000064e-01 -2.929999999999999966e-02 -9.840000000000000135e-02
1.436800000000000077e+00 7.822000000000000064e-01 -2.925000000000000516e-02 -1.079999999999999988e-01
1.600400000000000045e+00 7.822000000000000064e-01 -2.459999999999999687e-02 -1.307000000000000106e-01
1.764100000000000001e+00 7.822000000000000064e-01 -2.474999999999999770e-02 -1.388000000000000067e-01
1.927699999999999969e+00 7.822000000000000064e-01 -2.504999999999999935e-02 -1.502000000000000002e-01
2.091400000000000148e+00 7.822000000000000064e-01 -2.064999999999999822e-02 -1.646500000000000186e-01
2.254999999999999893e+00 7.822000000000000064e-01 -2.715000000000000052e-02 -1.673499999999999988e-01
2.418600000000000083e+00 7.822000000000000064e-01 -3.624999999999999750e-02 -1.655999999999999972e-01
2.582300000000000040e+00 7.822000000000000064e-01 -4.265000000000000041e-02 -1.729999999999999871e-01
2.745899999999999785e+00 7.822000000000000064e-01 -3.135000000000000286e-02 -1.835499999999999909e-01
2.909600000000000186e+00 7.822000000000000064e-01 -3.484999999999999903e-02 -1.915499999999999980e-01
3.073199999999999932e+00 7.822000000000000064e-01 -3.049999999999999586e-02 -2.046999999999999931e-01
3.236800000000000122e+00 7.822000000000000064e-01 -4.614999999999999658e-02 -2.032499999999999862e-01
3.400500000000000078e+00 7.822000000000000064e-01 -4.205000000000000404e-02 -2.122999999999999887e-01
3.564099999999999824e+00 7.822000000000000064e-01 -4.249999999999999611e-02 -2.215000000000000024e-01
3.727799999999999780e+00 7.822000000000000064e-01 -3.989999999999999797e-02 -2.307500000000000107e-01
3.891399999999999970e+00 7.822000000000000064e-01 -3.869999999999999829e-02 -2.489999999999999991e-01
4.055100000000000371e+00 7.822000000000000064e-01 -4.244999999999999468e-02 -2.605000000000000093e-01
4.218700000000000117e+00 7.822000000000000064e-01 -3.960000000000000325e-02 -2.874999999999999778e-01
4.382299999999999862e+00 7.822000000000000064e-01 -3.109999999999999917e-02 -2.940999999999999726e-01
4.546000000000000263e+00 7.822000000000000064e-01 -3.080000000000000099e-02 -2.825500000000000234e-01
4.709600000000000009e+00 7.822000000000000064e-01 -3.125000000000000000e-02 -2.910000000000000364e-01
4.873300000000000409e+00 7.822000000000000064e-01 -3.034999999999999504e-02 -2.896500000000000186e-01
5.036900000000000155e+00 7.822000000000000064e-01 -2.765000000000000097e-02 -3.059499999999999997e-01
5.200599999999999667e+00 7.822000000000000064e-01 -2.395000000000000254e-02 -3.407499999999999973e-01
5.364200000000000301e+00 7.822000000000000064e-01 -2.980000000000000010e-02 -3.513500000000000512e-01
5.527800000000000047e+00 7.822000000000000064e-01 -3.905000000000000138e-02 -3.249999999999999556e-01
5.691499999999999559e+00 7.822000000000000064e-01 -4.095000000000000029e-02 -3.575500000000000345e-01
5.855100000000000193e+00 7.822000000000000064e-01 -4.394999999999999601e-02 -3.992999999999999883e-01
6.018799999999999706e+00 7.822000000000000064e-01 -5.285000000000000114e-02 -4.319999999999999951e-01
6.182400000000000340e+00 7.822000000000000064e-01 -6.235000000000000264e-02 -4.555000000000000160e-01
6.346099999999999852e+00 7.822000000000000064e-01 -5.824999999999999623e-02 -3.753499999999999615e-01
6.509699999999999598e+00 7.822000000000000064e-01 -7.084999999999999631e-02 -3.734000000000000097e-01
6.673300000000000232e+00 7.822000000000000064e-01 -9.845000000000000973e-02 -4.055499999999999661e-01
6.836999999999999744e+00 7.822000000000000064e-01 -1.068500000000000005e-01 -4.275499999999999856e-01
7.000600000000000378e+00 7.822000000000000064e-01 -1.356499999999999928e-01 -4.531000000000000028e-01
7.164299999999999891e+00 7.822000000000000064e-01 -1.786499999999999755e-01 -4.865000000000000435e-01
7.327899999999999636e+00 7.822000000000000064e-01 -2.086999999999999966e-01 -4.755499999999999727e-01
1.275999999999999912e-01 6.186000000000000387e-01 -3.425000000000000266e-02 -2.925000000000000169e-02
2.913000000000000034e-01 6.186000000000000387e-01 -4.005000000000000226e-02 -4.349999999999999700e-02
4.549000000000000266e-01 6.186000000000000387e-01 -2.869999999999999982e-02 -5.369999999999999774e-02
6.186000000000000387e-01 6.186000000000000387e-01 -2.245000000000000467e-02 -6.485000000000000486e-02
7.822000000000000064e-01 6.186000000000000387e-01 -1.685000000000000386e-02 -8.010000000000000453e-02
9.458999999999999631e-01 6.186000000000000387e-01 -1.089999999999999997e-02 -9.229999999999999316e-02
1.109499999999999931e+00 6.186000000000000387e-01 -1.379999999999999630e-02 -1.047500000000000098e-01
1.273099999999999898e+00 6.186000000000000387e-01 -1.069999999999999771e-02 -1.089499999999999913e-01
1.436800000000000077e+00 6.186000000000000387e-01 -1.345000000000000015e-02 -1.269000000000000128e-01
1.600400000000000045e+00 6.186000000000000387e-01 -1.124999999999999958e-02 -1.532999999999999918e-01
1.764100000000000001e+00 6.186000000000000387e-01 -1.769999999999999699e-02 -1.572999999999999954e-01
1.927699999999999969e+00 6.186000000000000387e-01 -1.600000000000000380e-02 -1.742000000000000215e-01
2.091400000000000148e+00 6.186000000000000387e-01 -1.540000000000000049e-02 -1.759999999999999898e-01
2.254999999999999893e+00 6.186000000000000387e-01 -1.984999999999999959e-02 -1.775499999999999856e-01
2.418600000000000083e+00 6.186000000000000387e-01 -2.100000000000000477e-02 -1.832500000000000240e-01
2.582300000000000040e+00 6.186000000000000387e-01 -3.869999999999999829e-02 -1.852999999999999925e-01
2.745899999999999785e+00 6.186000000000000387e-01 -3.114999999999999714e-02 -1.955500000000000016e-01
2.909600000000000186e+00 6.186000000000000387e-01 -3.119999999999999857e-02 -1.981499999999999928e-01
3.073199999999999932e+00 6.186000000000000387e-01 -1.849999999999999561e-02 -2.212000000000000077e-01
3.236800000000000122e+00 6.186000000000000387e-01 -2.475000000000000117e-02 -2.311000000000000276e-01
3.400500000000000078e+00 6.186000000000000387e-01 -4.009999999999999676e-02 -2.193999999999999839e-01
3.564099999999999824e+00 6.186000000000000387e-01 -3.430000000000000410e-02 -2.791500000000000092e-01
3.727799999999999780e+00 6.186000000000000387e-01 -3.830000000000000071e-02 -2.858499999999999930e-01
3.891399999999999970e+00 6.186000000000000387e-01 -3.354999999999999649e-02 -2.930000000000000382e-01
4.055100000000000371e+00 6.186000000000000387e-01 -3.429999999999999716e-02 -2.985999999999999766e-01
4.218700000000000117e+00 6.186000000000000387e-01 -3.420000000000000123e-02 -3.000500000000000389e-01
4.382299999999999862e+00 6.186000000000000387e-01 -2.874999999999999778e-02 -3.079000000000000070e-01
4.546000000000000263e+00 6.186000000000000387e-01 -2.309999999999999901e-02 -2.968999999999999972e-01
4.709600000000000009e+00 6.186000000000000387e-01 -1.899999999999999606e-02 -3.409499999999999753e-01
4.873300000000000409e+00 6.186000000000000387e-01 -1.545000000000000193e-02 -3.432499999999999996e-01
5.036900000000000155e+00 6.186000000000000387e-01 -2.104999999999999927e-02 -3.428499999999999881e-01
5.200599999999999667e+00 6.186000000000000387e-01 -1.564999999999999725e-02 -3.384500000000000286e-01
5.364200000000000301e+00 6.186000000000000387e-01 -1.384999999999999773e-02 -3.223000000000000309e-01
5.527800000000000047e+00 6.186000000000000387e-01 -2.214999999999999955e-02 -3.415500000000000203e-01
5.691499999999999559e+00 6.186000000000000387e-01 -2.834999999999999673e-02 -4.215499999999999803e-01
5.855100000000000193e+00 6.186000000000000387e-01 -2.904999999999999943e-02 -4.365999999999999881e-01
6.018799999999999706e+00 6.186000000000000387e-01 -2.980000000000000010e-02 -4.311500000000000332e-01
6.182400000000000340e+00 6.186000000000000387e-01 -5.010000000000000564e-02 -3.837500000000000355e-01
6.346099999999999852e+00 6.186000000000000387e-01 -4.595000000000000473e-02 -4.133999999999999897e-01
6.509699999999999598e+00 6.186000000000000387e-01 -6.334999999999998965e-02 -4.058999999999999830e-01
6.673300000000000232e+00 6.186000000000000387e-01 -7.549999999999999767e-02 -4.264000000000000012e-01
6.836999999999999744e+00 6.186000000000000387e-01 -1.071000000000000008e-01 -4.671500000000000097e-01
7.000600000000000378e+00 6.186000000000000387e-01 -1.171500000000000041e-01 -4.455000000000000071e-01
7.164299999999999891e+00 6.186000000000000387e-01 -1.589999999999999747e-01 -5.228000000000000425e-01
7.327899999999999636e+00 6.186000000000000387e-01 -1.923499999999999932e-01 -5.083999999999999631e-01
1.275999999999999912e-01 4.549000000000000266e-01 -1.069999999999999944e-02 6.399999999999999439e-03
2.913000000000000034e-01 4.549000000000000266e-01 -4.499999999999998793e-03 6.999999999999999929e-04
4.549000000000000266e-01 4.549000000000000266e-01 -4.999999999999999237e-03 -2.575000000000000205e-02
6.186000000000000387e-01 4.549000000000000266e-01 1.114999999999999845e-02 -3.619999999999999607e-02
7.822000000000000064e-01 4.549000000000000266e-01 1.730000000000000288e-02 -3.765000000000000291e-02
9.458999999999999631e-01 4.549000000000000266e-01 8.199999999999995487e-03 -6.519999999999999407e-02
1.109499999999999931e+00 4.549000000000000266e-01 3.249999999999995948e-03 -1.160999999999999949e-01
1.273099999999999898e+00 4.549000000000000266e-01 4.500000000000000527e-03 -1.098500000000000032e-01
1.436800000000000077e+00 4.549000000000000266e-01 7.199999999999998068e-03 -1.228999999999999954e-01
1.600400000000000045e+00 4.549000000000000266e-01 -7.500000000000003192e-03 -1.618499999999999939e-01
1.764100000000000001e+00 4.549000000000000266e-01 2.799999999999996936e-03 -1.685499999999999776e-01
1.927699999999999969e+00 4.549000000000000266e-01 1.315000000000000197e-02 -1.640500000000000014e-01
2.091400000000000148e+00 4.549000000000000266e-01 -2.350000000000001393e-03 -1.808000000000000163e-01
2.254999999999999893e+00 4.549000000000000266e-01 -1.800000000000002986e-03 -2.035500000000000087e-01
2.418600000000000083e+00 4.549000000000000266e-01 9.999999999999939493e-04 -2.144000000000000072e-01
2.582300000000000040e+00 4.549000000000000266e-01 -5.549999999999999378e-03 -2.202000000000000068e-01
2.745899999999999785e+00 4.549000000000000266e-01 -2.815000000000000141e-02 -1.941499999999999893e-01
2.909600000000000186e+00 4.549000000000000266e-01 -3.210000000000000353e-02 -1.864500000000000046e-01
3.073199999999999932e+00 4.549000000000000266e-01 -3.400000000000000244e-02 -2.047999999999999821e-01
3.236800000000000122e+00 4.549000000000000266e-01 -2.694999999999999826e-02 -2.453500000000000125e-01
3.400500000000000078e+00 4.549000000000000266e-01 -4.039999999999999841e-02 -2.537500000000000311e-01
3.564099999999999824e+00 4.549000000000000266e-01 -2.489999999999999852e-02 -3.045999999999999819e-01
3.727799999999999780e+00 4.549000000000000266e-01 -3.704999999999999960e-02 -3.099999999999999978e-01
3.891399999999999970e+00 4.549000000000000266e-01 -3.720000000000000390e-02 -2.923000000000000043e-01
4.055100000000000371e+00 4.549000000000000266e-01 -2.599999999999999881e-02 -2.984499999999999931e-01
4.218700000000000117e+00 4.549000000000000266e-01 -3.004999999999999685e-02 -2.849000000000000421e-01
4.382299999999999862e+00 4.549000000000000266e-01 -3.610000000000000014e-02 -2.881500000000000172e-01
4.546000000000000263e+00 4.549000000000000266e-01 -2.209999999999999812e-02 -3.201999999999999846e-01
4.709600000000000009e+00 4.549000000000000266e-01 -3.250000000000002887e-03 -3.699000000000000066e-01
4.873300000000000409e+00 4.549000000000000266e-01 5.000000000000004441e-04 -3.918500000000000316e-01
5.036900000000000155e+00 4.549000000000000266e-01 -1.205000000000000168e-02 -4.260500000000000398e-01
5.200599999999999667e+00 4.549000000000000266e-01 -1.700000000000000122e-03 -4.514500000000000179e-01
5.364200000000000301e+00 4.549000000000000266e-01 -7.550000000000001155e-03 -3.562499999999999556e-01
5.527800000000000047e+00 4.549000000000000266e-01 -1.830000000000000029e-02 -3.780499999999999972e-01
5.691499999999999559e+00 4.549000000000000266e-01 -2.095000000000000334e-02 -4.355499999999999927e-01
5.855100000000000193e+00 4.549000000000000266e-01 -4.949999999999999539e-03 -4.685000000000000275e-01
6.018799999999999706e+00 4.549000000000000266e-01 -8.250000000000000389e-03 -4.710999999999999632e-01
6.182400000000000340e+00 4.549000000000000266e-01 -2.935000000000000109e-02 -3.667000000000000259e-01
6.346099999999999852e+00 4.549000000000000266e-01 -5.484999999999999598e-02 -4.007499999999999951e-01
6.509699999999999598e+00 4.549000000000000266e-01 -4.989999999999999991e-02 -5.070000000000000062e-01
6.673300000000000232e+00 4.549000000000000266e-01 -7.530000000000000582e-02 -3.964499999999999691e-01
6.836999999999999744e+00 4.549000000000000266e-01 -9.925000000000000488e-02 -4.430499999999999994e-01
7.000600000000000378e+00 4.549000000000000266e-01 -1.106000000000000039e-01 -4.332500000000000240e-01
7.164299999999999891e+00 4.549000000000000266e-01 -1.164000000000000035e-01 -4.168499999999999983e-01
7.327899999999999636e+00 4.549000000000000266e-01 -1.410500000000000087e-01 -4.335499999999999909e-01
1.275999999999999912e-01 2.913000000000000034e-01 -5.649999999999998773e-03 3.225000000000000089e-02
2.913000000000000034e-01 2.913000000000000034e-01 1.689999999999999836e-02 3.670000000000000345e-02
4.549000000000000266e-01 2.913000000000000034e-01 7.549999999999999420e-03 -8.000000000000000167e-03
6.186000000000000387e-01 2.913000000000000034e-01 2.480000000000000260e-02 1.765000000000000249e-02
7.822000000000000064e-01 2.913000000000000034e-01 3.164999999999999758e-02 -3.500000000000000073e-03
9.458999999999999631e-01 2.913000000000000034e-01 2.515000000000000221e-02 -2.629999999999999699e-02
1.109499999999999931e+00 2.913000000000000034e-01 3.865000000000000380e-02 -3.114999999999999714e-02
1.273099999999999898e+00 2.913000000000000034e-01 3.210000000000000353e-02 -5.945000000000000284e-02
1.436800000000000077e+00 2.913000000000000034e-01 2.119999999999999662e-02 -8.294999999999999596e-02
1.600400000000000045e+00 2.913000000000000034e-01 1.704999999999999918e-02 -9.969999999999999696e-02
1.764100000000000001e+00 2.913000000000000034e-01 8.650000000000001438e-03 -1.237999999999999934e-01
1.927699999999999969e+00 2.913000000000000034e-01 3.049999999999999933e-02 -1.442499999999999893e-01
2.091400000000000148e+00 2.913000000000000034e-01 2.645000000000000129e-02 -1.675499999999999767e-01
2.254999999999999893e+00 2.913000000000000034e-01 4.599999999999999922e-03 -1.893500000000000183e-01
2.418600000000000083e+00 2.913000000000000034e-01 -2.450000000000000094e-02 -1.905999999999999917e-01
2.582300000000000040e+00 2.913000000000000034e-01 2.950000000000001232e-03 -2.227500000000000036e-01
2.745899999999999785e+00 2.913000000000000034e-01 6.499999999999998834e-03 -2.409999999999999920e-01
2.909600000000000186e+00 2.913000000000000034e-01 1.550000000000002764e-03 -2.726000000000000090e-01
3.073199999999999932e+00 2.913000000000000034e-01 -6.499999999999998834e-03 -2.917000000000000148e-01
3.236800000000000122e+00 2.913000000000000034e-01 -1.115000000000000019e-02 -2.621499999999999941e-01
3.400500000000000078e+00 2.913000000000000034e-01 -1.679999999999999896e-02 -2.564500000000000113e-01
3.564099999999999824e+00 2.913000000000000034e-01 -2.774999999999999689e-02 -2.718499999999999805e-01
3.727799999999999780e+00 2.913000000000000034e-01 -2.950000000000000192e-02 -2.896000000000000241e-01
3.891399999999999970e+00 2.913000000000000034e-01 -2.214999999999999608e-02 -3.092000000000000304e-01
4.055100000000000371e+00 2.913000000000000034e-01 -2.475000000000000117e-02 -2.957500000000000129e-01
4.218700000000000117e+00 2.913000000000000034e-01 -4.380000000000000560e-02 -2.641999999999999904e-01
4.382299999999999862e+00 2.913000000000000034e-01 -1.855000000000000052e-02 -3.099000000000000088e-01
4.546000000000000263e+00 2.913000000000000034e-01 -2.034999999999999656e-02 -3.048000000000000154e-01
4.709600000000000009e+00 2.913000000000000034e-01 -2.250000000000001998e-03 -3.929000000000000270e-01
4.873300000000000409e+00 2.913000000000000034e-01 8.000000000000020983e-04 -3.922499999999999876e-01
5.036900000000000155e+00 2.913000000000000034e-01 -1.004999999999999644e-02 -3.852999999999999758e-01
5.200599999999999667e+00 2.913000000000000034e-01 -4.099999999999999478e-03 -4.655500000000000194e-01
5.364200000000000301e+00 2.913000000000000034e-01 -1.230000000000000190e-02 -4.198000000000000065e-01
5.527800000000000047e+00 2.913000000000000034e-01 -1.685000000000000386e-02 -4.101499999999999591e-01
5.691499999999999559e+00 2.913000000000000034e-01 3.300000000000000849e-03 -4.233000000000000096e-01
5.855100000000000193e+00 2.913000000000000034e-01 7.249999999999999500e-03 -5.293499999999999872e-01
6.018799999999999706e+00 2.913000000000000034e-01 -3.349999999999998812e-03 -5.115499999999999492e-01
6.182400000000000340e+00 2.913000000000000034e-01 -6.749999999999999924e-03 -3.361000000000000099e-01
6.346099999999999852e+00 2.913000000000000034e-01 -3.410000000000000531e-02 -3.556500000000000217e-01
6.509699999999999598e+00 2.913000000000000034e-01 -4.984999999999999848e-02 -4.275999999999999801e-01
6.673300000000000232e+00 2.913000000000000034e-01 -7.124999999999999389e-02 -3.753000000000000225e-01
6.836999999999999744e+00 2.913000000000000034e-01 -8.740000000000000546e-02 -3.809000000000000163e-01
7.000600000000000378e+00 2.913000000000000034e-01 1.065000000000000148e-02 -1.994999999999999898e-02
7.164299999999999891e+00 2.913000000000000034e-01 -5.530000000000000193e-02 -1.692000000000000171e-01
7.327899999999999636e+00 2.913000000000000034e-01 -1.086999999999999911e-01 -3.766499999999999848e-01
1.275999999999999912e-01 1.275999999999999912e-01 2.089999999999999497e-02 1.004999999999999921e-01
2.913000000000000034e-01 1.275999999999999912e-01 2.219999999999999751e-02 8.984999999999999931e-02
4.549000000000000266e-01 1.275999999999999912e-01 1.149999999999999981e-02 1.119999999999999815e-02
6.186000000000000387e-01 1.275999999999999912e-01 6.105000000000000010e-02 1.146000000000000074e-01
7.822000000000000064e-01 1.275999999999999912e-01 5.125000000000000389e-02 5.695000000000000062e-02
9.458999999999999631e-01 1.275999999999999912e-01 5.525000000000000744e-02 6.344999999999999252e-02
1.109499999999999931e+00 1.275999999999999912e-01 5.954999999999999877e-02 3.584999999999999992e-02
1.273099999999999898e+00 1.275999999999999912e-01 4.339999999999999414e-02 -1.350000000000000505e-03
1.436800000000000077e+00 1.275999999999999912e-01 2.614999999999999963e-02 -3.084999999999999895e-02
1.600400000000000045e+00 1.275999999999999912e-01 3.504999999999999782e-02 -3.724999999999999839e-02
1.764100000000000001e+00 1.275999999999999912e-01 4.275000000000000328e-02 -6.130000000000000032e-02
1.927699999999999969e+00 1.275999999999999912e-01 3.470000000000000168e-02 -8.715000000000000524e-02
2.091400000000000148e+00 1.275999999999999912e-01 2.524999999999999814e-02 -1.197999999999999898e-01
2.254999999999999893e+00 1.275999999999999912e-01 2.355000000000000149e-02 -1.305499999999999994e-01
2.418600000000000083e+00 1.275999999999999912e-01 -6.599999999999999964e-03 -1.563999999999999835e-01
2.582300000000000040e+00 1.275999999999999912e-01 1.934999999999999915e-02 -2.184500000000000053e-01
2.745899999999999785e+00 1.275999999999999912e-01 1.134999999999999898e-02 -1.933499999999999663e-01
2.909600000000000186e+00 1.275999999999999912e-01 -1.270000000000000295e-02 -1.866499999999999826e-01
3.073199999999999932e+00 1.275999999999999912e-01 9.199999999999996375e-03 -2.130500000000000171e-01
3.236800000000000122e+00 1.275999999999999912e-01 1.000000000000028644e-04 -2.225499999999999701e-01
3.400500000000000078e+00 1.275999999999999912e-01 -1.724999999999999797e-02 -2.226499999999999868e-01
3.564099999999999824e+00 1.275999999999999912e-01 -2.349999999999999659e-02 -2.454000000000000070e-01
3.727799999999999780e+00 1.275999999999999912e-01 -4.560000000000000164e-02 -2.498499999999999888e-01
3.891399999999999970e+00 1.275999999999999912e-01 -1.775000000000000189e-02 -2.929499999999999882e-01
4.055100000000000371e+00 1.275999999999999912e-01 -1.784999999999999781e-02 -3.022500000000000187e-01
4.218700000000000117e+00 1.275999999999999912e-01 -3.999999999999975797e-04 -3.676499999999999768e-01
4.382299999999999862e+00 1.275999999999999912e-01 -1.870000000000000134e-02 -3.328499999999999792e-01
4.546000000000000263e+00 1.275999999999999912e-01 -4.030000000000000249e-02 -2.726500000000000035e-01
4.709600000000000009e+00 1.275999999999999912e-01 -9.599999999999997424e-03 -3.970000000000000195e-01
4.873300000000000409e+00 1.275999999999999912e-01 8.999999999999980238e-04 -4.024999999999999689e-01
5.036900000000000155e+00 1.275999999999999912e-01 -6.600000000000001699e-03 -3.990500000000000158e-01
5.200599999999999667e+00 1.275999999999999912e-01 -3.450000000000001676e-03 -4.733000000000000540e-01
5.364200000000000301e+00 1.275999999999999912e-01 5.550000000000002848e-03 -5.099000000000000199e-01
5.527800000000000047e+00 1.275999999999999912e-01 -1.189999999999999739e-02 -4.229999999999999871e-01
5.691499999999999559e+00 1.275999999999999912e-01 -1.435000000000000164e-02 -4.210499999999999798e-01
5.855100000000000193e+00 1.275999999999999912e-01 -5.799999999999999600e-03 -4.306999999999999718e-01
6.018799999999999706e+00 1.275999999999999912e-01 -2.655000000000000068e-02 -4.195499999999999785e-01
6.182400000000000340e+00 1.275999999999999912e-01 -3.345000000000000057e-02 -4.122500000000000053e-01
6.346099999999999852e+00 1.275999999999999912e-01 -4.334999999999999964e-02 -4.033999999999999808e-01
6.509699999999999598e+00 1.275999999999999912e-01 -5.294999999999999707e-02 -3.819500000000000117e-01
6.673300000000000232e+00 1.275999999999999912e-01 -4.129999999999999644e-02 -1.504999999999999949e-01
6.836999999999999744e+00 1.275999999999999912e-01 -4.259999999999999898e-02 -1.628000000000000003e-01
7.000600000000000378e+00 1.275999999999999912e-01 -8.429999999999999993e-02 -3.650999999999999801e-01
7.164299999999999891e+00 1.275999999999999912e-01 -3.559999999999999970e-02 -1.898499999999999910e-01
7.327899999999999636e+00 1.275999999999999912e-01 -9.645000000000000795e-02 -3.556000000000000272e-01
