1.275999999999999912e-01 1.927699999999999969e+00 -2.199999999999999872e-02 -7.184999999999999720e-02
2.913000000000000034e-01 1.927699999999999969e+00 -3.065000000000000016e-02 -8.254999999999999838e-02
4.549000000000000266e-01 1.927699999999999969e+00 -3.289999999999999869e-02 -8.019999999999999352e-02
6.186000000000000387e-01 1.927699999999999969e+00 -4.040000000000000535e-02 -8.515000000000000346e-02
7.822000000000000064e-01 1.927699999999999969e+00 -4.255000000000000449e-02 -8.715000000000000524e-02
9.458999999999999631e-01 1.927699999999999969e+00 -5.309999999999999443e-02 -8.069999999999999396e-02
1.109499999999999931e+00 1.927699999999999969e+00 -5.974999999999999756e-02 -8.455000000000000016e-02
1.273099999999999898e+00 1.927699999999999969e+00 -6.700000000000000400e-02 -8.705000000000000238e-02
1.436800000000000077e+00 1.927699999999999969e+00 -7.630000000000000671e-02 -7.889999999999999791e-02
1.600400000000000045e+00 1.927699999999999969e+00 -8.260000000000000675e-02 -6.744999999999999607e-02
1.764100000000000001e+00 1.927699999999999969e+00 -8.540000000000000369e-02 -6.800000000000000488e-02
1.927699999999999969e+00 1.927699999999999969e+00 -8.329999999999999905e-02 -6.214999999999999691e-02
2.091400000000000148e+00 1.927699999999999969e+00 -8.895000000000000129e-02 -5.724999999999999534e-02
2.254999999999999893e+00 1.927699999999999969e+00 -8.890000000000000679e-02 -5.720000000000000084e-02
2.418600000000000083e+00 1.927699999999999969e+00 -8.824999999999999512e-02 -4.810000000000000386e-02
2.582300000000000040e+00 1.927699999999999969e+00 -9.645000000000000795e-02 -4.224999999999999589e-02
2.745899999999999785e+00 1.927699999999999969e+00 -1.018999999999999906e-01 -3.495000000000000190e-02
2.909600000000000186e+00 1.927699999999999969e+00 -1.042500000000000093e-01 -3.625000000000000444e-02
3.073199999999999932e+00 1.927699999999999969e+00 -1.029499999999999998e-01 -3.260000000000000397e-02
3.236800000000000122e+00 1.927699999999999969e+00 -1.025999999999999968e-01 -2.135000000000000092e-02
3.400500000000000078e+00 1.927699999999999969e+00 -1.014499999999999985e-01 -2.284999999999999878e-02
3.564099999999999824e+00 1.927699999999999969e+00 -1.050500000000000045e-01 -1.760000000000000106e-02
3.727799999999999780e+00 1.927699999999999969e+00 -1.064999999999999974e-01 -2.215000000000000302e-02
3.891399999999999970e+00 1.927699999999999969e+00 -1.035500000000000032e-01 -2.305000000000000104e-02
4.055100000000000371e+00 1.927699999999999969e+00 -1.044500000000000012e-01 -2.159999999999999767e-02
4.218700000000000117e+00 1.927699999999999969e+00 -1.021999999999999992e-01 -1.184999999999999942e-02
4.382299999999999862e+00 1.927699999999999969e+00 -1.019499999999999990e-01 -1.305000000000000084e-02
4.546000000000000263e+00 1.927699999999999969e+00 -1.029499999999999998e-01 -1.524999999999999967e-02
4.709600000000000009e+00 1.927699999999999969e+00 -9.514999999999999847e-02 -5.749999999999998168e-03
4.873300000000000409e+00 1.927699999999999969e+00 -9.495000000000000662e-02 -1.799999999999999517e-03
5.036900000000000155e+00 1.927699999999999969e+00 -1.027499999999999941e-01 -1.469999999999999779e-02
5.200599999999999667e+00 1.927699999999999969e+00 -1.060999999999999999e-01 -1.895000000000000157e-02
5.364200000000000301e+00 1.927699999999999969e+00 -1.003499999999999948e-01 -2.080000000000000251e-02
5.527800000000000047e+00 1.927699999999999969e+00 -1.010500000000000009e-01 -2.135000000000000092e-02
5.691499999999999559e+00 1.927699999999999969e+00 -1.027000000000000135e-01 -1.644999999999999934e-02
5.855100000000000193e+00 1.927699999999999969e+00 -1.079500000000000043e-01 -2.704999999999999766e-02
6.018799999999999706e+00 1.927699999999999969e+00 -1.139499999999999957e-01 -4.065000000000000557e-02
6.182400000000000340e+00 1.927699999999999969e+00 -1.146000000000000074e-01 -4.460000000000000075e-02
6.346099999999999852e+00 1.927699999999999969e+00 -1.219999999999999973e-01 -4.419999999999999624e-02
6.509699999999999598e+00 1.927699999999999969e+00 -1.321499999999999897e-01 -4.290000000000000063e-02
6.673300000000000232e+00 1.927699999999999969e+00 -1.310999999999999943e-01 -4.394999999999999601e-02
6.836999999999999744e+00 1.927699999999999969e+00 -1.348999999999999921e-01 -3.755000000000000004e-02
7.000600000000000378e+00 1.927699999999999969e+00 -1.521000000000000130e-01 -4.549999999999999878e-02
7.164299999999999891e+00 1.927699999999999969e+00 -1.462499999999999911e-01 -3.945000000000000590e-02
7.327899999999999636e+00 1.927699999999999969e+00 -1.492999999999999883e-01 -4.524999999999999856e-02
1.275999999999999912e-01 1.764100000000000001e+00 -3.014999999999999972e-02 -8.505000000000000060e-02
2.913000000000000034e-01 1.764100000000000001e+00 -3.729999999999999982e-02 -9.045000000000000262e-02
4.549000000000000266e-01 1.764100000000000001e+00 -3.495000000000000190e-02 -8.729999999999998872e-02
6.186000000000000387e-01 1.764100000000000001e+00 -4.130000000000000338e-02 -8.400000000000000522e-02
7.822000000000000064e-01 1.764100000000000001e+00 -5.009999999999999870e-02 -8.984999999999999931e-02
9.458999999999999631e-01 1.764100000000000001e+00 -5.675000000000000183e-02 -8.635000000000001008e-02
1.109499999999999931e+00 1.764100000000000001e+00 -6.779999999999999916e-02 -8.085000000000000520e-02
1.273099999999999898e+00 1.764100000000000001e+00 -7.669999999999999041e-02 -8.160000000000000586e-02
1.436800000000000077e+00 1.764100000000000001e+00 -8.329999999999999905e-02 -8.390000000000000235e-02
1.600400000000000045e+00 1.764100000000000001e+00 -8.635000000000001008e-02 -7.439999999999999392e-02
1.764100000000000001e+00 1.764100000000000001e+00 -8.770000000000000018e-02 -6.950000000000000622e-02
1.927699999999999969e+00 1.764100000000000001e+00 -9.074999999999999734e-02 -5.945000000000000284e-02
2.091400000000000148e+00 1.764100000000000001e+00 -9.459999999999998965e-02 -6.139999999999999625e-02
2.254999999999999893e+00 1.764100000000000001e+00 -9.669999999999999429e-02 -6.014999999999999514e-02
2.418600000000000083e+00 1.764100000000000001e+00 -9.354999999999999427e-02 -5.224999999999999784e-02
2.582300000000000040e+00 1.764100000000000001e+00 -1.000999999999999945e-01 -3.924999999999999323e-02
2.745899999999999785e+00 1.764100000000000001e+00 -1.066000000000000003e-01 -3.819999999999999785e-02
2.909600000000000186e+00 1.764100000000000001e+00 -1.045999999999999985e-01 -3.824999999999999928e-02
3.073199999999999932e+00 1.764100000000000001e+00 -1.083999999999999964e-01 -2.924999999999999822e-02
3.236800000000000122e+00 1.764100000000000001e+00 -1.082499999999999990e-01 -1.934999999999999915e-02
3.400500000000000078e+00 1.764100000000000001e+00 -1.042000000000000010e-01 -2.289999999999999675e-02
3.564099999999999824e+00 1.764100000000000001e+00 -1.068000000000000060e-01 -2.140000000000000235e-02
3.727799999999999780e+00 1.764100000000000001e+00 -1.081499999999999961e-01 -2.174999999999999850e-02
3.891399999999999970e+00 1.764100000000000001e+00 -1.055500000000000049e-01 -2.249999999999999917e-02
4.055100000000000371e+00 1.764100000000000001e+00 -1.066499999999999948e-01 -1.829999999999999682e-02
4.218700000000000117e+00 1.764100000000000001e+00 -1.056499999999999939e-01 -1.324999999999999789e-02
4.382299999999999862e+00 1.764100000000000001e+00 -1.039999999999999952e-01 -1.799999999999999517e-03
4.546000000000000263e+00 1.764100000000000001e+00 -1.002000000000000113e-01 -1.225000000000000394e-02
4.709600000000000009e+00 1.764100000000000001e+00 -9.879999999999999893e-02 -9.500000000000001499e-03
4.873300000000000409e+00 1.764100000000000001e+00 -1.034500000000000003e-01 -5.549999999999999378e-03
5.036900000000000155e+00 1.764100000000000001e+00 -1.058999999999999941e-01 -1.020000000000000073e-02
5.200599999999999667e+00 1.764100000000000001e+00 -9.764999999999998681e-02 -2.525000000000000161e-02
5.364200000000000301e+00 1.764100000000000001e+00 -9.834999999999999298e-02 -2.335000000000000270e-02
5.527800000000000047e+00 1.764100000000000001e+00 -9.960000000000000797e-02 -1.870000000000000134e-02
5.691499999999999559e+00 1.764100000000000001e+00 -1.025500000000000023e-01 -1.630000000000000199e-02
5.855100000000000193e+00 1.764100000000000001e+00 -1.073000000000000065e-01 -2.530000000000000304e-02
6.018799999999999706e+00 1.764100000000000001e+00 -1.089500000000000052e-01 -4.130000000000000338e-02
6.182400000000000340e+00 1.764100000000000001e+00 -1.160999999999999949e-01 -5.224999999999999784e-02
6.346099999999999852e+00 1.764100000000000001e+00 -1.295499999999999985e-01 -4.340000000000000108e-02
6.509699999999999598e+00 1.764100000000000001e+00 -1.346999999999999864e-01 -4.489999999999999547e-02
6.673300000000000232e+00 1.764100000000000001e+00 -1.305999999999999939e-01 -4.610000000000000209e-02
6.836999999999999744e+00 1.764100000000000001e+00 -1.415500000000000091e-01 -5.239999999999999519e-02
7.000600000000000378e+00 1.764100000000000001e+00 -1.456000000000000072e-01 -5.324999999999999872e-02
7.164299999999999891e+00 1.764100000000000001e+00 -1.461999999999999966e-01 -5.075000000000000344e-02
7.327899999999999636e+00 1.764100000000000001e+00 -1.536500000000000088e-01 -4.855000000000000288e-02
1.275999999999999912e-01 1.600400000000000045e+00 -3.120000000000000204e-02 -8.694999999999999951e-02
2.913000000000000034e-01 1.600400000000000045e+00 -3.574999999999999706e-02 -9.475000000000000089e-02
4.549000000000000266e-01 1.600400000000000045e+00 -4.050000000000000128e-02 -9.174999999999999822e-02
6.186000000000000387e-01 1.600400000000000045e+00 -4.300000000000000350e-02 -7.844999999999999196e-02
7.822000000000000064e-01 1.600400000000000045e+00 -5.739999999999999963e-02 -8.895000000000000129e-02
9.458999999999999631e-01 1.600400000000000045e+00 -6.310000000000000331e-02 -9.270000000000000462e-02
1.109499999999999931e+00 1.600400000000000045e+00 -6.740000000000000158e-02 -9.349999999999999978e-02
1.273099999999999898e+00 1.600400000000000045e+00 -7.355000000000000426e-02 -8.699999999999999400e-02
1.436800000000000077e+00 1.600400000000000045e+00 -8.540000000000000369e-02 -9.049999999999999711e-02
1.600400000000000045e+00 1.600400000000000045e+00 -9.034999999999999976e-02 -8.194999999999999507e-02
1.764100000000000001e+00 1.600400000000000045e+00 -9.400000000000000022e-02 -7.324999999999999567e-02
1.927699999999999969e+00 1.600400000000000045e+00 -9.470000000000000639e-02 -6.590000000000000024e-02
2.091400000000000148e+00 1.600400000000000045e+00 -1.000999999999999945e-01 -6.495000000000000773e-02
2.254999999999999893e+00 1.600400000000000045e+00 -1.037000000000000005e-01 -6.205000000000000099e-02
2.418600000000000083e+00 1.600400000000000045e+00 -1.032000000000000001e-01 -5.540000000000000480e-02
2.582300000000000040e+00 1.600400000000000045e+00 -1.040999999999999981e-01 -4.000000000000000083e-02
2.745899999999999785e+00 1.600400000000000045e+00 -1.110000000000000014e-01 -3.524999999999999661e-02
2.909600000000000186e+00 1.600400000000000045e+00 -1.122500000000000026e-01 -3.450000000000000289e-02
3.073199999999999932e+00 1.600400000000000045e+00 -1.146999999999999964e-01 -3.140000000000000430e-02
3.236800000000000122e+00 1.600400000000000045e+00 -1.132499999999999896e-01 -2.860000000000000042e-02
3.400500000000000078e+00 1.600400000000000045e+00 -1.081999999999999906e-01 -2.405000000000000193e-02
3.564099999999999824e+00 1.600400000000000045e+00 -1.123999999999999999e-01 -2.085000000000000048e-02
3.727799999999999780e+00 1.600400000000000045e+00 -1.155499999999999861e-01 -1.354999999999999954e-02
3.891399999999999970e+00 1.600400000000000045e+00 -1.105499999999999955e-01 -1.110000000000000223e-02
4.055100000000000371e+00 1.600400000000000045e+00 -1.101999999999999924e-01 -1.389999999999999916e-02
4.218700000000000117e+00 1.600400000000000045e+00 -1.058499999999999996e-01 -2.005000000000000185e-02
4.382299999999999862e+00 1.600400000000000045e+00 -1.071000000000000008e-01 -1.915000000000000382e-02
4.546000000000000263e+00 1.600400000000000045e+00 -1.056499999999999939e-01 -2.270000000000000143e-02
4.709600000000000009e+00 1.600400000000000045e+00 -9.545000000000000706e-02 -1.735000000000000431e-02
4.873300000000000409e+00 1.600400000000000045e+00 -1.030999999999999972e-01 -1.244999999999999926e-02
5.036900000000000155e+00 1.600400000000000045e+00 -9.984999999999999432e-02 -2.059999999999999679e-02
5.200599999999999667e+00 1.600400000000000045e+00 -9.245000000000000440e-02 -2.785000000000000323e-02
5.364200000000000301e+00 1.600400000000000045e+00 -9.439999999999999780e-02 -9.199999999999996375e-03
5.527800000000000047e+00 1.600400000000000045e+00 -9.899999999999999079e-02 -3.075000000000000303e-02
5.691499999999999559e+00 1.600400000000000045e+00 -9.495000000000000662e-02 -3.295000000000000706e-02
5.855100000000000193e+00 1.600400000000000045e+00 -1.073999999999999955e-01 -3.289999999999999869e-02
6.018799999999999706e+00 1.600400000000000045e+00 -1.073500000000000010e-01 -4.424999999999999767e-02
6.182400000000000340e+00 1.600400000000000045e+00 -1.076499999999999957e-01 -5.074999999999999650e-02
6.346099999999999852e+00 1.600400000000000045e+00 -1.217499999999999971e-01 -5.009999999999999870e-02
6.509699999999999598e+00 1.600400000000000045e+00 -1.311999999999999833e-01 -5.514999999999999764e-02
6.673300000000000232e+00 1.600400000000000045e+00 -1.306499999999999884e-01 -4.870000000000000023e-02
6.836999999999999744e+00 1.600400000000000045e+00 -1.184999999999999942e-01 -3.394999999999999407e-02
7.000600000000000378e+00 1.600400000000000045e+00 -1.469000000000000028e-01 -8.390000000000000235e-02
7.164299999999999891e+00 1.600400000000000045e+00 -1.576000000000000179e-01 -7.959999999999999021e-02
7.327899999999999636e+00 1.600400000000000045e+00 -1.457999999999999852e-01 -5.550000000000000072e-02
1.275999999999999912e-01 1.436800000000000077e+00 -2.960000000000000131e-02 -8.415000000000000258e-02
2.913000000000000034e-01 1.436800000000000077e+00 -3.370000000000000079e-02 -8.899999999999999578e-02
4.549000000000000266e-01 1.436800000000000077e+00 -3.450000000000000289e-02 -9.379999999999999449e-02
6.186000000000000387e-01 1.436800000000000077e+00 -4.470000000000000362e-02 -8.974999999999999645e-02
7.822000000000000064e-01 1.436800000000000077e+00 -5.795000000000000151e-02 -9.005000000000000504e-02
9.458999999999999631e-01 1.436800000000000077e+00 -6.089999999999999580e-02 -8.879999999999999005e-02
1.109499999999999931e+00 1.436800000000000077e+00 -7.994999999999999329e-02 -9.950000000000000511e-02
1.273099999999999898e+00 1.436800000000000077e+00 -8.029999999999999638e-02 -9.204999999999999294e-02
1.436800000000000077e+00 1.436800000000000077e+00 -8.715000000000000524e-02 -9.145000000000000351e-02
1.600400000000000045e+00 1.436800000000000077e+00 -9.389999999999999736e-02 -8.615000000000000435e-02
1.764100000000000001e+00 1.436800000000000077e+00 -1.005999999999999950e-01 -7.860000000000000320e-02
1.927699999999999969e+00 1.436800000000000077e+00 -1.013499999999999956e-01 -7.064999999999999059e-02
2.091400000000000148e+00 1.436800000000000077e+00 -1.089999999999999997e-01 -6.619999999999999496e-02
2.254999999999999893e+00 1.436800000000000077e+00 -1.101000000000000034e-01 -5.775000000000000272e-02
2.418600000000000083e+00 1.436800000000000077e+00 -1.141999999999999960e-01 -5.434999999999999554e-02
2.582300000000000040e+00 1.436800000000000077e+00 -1.153500000000000081e-01 -5.285000000000000114e-02
2.745899999999999785e+00 1.436800000000000077e+00 -1.182499999999999940e-01 -4.365000000000000130e-02
2.909600000000000186e+00 1.436800000000000077e+00 -1.175000000000000072e-01 -4.135000000000000481e-02
3.073199999999999932e+00 1.436800000000000077e+00 -1.204500000000000015e-01 -3.600000000000000422e-02
3.236800000000000122e+00 1.436800000000000077e+00 -1.180499999999999883e-01 -3.070000000000000506e-02
3.400500000000000078e+00 1.436800000000000077e+00 -1.164499999999999980e-01 -2.174999999999999850e-02
3.564099999999999824e+00 1.436800000000000077e+00 -1.164499999999999980e-01 -1.469999999999999779e-02
3.727799999999999780e+00 1.436800000000000077e+00 -1.151999999999999968e-01 -9.650000000000002326e-03
3.891399999999999970e+00 1.436800000000000077e+00 -1.101000000000000034e-01 -9.200000000000003314e-03
4.055100000000000371e+00 1.436800000000000077e+00 -1.098500000000000032e-01 -1.140000000000000388e-02
4.218700000000000117e+00 1.436800000000000077e+00 -1.060999999999999999e-01 -1.244999999999999926e-02
4.382299999999999862e+00 1.436800000000000077e+00 -1.055500000000000049e-01 -1.324999999999999789e-02
4.546000000000000263e+00 1.436800000000000077e+00 -1.038999999999999924e-01 -1.470000000000000126e-02
4.709600000000000009e+00 1.436800000000000077e+00 -1.038000000000000034e-01 -1.695000000000000326e-02
4.873300000000000409e+00 1.436800000000000077e+00 -9.700000000000000289e-02 -2.384999999999999620e-02
5.036900000000000155e+00 1.436800000000000077e+00 -9.095000000000000306e-02 -2.850000000000000103e-02
5.200599999999999667e+00 1.436800000000000077e+00 -8.970000000000000195e-02 -3.260000000000000397e-02
5.364200000000000301e+00 1.436800000000000077e+00 -9.550000000000000155e-02 -2.070000000000000312e-02
5.527800000000000047e+00 1.436800000000000077e+00 -9.604999999999999649e-02 -3.884999999999999565e-02
5.691499999999999559e+00 1.436800000000000077e+00 -9.479999999999999538e-02 -4.539999999999999591e-02
5.855100000000000193e+00 1.436800000000000077e+00 -1.080499999999999933e-01 -5.170000000000000290e-02
6.018799999999999706e+00 1.436800000000000077e+00 -1.012500000000000067e-01 -4.449999999999999789e-02
6.182400000000000340e+00 1.436800000000000077e+00 -9.804999999999999827e-02 -5.015000000000000013e-02
6.346099999999999852e+00 1.436800000000000077e+00 -1.044999999999999957e-01 -5.664999999999999203e-02
6.509699999999999598e+00 1.436800000000000077e+00 -1.174000000000000044e-01 -7.349999999999999589e-02
6.673300000000000232e+00 1.436800000000000077e+00 -1.260499999999999954e-01 -7.955000000000000959e-02
6.836999999999999744e+00 1.436800000000000077e+00 -6.750000000000000444e-02 -6.750000000000000791e-03
7.000600000000000378e+00 1.436800000000000077e+00 -1.400500000000000078e-01 -9.114999999999999492e-02
7.164299999999999891e+00 1.436800000000000077e+00 -1.497499999999999942e-01 -8.584999999999999576e-02
7.327899999999999636e+00 1.436800000000000077e+00 -1.492999999999999883e-01 -7.105000000000000204e-02
1.275999999999999912e-01 1.273099999999999898e+00 -2.680000000000000090e-02 -8.290000000000000147e-02
2.913000000000000034e-01 1.273099999999999898e+00 -3.534999999999999948e-02 -9.754999999999999782e-02
4.549000000000000266e-01 1.273099999999999898e+00 -3.414999999999999980e-02 -9.354999999999999427e-02
6.186000000000000387e-01 1.273099999999999898e+00 -4.960000000000000520e-02 -9.725000000000000311e-02
7.822000000000000064e-01 1.273099999999999898e+00 -6.024999999999999800e-02 -1.032000000000000001e-01
9.458999999999999631e-01 1.273099999999999898e+00 -6.199999999999999956e-02 -9.600000000000000200e-02
1.109499999999999931e+00 1.273099999999999898e+00 -8.880000000000000393e-02 -1.019000000000000045e-01
1.273099999999999898e+00 1.273099999999999898e+00 -9.029999999999999138e-02 -1.025000000000000078e-01
1.436800000000000077e+00 1.273099999999999898e+00 -9.495000000000000662e-02 -9.975000000000000533e-02
1.600400000000000045e+00 1.273099999999999898e+00 -9.919999999999999651e-02 -9.595000000000000751e-02
1.764100000000000001e+00 1.273099999999999898e+00 -1.045000000000000095e-01 -9.080000000000000571e-02
1.927699999999999969e+00 1.273099999999999898e+00 -1.081499999999999961e-01 -8.240000000000000102e-02
2.091400000000000148e+00 1.273099999999999898e+00 -1.154000000000000026e-01 -6.944999999999999785e-02
2.254999999999999893e+00 1.273099999999999898e+00 -1.159999999999999920e-01 -5.805000000000000437e-02
2.418600000000000083e+00 1.273099999999999898e+00 -1.178500000000000103e-01 -5.650000000000000161e-02
2.582300000000000040e+00 1.273099999999999898e+00 -1.205499999999999905e-01 -5.179999999999999882e-02
2.745899999999999785e+00 1.273099999999999898e+00 -1.227499999999999980e-01 -4.795000000000000651e-02
2.909600000000000186e+00 1.273099999999999898e+00 -1.251500000000000112e-01 -4.429999999999999910e-02
3.073199999999999932e+00 1.273099999999999898e+00 -1.313000000000000000e-01 -2.929999999999999619e-02
3.236800000000000122e+00 1.273099999999999898e+00 -1.230499999999999927e-01 -3.070000000000000159e-02
3.400500000000000078e+00 1.273099999999999898e+00 -1.185499999999999887e-01 -1.914999999999999689e-02
3.564099999999999824e+00 1.273099999999999898e+00 -1.192999999999999894e-01 -2.214999999999999955e-02
3.727799999999999780e+00 1.273099999999999898e+00 -1.176000000000000101e-01 -1.424999999999999878e-02
3.891399999999999970e+00 1.273099999999999898e+00 -1.154999999999999916e-01 -2.369999999999999538e-02
4.055100000000000371e+00 1.273099999999999898e+00 -1.084999999999999992e-01 -1.664999999999999813e-02
4.218700000000000117e+00 1.273099999999999898e+00 -1.068500000000000005e-01 -1.144999999999999837e-02
4.382299999999999862e+00 1.273099999999999898e+00 -1.022000000000000131e-01 -2.450000000000000788e-03
4.546000000000000263e+00 1.273099999999999898e+00 -1.069499999999999895e-01 -4.549999999999998490e-03
4.709600000000000009e+00 1.273099999999999898e+00 -1.041499999999999926e-01 -2.080000000000000598e-02
4.873300000000000409e+00 1.273099999999999898e+00 -1.004000000000000031e-01 -2.720000000000000195e-02
5.036900000000000155e+00 1.273099999999999898e+00 -9.954999999999999960e-02 -2.599999999999999881e-02
5.200599999999999667e+00 1.273099999999999898e+00 -1.006500000000000034e-01 -3.599999999999999728e-02
5.364200000000000301e+00 1.273099999999999898e+00 -9.609999999999999098e-02 -5.175000000000000433e-02
5.527800000000000047e+00 1.273099999999999898e+00 -9.299999999999999933e-02 -4.689999999999999725e-02
5.691499999999999559e+00 1.273099999999999898e+00 -9.500000000000000111e-02 -3.395000000000000101e-02
5.855100000000000193e+00 1.273099999999999898e+00 -9.879999999999999893e-02 -4.880000000000000310e-02
6.018799999999999706e+00 1.273099999999999898e+00 -9.834999999999999298e-02 -6.120000000000000440e-02
6.182400000000000340e+00 1.273099999999999898e+00 -9.964999999999998859e-02 -6.054999999999999966e-02
6.346099999999999852e+00 1.273099999999999898e+00 -1.043499999999999983e-01 -8.340000000000000191e-02
6.509699999999999598e+00 1.273099999999999898e+00 -1.159999999999999920e-01 -8.980000000000000482e-02
6.673300000000000232e+00 1.273099999999999898e+00 -1.198000000000000037e-01 -9.149999999999999800e-02
6.836999999999999744e+00 1.273099999999999898e+00 -1.275499999999999967e-01 -9.259999999999998788e-02
7.000600000000000378e+00 1.273099999999999898e+00 -1.335000000000000075e-01 -1.068499999999999867e-01
7.164299999999999891e+00 1.273099999999999898e+00 -1.432499999999999885e-01 -1.136000000000000065e-01
7.327899999999999636e+00 1.273099999999999898e+00 -1.345999999999999974e-01 -8.110000000000000542e-02
1.275999999999999912e-01 1.109499999999999931e+00 -2.550000000000000183e-02 -1.054500000000000021e-01
2.913000000000000034e-01 1.109499999999999931e+00 -3.275000000000000133e-02 -1.062499999999999972e-01
4.549000000000000266e-01 1.109499999999999931e+00 -3.919999999999999873e-02 -9.720000000000000862e-02
6.186000000000000387e-01 1.109499999999999931e+00 -4.994999999999999440e-02 -1.106499999999999984e-01
7.822000000000000064e-01 1.109499999999999931e+00 -6.275000000000000022e-02 -1.255999999999999894e-01
9.458999999999999631e-01 1.109499999999999931e+00 -7.355000000000000426e-02 -1.194999999999999951e-01
1.109499999999999931e+00 1.109499999999999931e+00 -8.649999999999999356e-02 -1.096000000000000030e-01
1.273099999999999898e+00 1.109499999999999931e+00 -9.295000000000000484e-02 -1.116999999999999937e-01
1.436800000000000077e+00 1.109499999999999931e+00 -9.940000000000000224e-02 -1.031499999999999917e-01
1.600400000000000045e+00 1.109499999999999931e+00 -1.058000000000000052e-01 -9.934999999999999387e-02
1.764100000000000001e+00 1.109499999999999931e+00 -1.085500000000000076e-01 -9.715000000000001412e-02
1.927699999999999969e+00 1.109499999999999931e+00 -1.188000000000000028e-01 -8.584999999999999576e-02
2.091400000000000148e+00 1.109499999999999931e+00 -1.237499999999999989e-01 -7.284999999999999809e-02
2.254999999999999893e+00 1.109499999999999931e+00 -1.320000000000000062e-01 -6.754999999999999893e-02
2.418600000000000083e+00 1.109499999999999931e+00 -1.340000000000000080e-01 -6.569999999999999452e-02
2.582300000000000040e+00 1.109499999999999931e+00 -1.321499999999999897e-01 -5.815000000000000030e-02
2.745899999999999785e+00 1.109499999999999931e+00 -1.333499999999999963e-01 -4.819999999999999979e-02
2.909600000000000186e+00 1.109499999999999931e+00 -1.335999999999999965e-01 -4.115000000000000602e-02
3.073199999999999932e+00 1.109499999999999931e+00 -1.318999999999999895e-01 -3.074999999999999956e-02
3.236800000000000122e+00 1.109499999999999931e+00 -1.273500000000000187e-01 -3.070000000000000159e-02
3.400500000000000078e+00 1.109499999999999931e+00 -1.262999999999999956e-01 -3.364999999999999936e-02
3.564099999999999824e+00 1.109499999999999931e+00 -1.222499999999999976e-01 -3.304999999999999605e-02
3.727799999999999780e+00 1.109499999999999931e+00 -1.201500000000000068e-01 -1.880000000000000421e-02
3.891399999999999970e+00 1.109499999999999931e+00 -1.173500000000000099e-01 -1.700000000000000122e-02
4.055100000000000371e+00 1.109499999999999931e+00 -1.120000000000000023e-01 -2.149999999999999828e-02
4.218700000000000117e+00 1.109499999999999931e+00 -1.071499999999999952e-01 -2.654999999999999721e-02
4.382299999999999862e+00 1.109499999999999931e+00 -1.038000000000000034e-01 -1.664999999999999813e-02
4.546000000000000263e+00 1.109499999999999931e+00 -1.053499999999999992e-01 -9.450000000000000067e-03
4.709600000000000009e+00 1.109499999999999931e+00 -1.010000000000000064e-01 -2.164999999999999564e-02
4.873300000000000409e+00 1.109499999999999931e+00 -9.909999999999999365e-02 -2.695000000000000173e-02
5.036900000000000155e+00 1.109499999999999931e+00 -1.005500000000000005e-01 -2.684999999999999887e-02
5.200599999999999667e+00 1.109499999999999931e+00 -9.945000000000001061e-02 -4.315000000000000085e-02
5.364200000000000301e+00 1.109499999999999931e+00 -9.420000000000000595e-02 -5.365000000000000324e-02
5.527800000000000047e+00 1.109499999999999931e+00 -9.579999999999999627e-02 -5.409999999999999531e-02
5.691499999999999559e+00 1.109499999999999931e+00 -9.664999999999999980e-02 -5.044999999999999485e-02
5.855100000000000193e+00 1.109499999999999931e+00 -9.245000000000000440e-02 -5.464999999999999025e-02
6.018799999999999706e+00 1.109499999999999931e+00 -9.274999999999999911e-02 -6.389999999999999847e-02
6.182400000000000340e+00 1.109499999999999931e+00 -9.464999999999999802e-02 -5.734999999999999820e-02
6.346099999999999852e+00 1.109499999999999931e+00 -8.945000000000000173e-02 -4.864999999999999880e-02
6.509699999999999598e+00 1.109499999999999931e+00 -1.089999999999999997e-01 -8.644999999999999907e-02
6.673300000000000232e+00 1.109499999999999931e+00 -1.052000000000000018e-01 -9.615000000000001323e-02
6.836999999999999744e+00 1.109499999999999931e+00 -1.007500000000000062e-01 -7.969999999999999307e-02
7.000600000000000378e+00 1.109499999999999931e+00 -1.048499999999999988e-01 -8.850000000000000921e-02
7.164299999999999891e+00 1.109499999999999931e+00 -1.231000000000000011e-01 -1.080500000000000071e-01
7.327899999999999636e+00 1.109499999999999931e+00 -1.270499999999999963e-01 -1.015999999999999959e-01
1.275999999999999912e-01 9.458999999999999631e-01 -2.079999999999999905e-02 -9.400000000000000022e-02
2.913000000000000034e-01 9.458999999999999631e-01 -3.504999999999999782e-02 -9.090000000000000857e-02
4.549000000000000266e-01 9.458999999999999631e-01 -4.114999999999999908e-02 -9.639999999999999958e-02
6.186000000000000387e-01 9.458999999999999631e-01 -4.939999999999999947e-02 -1.179000000000000048e-01
7.822000000000000064e-01 9.458999999999999631e-01 -6.350000000000000089e-02 -1.333500000000000241e-01
9.458999999999999631e-01 9.458999999999999631e-01 -7.370000000000000162e-02 -1.381000000000000005e-01
1.109499999999999931e+00 9.458999999999999631e-01 -8.649999999999999356e-02 -1.194999999999999951e-01
1.273099999999999898e+00 9.458999999999999631e-01 -9.529999999999999583e-02 -1.190999999999999975e-01
1.436800000000000077e+00 9.458999999999999631e-01 -1.049999999999999961e-01 -1.078500000000000014e-01
1.600400000000000045e+00 9.458999999999999631e-01 -1.161999999999999977e-01 -1.148500000000000076e-01
1.764100000000000001e+00 9.458999999999999631e-01 -1.224999999999999978e-01 -1.153499999999999942e-01
1.927699999999999969e+00 9.458999999999999631e-01 -1.217499999999999971e-01 -9.854999999999999871e-02
2.091400000000000148e+00 9.458999999999999631e-01 -1.356499999999999928e-01 -1.022500000000000075e-01
2.254999999999999893e+00 9.458999999999999631e-01 -1.422499999999999876e-01 -8.820000000000000062e-02
2.418600000000000083e+00 9.458999999999999631e-01 -1.473499999999999810e-01 -7.710000000000000187e-02
2.582300000000000040e+00 9.458999999999999631e-01 -1.467999999999999861e-01 -7.040000000000000424e-02
2.745899999999999785e+00 9.458999999999999631e-01 -1.470000000000000195e-01 -5.630000000000000282e-02
2.909600000000000186e+00 9.458999999999999631e-01 -1.434999999999999887e-01 -4.925000000000000211e-02
3.073199999999999932e+00 9.458999999999999631e-01 -1.444000000000000006e-01 -3.599999999999999728e-02
3.236800000000000122e+00 9.458999999999999631e-01 -1.318000000000000005e-01 -2.774999999999999689e-02
3.400500000000000078e+00 9.458999999999999631e-01 -1.381000000000000005e-01 -2.514999999999999875e-02
3.564099999999999824e+00 9.458999999999999631e-01 -1.358999999999999930e-01 -1.664999999999999813e-02
3.727799999999999780e+00 9.458999999999999631e-01 -1.265499999999999958e-01 -1.660000000000000364e-02
3.891399999999999970e+00 9.458999999999999631e-01 -1.179999999999999938e-01 -4.099999999999999478e-03
4.055100000000000371e+00 9.458999999999999631e-01 -1.184000000000000052e-01 -4.950000000000003009e-03
4.218700000000000117e+00 9.458999999999999631e-01 -1.076499999999999957e-01 -2.605000000000000371e-02
4.382299999999999862e+00 9.458999999999999631e-01 -1.042499999999999954e-01 -1.989999999999999408e-02
4.546000000000000263e+00 9.458999999999999631e-01 -1.038999999999999924e-01 -2.564999999999999919e-02
4.709600000000000009e+00 9.458999999999999631e-01 -1.015999999999999959e-01 -4.249999999999999611e-02
4.873300000000000409e+00 9.458999999999999631e-01 -9.865000000000000158e-02 -3.930000000000000160e-02
5.036900000000000155e+00 9.458999999999999631e-01 -9.514999999999999847e-02 -3.684999999999999387e-02
5.200599999999999667e+00 9.458999999999999631e-01 -9.934999999999999387e-02 -4.769999999999999934e-02
5.364200000000000301e+00 9.458999999999999631e-01 -9.475000000000000089e-02 -5.719999999999999390e-02
5.527800000000000047e+00 9.458999999999999631e-01 -8.629999999999998783e-02 -6.479999999999999649e-02
5.691499999999999559e+00 9.458999999999999631e-01 -8.640000000000000457e-02 -6.239999999999999714e-02
5.855100000000000193e+00 9.458999999999999631e-01 -8.300000000000000433e-02 -6.529999999999999694e-02
6.018799999999999706e+00 9.458999999999999631e-01 -8.730000000000000260e-02 -7.420000000000000207e-02
6.182400000000000340e+00 9.458999999999999631e-01 -8.025000000000000189e-02 -7.155000000000000249e-02
6.346099999999999852e+00 9.458999999999999631e-01 -8.759999999999999731e-02 -9.425000000000000044e-02
6.509699999999999598e+00 9.458999999999999631e-01 -9.580000000000001015e-02 -1.131500000000000145e-01
6.673300000000000232e+00 9.458999999999999631e-01 -9.004999999999999116e-02 -9.464999999999999802e-02
6.836999999999999744e+00 9.458999999999999631e-01 -8.824999999999999512e-02 -9.145000000000000351e-02
7.000600000000000378e+00 9.458999999999999631e-01 -1.135000000000000037e-01 -1.325000000000000067e-01
7.164299999999999891e+00 9.458999999999999631e-01 -1.247499999999999998e-01 -1.483000000000000151e-01
7.327899999999999636e+00 9.458999999999999631e-01 -1.558499999999999885e-01 -1.618499999999999939e-01
1.275999999999999912e-01 7.822000000000000064e-01 -2.469999999999999973e-02 -1.142999999999999988e-01
2.913000000000000034e-01 7.822000000000000064e-01 -3.400000000000000244e-02 -1.246499999999999969e-01
4.549000000000000266e-01 7.822000000000000064e-01 -5.009999999999999870e-02 -1.390000000000000124e-01
6.186000000000000387e-01 7.822000000000000064e-01 -6.070000000000000395e-02 -1.383500000000000008e-01
7.822000000000000064e-01 7.822000000000000064e-01 -6.865000000000000269e-02 -1.365000000000000102e-01
9.458999999999999631e-01 7.822000000000000064e-01 -8.044999999999999374e-02 -1.429499999999999937e-01
1.109499999999999931e+00 7.822000000000000064e-01 -8.610000000000000986e-02 -1.270499999999999963e-01
1.273099999999999898e+00 7.822000000000000064e-01 -1.020000000000000073e-01 -1.225499999999999923e-01
1.436800000000000077e+00 7.822000000000000064e-01 -1.127999999999999836e-01 -1.172499999999999931e-01
1.600400000000000045e+00 7.822000000000000064e-01 -1.263500000000000179e-01 -1.260000000000000009e-01
1.764100000000000001e+00 7.822000000000000064e-01 -1.303499999999999936e-01 -1.218000000000000055e-01
1.927699999999999969e+00 7.822000000000000064e-01 -1.420500000000000096e-01 -1.181500000000000050e-01
2.091400000000000148e+00 7.822000000000000064e-01 -1.509500000000000008e-01 -1.142499999999999905e-01
2.254999999999999893e+00 7.822000000000000064e-01 -1.540500000000000203e-01 -9.710000000000000575e-02
2.418600000000000083e+00 7.822000000000000064e-01 -1.554999999999999993e-01 -8.070000000000000784e-02
2.582300000000000040e+00 7.822000000000000064e-01 -1.623499999999999943e-01 -7.144999999999999962e-02
2.745899999999999785e+00 7.822000000000000064e-01 -1.582999999999999963e-01 -5.880000000000000504e-02
2.909600000000000186e+00 7.822000000000000064e-01 -1.599500000000000088e-01 -4.944999999999999396e-02
3.073199999999999932e+00 7.822000000000000064e-01 -1.585000000000000020e-01 -3.954999999999999488e-02
3.236800000000000122e+00 7.822000000000000064e-01 -1.506500000000000061e-01 -3.209999999999999659e-02
3.400500000000000078e+00 7.822000000000000064e-01 -1.480500000000000149e-01 -2.219999999999999751e-02
3.564099999999999824e+00 7.822000000000000064e-01 -1.454999999999999905e-01 -4.950000000000003009e-03
3.727799999999999780e+00 7.822000000000000064e-01 -1.368499999999999994e-01 -1.950000000000000344e-03
3.891399999999999970e+00 7.822000000000000064e-01 -1.240499999999999936e-01 -2.400000000000000744e-02
4.055100000000000371e+00 7.822000000000000064e-01 -1.179999999999999938e-01 -2.555000000000000326e-02
4.218700000000000117e+00 7.822000000000000064e-01 -1.116499999999999992e-01 -3.425000000000000266e-02
4.382299999999999862e+00 7.822000000000000064e-01 -1.054500000000000021e-01 -2.784999999999999976e-02
4.546000000000000263e+00 7.822000000000000064e-01 -1.010500000000000009e-01 -2.919999999999999679e-02
4.709600000000000009e+00 7.822000000000000064e-01 -1.051499999999999935e-01 -3.425000000000000266e-02
4.873300000000000409e+00 7.822000000000000064e-01 -1.009499999999999981e-01 -2.804999999999999855e-02
5.036900000000000155e+00 7.822000000000000064e-01 -9.520000000000000684e-02 -2.564999999999999919e-02
5.200599999999999667e+00 7.822000000000000064e-01 -9.414999999999999758e-02 -4.249999999999999611e-02
5.364200000000000301e+00 7.822000000000000064e-01 -9.285000000000000198e-02 -3.709999999999999409e-02
5.527800000000000047e+00 7.822000000000000064e-01 -8.210000000000000631e-02 -2.444999999999999951e-02
5.691499999999999559e+00 7.822000000000000064e-01 -8.160000000000000586e-02 -5.580000000000000238e-02
5.855100000000000193e+00 7.822000000000000064e-01 -7.714999999999999636e-02 -9.245000000000000440e-02
6.018799999999999706e+00 7.822000000000000064e-01 -8.784999999999999754e-02 -9.445000000000000617e-02
6.182400000000000340e+00 7.822000000000000064e-01 -8.229999999999999816e-02 -8.590000000000000413e-02
6.346099999999999852e+00 7.822000000000000064e-01 -6.484999999999999098e-02 -7.975000000000000144e-02
6.509699999999999598e+00 7.822000000000000064e-01 -6.604999999999999760e-02 -9.489999999999999825e-02
6.673300000000000232e+00 7.822000000000000064e-01 -7.049999999999999323e-02 -1.060999999999999999e-01
6.836999999999999744e+00 7.822000000000000064e-01 -8.980000000000000482e-02 -1.323499999999999954e-01
7.000600000000000378e+00 7.822000000000000064e-01 -1.000999999999999945e-01 -1.415499999999999814e-01
7.164299999999999891e+00 7.822000000000000064e-01 -1.171999999999999986e-01 -1.590000000000000024e-01
7.327899999999999636e+00 7.822000000000000064e-01 -1.285499999999999976e-01 -1.524000000000000077e-01
1.275999999999999912e-01 6.186000000000000387e-01 -2.700000000000000316e-02 -1.266500000000000126e-01
2.913000000000000034e-01 6.186000000000000387e-01 -4.084999999999999742e-02 -1.272999999999999965e-01
4.549000000000000266e-01 6.186000000000000387e-01 -5.094999999999999529e-02 -1.276500000000000135e-01
6.186000000000000387e-01 6.186000000000000387e-01 -6.840000000000000246e-02 -1.320000000000000062e-01
7.822000000000000064e-01 6.186000000000000387e-01 -8.540000000000000369e-02 -1.552999999999999936e-01
9.458999999999999631e-01 6.186000000000000387e-01 -8.199999999999998956e-02 -1.500000000000000222e-01
1.109499999999999931e+00 6.186000000000000387e-01 -9.379999999999999449e-02 -1.384499999999999897e-01
1.273099999999999898e+00 6.186000000000000387e-01 -1.059499999999999886e-01 -1.331499999999999906e-01
1.436800000000000077e+00 6.186000000000000387e-01 -1.225499999999999923e-01 -1.445500000000000118e-01
1.600400000000000045e+00 6.186000000000000387e-01 -1.346499999999999919e-01 -1.387499999999999845e-01
1.764100000000000001e+00 6.186000000000000387e-01 -1.436999999999999944e-01 -1.269500000000000073e-01
1.927699999999999969e+00 6.186000000000000387e-01 -1.550500000000000211e-01 -1.311499999999999888e-01
2.091400000000000148e+00 6.186000000000000387e-01 -1.613499999999999934e-01 -1.295999999999999930e-01
2.254999999999999893e+00 6.186000000000000387e-01 -1.636499999999999899e-01 -1.095000000000000140e-01
2.418600000000000083e+00 6.186000000000000387e-01 -1.616000000000000214e-01 -8.549999999999999267e-02
2.582300000000000040e+00 6.186000000000000387e-01 -1.703999999999999959e-01 -7.739999999999999658e-02
2.745899999999999785e+00 6.186000000000000387e-01 -1.764499999999999957e-01 -6.715000000000000135e-02
2.909600000000000186e+00 6.186000000000000387e-01 -1.834999999999999964e-01 -5.165000000000000147e-02
3.073199999999999932e+00 6.186000000000000387e-01 -1.660999999999999976e-01 -5.004999999999999727e-02
3.236800000000000122e+00 6.186000000000000387e-01 -1.615499999999999992e-01 -3.584999999999999992e-02
3.400500000000000078e+00 6.186000000000000387e-01 -1.504000000000000059e-01 -2.634999999999999148e-02
3.564099999999999824e+00 6.186000000000000387e-01 -1.416000000000000036e-01 -3.445000000000000839e-02
3.727799999999999780e+00 6.186000000000000387e-01 -1.354500000000000148e-01 -1.274999999999999745e-02
3.891399999999999970e+00 6.186000000000000387e-01 -1.266500000000000126e-01 -2.920000000000000373e-02
4.055100000000000371e+00 6.186000000000000387e-01 -1.219500000000000028e-01 -3.579999999999999849e-02
4.218700000000000117e+00 6.186000000000000387e-01 -1.147999999999999993e-01 -3.020000000000000462e-02
4.382299999999999862e+00 6.186000000000000387e-01 -1.102500000000000008e-01 -2.695000000000000173e-02
4.546000000000000263e+00 6.186000000000000387e-01 -1.081999999999999906e-01 -2.409999999999999643e-02
4.709600000000000009e+00 6.186000000000000387e-01 -1.088999999999999968e-01 -4.920000000000000068e-02
4.873300000000000409e+00 6.186000000000000387e-01 -9.940000000000000224e-02 -2.330000000000000127e-02
5.036900000000000155e+00 6.186000000000000387e-01 -9.534999999999999032e-02 -3.330000000000000321e-02
5.200599999999999667e+00 6.186000000000000387e-01 -9.120000000000000329e-02 -3.239999999999999825e-02
5.364200000000000301e+00 6.186000000000000387e-01 -8.210000000000000631e-02 -2.154999999999999971e-02
5.527800000000000047e+00 6.186000000000000387e-01 -8.114999999999999991e-02 -7.699999999999998512e-03
5.691499999999999559e+00 6.186000000000000387e-01 -8.100000000000000255e-02 -3.920000000000000567e-02
5.855100000000000193e+00 6.186000000000000387e-01 -7.155000000000000249e-02 -9.664999999999998592e-02
6.018799999999999706e+00 6.186000000000000387e-01 -6.590000000000000024e-02 -7.195000000000000007e-02
6.182400000000000340e+00 6.186000000000000387e-01 -5.999999999999999778e-02 -4.690000000000000419e-02
6.346099999999999852e+00 6.186000000000000387e-01 -5.394999999999999796e-02 -6.564999999999998614e-02
6.509699999999999598e+00 6.186000000000000387e-01 -5.585000000000000381e-02 -1.033499999999999974e-01
6.673300000000000232e+00 6.186000000000000387e-01 -5.884999999999999953e-02 -1.177000000000000129e-01
6.836999999999999744e+00 6.186000000000000387e-01 -6.665000000000000091e-02 -1.320500000000000007e-01
7.000600000000000378e+00 6.186000000000000387e-01 -6.990000000000000380e-02 -1.335999999999999965e-01
7.164299999999999891e+00 6.186000000000000387e-01 -8.674999999999999378e-02 -1.883000000000000229e-01
7.327899999999999636e+00 6.186000000000000387e-01 -9.815000000000000113e-02 -1.987500000000000100e-01
1.275999999999999912e-01 4.549000000000000266e-01 -2.065000000000000169e-02 -1.176999999999999991e-01
2.913000000000000034e-01 4.549000000000000266e-01 -3.345000000000000057e-02 -1.383000000000000063e-01
4.549000000000000266e-01 4.549000000000000266e-01 -4.895000000000000046e-02 -1.349500000000000144e-01
6.186000000000000387e-01 4.549000000000000266e-01 -6.189999999999999669e-02 -1.343000000000000027e-01
7.822000000000000064e-01 4.549000000000000266e-01 -7.155000000000000249e-02 -1.365000000000000102e-01
9.458999999999999631e-01 4.549000000000000266e-01 -8.990000000000000768e-02 -1.450500000000000123e-01
1.109499999999999931e+00 4.549000000000000266e-01 -1.009999999999999926e-01 -1.646000000000000241e-01
1.273099999999999898e+00 4.549000000000000266e-01 -1.217999999999999916e-01 -1.708999999999999964e-01
1.436800000000000077e+00 4.549000000000000266e-01 -1.294500000000000095e-01 -1.591500000000000137e-01
1.600400000000000045e+00 4.549000000000000266e-01 -1.386999999999999900e-01 -1.484499999999999986e-01
1.764100000000000001e+00 4.549000000000000266e-01 -1.540500000000000203e-01 -1.439000000000000001e-01
1.927699999999999969e+00 4.549000000000000266e-01 -1.614499999999999824e-01 -1.327500000000000069e-01
2.091400000000000148e+00 4.549000000000000266e-01 -1.683499999999999996e-01 -1.216500000000000081e-01
2.254999999999999893e+00 4.549000000000000266e-01 -1.666500000000000203e-01 -1.045999999999999985e-01
2.418600000000000083e+00 4.549000000000000266e-01 -1.706500000000000239e-01 -9.339999999999999691e-02
2.582300000000000040e+00 4.549000000000000266e-01 -1.795999999999999819e-01 -9.149999999999999800e-02
2.745899999999999785e+00 4.549000000000000266e-01 -1.922999999999999987e-01 -7.224999999999999478e-02
2.909600000000000186e+00 4.549000000000000266e-01 -1.897500000000000020e-01 -5.305000000000000687e-02
3.073199999999999932e+00 4.549000000000000266e-01 -1.900499999999999967e-01 -4.195000000000000812e-02
3.236800000000000122e+00 4.549000000000000266e-01 -1.710499999999999798e-01 -3.635000000000000037e-02
3.400500000000000078e+00 4.549000000000000266e-01 -1.543499999999999872e-01 -3.714999999999999553e-02
3.564099999999999824e+00 4.549000000000000266e-01 -1.526500000000000079e-01 -3.235000000000000375e-02
3.727799999999999780e+00 4.549000000000000266e-01 -1.481000000000000094e-01 -2.570000000000000062e-02
3.891399999999999970e+00 4.549000000000000266e-01 -1.316999999999999837e-01 -1.625000000000000056e-02
4.055100000000000371e+00 4.549000000000000266e-01 -1.238499999999999879e-01 -2.415000000000000480e-02
4.218700000000000117e+00 4.549000000000000266e-01 -1.197000000000000008e-01 -7.300000000000000933e-03
4.382299999999999862e+00 4.549000000000000266e-01 -1.170999999999999958e-01 -3.449999999999994738e-03
4.546000000000000263e+00 4.549000000000000266e-01 -1.126000000000000056e-01 -2.185000000000000830e-02
4.709600000000000009e+00 4.549000000000000266e-01 -1.096000000000000030e-01 -5.294999999999999707e-02
4.873300000000000409e+00 4.549000000000000266e-01 -1.089999999999999997e-01 -2.199999999999999178e-02
5.036900000000000155e+00 4.549000000000000266e-01 -1.011500000000000038e-01 -1.580000000000000848e-02
5.200599999999999667e+00 4.549000000000000266e-01 -9.210000000000000131e-02 -4.714999999999999747e-02
5.364200000000000301e+00 4.549000000000000266e-01 -8.285000000000000697e-02 -8.699999999999999400e-03
5.527800000000000047e+00 4.549000000000000266e-01 -8.110000000000000542e-02 -4.635000000000000231e-02
5.691499999999999559e+00 4.549000000000000266e-01 -6.425000000000000155e-02 -4.180000000000000382e-02
5.855100000000000193e+00 4.549000000000000266e-01 -5.720000000000000084e-02 -8.089999999999998581e-02
6.018799999999999706e+00 4.549000000000000266e-01 -5.455000000000000127e-02 -7.555000000000000604e-02
6.182400000000000340e+00 4.549000000000000266e-01 -4.390000000000000152e-02 -3.079999999999999405e-02
6.346099999999999852e+00 4.549000000000000266e-01 -4.085000000000000436e-02 -7.270000000000000073e-02
6.509699999999999598e+00 4.549000000000000266e-01 -5.070000000000000201e-02 -9.944999999999999674e-02
6.673300000000000232e+00 4.549000000000000266e-01 -5.705000000000000349e-02 -1.232000000000000040e-01
6.836999999999999744e+00 4.549000000000000266e-01 -5.364999999999999630e-02 -1.316500000000000170e-01
7.000600000000000378e+00 4.549000000000000266e-01 -5.275000000000000522e-02 -1.394499999999999906e-01
7.164299999999999891e+00 4.549000000000000266e-01 -5.715000000000000635e-02 -1.141000000000000070e-01
7.327899999999999636e+00 4.549000000000000266e-01 -8.105000000000001092e-02 -1.954500000000000126e-01
1.275999999999999912e-01 2.913000000000000034e-01 -1.584999999999999951e-02 -1.069000000000000089e-01
2.913000000000000034e-01 2.913000000000000034e-01 -3.490000000000000047e-02 -1.132500000000000034e-01
4.549000000000000266e-01 2.913000000000000034e-01 -4.744999999999999912e-02 -1.223999999999999949e-01
6.186000000000000387e-01 2.913000000000000034e-01 -5.865000000000000074e-02 -1.202000000000000013e-01
7.822000000000000064e-01 2.913000000000000034e-01 -7.399999999999999634e-02 -1.154499999999999971e-01
9.458999999999999631e-01 2.913000000000000034e-01 -9.390000000000001124e-02 -1.219999999999999973e-01
1.109499999999999931e+00 2.913000000000000034e-01 -1.102999999999999953e-01 -1.424499999999999933e-01
1.273099999999999898e+00 2.913000000000000034e-01 -1.310000000000000053e-01 -1.702000000000000179e-01
1.436800000000000077e+00 2.913000000000000034e-01 -1.413500000000000034e-01 -1.496000000000000107e-01
1.600400000000000045e+00 2.913000000000000034e-01 -1.373499999999999999e-01 -1.287500000000000033e-01
1.764100000000000001e+00 2.913000000000000034e-01 -1.639999999999999791e-01 -1.465500000000000136e-01
1.927699999999999969e+00 2.913000000000000034e-01 -1.717000000000000193e-01 -1.218499999999999861e-01
2.091400000000000148e+00 2.913000000000000034e-01 -1.660000000000000087e-01 -1.060500000000000054e-01
2.254999999999999893e+00 2.913000000000000034e-01 -1.761500000000000010e-01 -1.057499999999999968e-01
2.418600000000000083e+00 2.913000000000000034e-01 -1.810999999999999832e-01 -1.005500000000000005e-01
2.582300000000000040e+00 2.913000000000000034e-01 -1.809999999999999942e-01 -8.655000000000000193e-02
2.745899999999999785e+00 2.913000000000000034e-01 -1.877500000000000002e-01 -8.579999999999998739e-02
2.909600000000000186e+00 2.913000000000000034e-01 -2.021999999999999909e-01 -8.530000000000000082e-02
3.073199999999999932e+00 2.913000000000000034e-01 -1.825499999999999901e-01 -2.459999999999999687e-02
3.236800000000000122e+00 2.913000000000000034e-01 -1.810999999999999832e-01 -4.300000000000000350e-02
3.400500000000000078e+00 2.913000000000000034e-01 -1.743500000000000050e-01 -5.080000000000000487e-02
3.564099999999999824e+00 2.913000000000000034e-01 -1.697000000000000175e-01 -2.509999999999999731e-02
3.727799999999999780e+00 2.913000000000000034e-01 -1.516000000000000125e-01 -4.254999999999999755e-02
3.891399999999999970e+00 2.913000000000000034e-01 -1.435500000000000109e-01 -3.325000000000000178e-02
4.055100000000000371e+00 2.913000000000000034e-01 -1.295999999999999930e-01 -1.559999999999998888e-02
4.218700000000000117e+00 2.913000000000000034e-01 -1.239999999999999991e-01 -1.259999999999998621e-02
4.382299999999999862e+00 2.913000000000000034e-01 -1.228000000000000064e-01 -1.084999999999999853e-02
4.546000000000000263e+00 2.913000000000000034e-01 -1.124499999999999944e-01 -2.035000000000000697e-02
4.709600000000000009e+00 2.913000000000000034e-01 -1.102500000000000008e-01 -5.544999999999999929e-02
4.873300000000000409e+00 2.913000000000000034e-01 -1.184999999999999942e-01 -1.454999999999999349e-02
5.036900000000000155e+00 2.913000000000000034e-01 -1.098999999999999977e-01 3.290000000000000563e-02
5.200599999999999667e+00 2.913000000000000034e-01 -1.021999999999999992e-01 -4.489999999999999547e-02
5.364200000000000301e+00 2.913000000000000034e-01 -7.620000000000000384e-02 9.965000000000000246e-02
5.527800000000000047e+00 2.913000000000000034e-01 -7.535000000000000031e-02 -8.300000000000001821e-03
5.691499999999999559e+00 2.913000000000000034e-01 -6.949999999999999234e-02 -2.344999999999999862e-02
5.855100000000000193e+00 2.913000000000000034e-01 -6.790000000000000202e-02 -7.739999999999999658e-02
6.018799999999999706e+00 2.913000000000000034e-01 -5.724999999999999534e-02 -8.380000000000001337e-02
6.182400000000000340e+00 2.913000000000000034e-01 -1.734999999999999737e-02 4.780000000000000221e-02
6.346099999999999852e+00 2.913000000000000034e-01 -3.744999999999999718e-02 -4.495000000000000384e-02
6.509699999999999598e+00 2.913000000000000034e-01 -4.710000000000000298e-02 -7.180000000000000271e-02
6.673300000000000232e+00 2.913000000000000034e-01 5.000000000000000104e-04 9.850000000000001116e-03
6.836999999999999744e+00 2.913000000000000034e-01 -4.749999999999999882e-03 8.650000000000001438e-03
7.000600000000000378e+00 2.913000000000000034e-01 -5.569999999999999951e-02 -9.825000000000000400e-02
7.164299999999999891e+00 2.913000000000000034e-01 -4.999999999999969746e-05 6.149999999999999217e-03
7.327899999999999636e+00 2.913000000000000034e-01 -5.195000000000000312e-02 -1.164000000000000035e-01
1.275999999999999912e-01 1.275999999999999912e-01 -2.100000000000000130e-02 -1.096499999999999975e-01
2.913000000000000034e-01 1.275999999999999912e-01 -3.870000000000000523e-02 -9.765000000000000069e-02
4.549000000000000266e-01 1.275999999999999912e-01 -4.299999999999999656e-02 -1.116499999999999992e-01
6.186000000000000387e-01 1.275999999999999912e-01 -6.094999999999999724e-02 -1.166999999999999982e-01
7.822000000000000064e-01 1.275999999999999912e-01 -7.545000000000000318e-02 -9.485000000000000375e-02
9.458999999999999631e-01 1.275999999999999912e-01 -9.135000000000000064e-02 -9.030000000000000526e-02
1.109499999999999931e+00 1.275999999999999912e-01 -9.965000000000000246e-02 -1.000500000000000000e-01
1.273099999999999898e+00 1.275999999999999912e-01 -1.265499999999999958e-01 -1.223500000000000004e-01
1.436800000000000077e+00 1.275999999999999912e-01 -1.440000000000000169e-01 -1.292999999999999983e-01
1.600400000000000045e+00 1.275999999999999912e-01 -1.542999999999999927e-01 -1.081499999999999961e-01
1.764100000000000001e+00 1.275999999999999912e-01 -1.607500000000000040e-01 -9.460000000000000353e-02
1.927699999999999969e+00 1.275999999999999912e-01 -1.624499999999999833e-01 -1.126999999999999946e-01
2.091400000000000148e+00 1.275999999999999912e-01 -1.735500000000000098e-01 -1.000999999999999945e-01
2.254999999999999893e+00 1.275999999999999912e-01 -1.804499999999999993e-01 -1.053499999999999992e-01
2.418600000000000083e+00 1.275999999999999912e-01 -1.702000000000000179e-01 -7.069999999999999896e-02
2.582300000000000040e+00 1.275999999999999912e-01 -1.925999999999999934e-01 -8.259999999999999287e-02
2.745899999999999785e+00 1.275999999999999912e-01 -2.106999999999999984e-01 -1.035999999999999976e-01
2.909600000000000186e+00 1.275999999999999912e-01 -1.957500000000000073e-01 -8.025000000000000189e-02
3.073199999999999932e+00 1.275999999999999912e-01 -1.954500000000000126e-01 -7.914999999999999813e-02
3.236800000000000122e+00 1.275999999999999912e-01 -1.940999999999999948e-01 -4.920000000000000762e-02
3.400500000000000078e+00 1.275999999999999912e-01 -2.134000000000000064e-01 -4.485000000000000098e-02
3.564099999999999824e+00 1.275999999999999912e-01 -1.632000000000000117e-01 -3.635000000000000731e-02
3.727799999999999780e+00 1.275999999999999912e-01 -1.522999999999999909e-01 -4.155000000000000360e-02
3.891399999999999970e+00 1.275999999999999912e-01 -1.514999999999999958e-01 -3.200000000000000067e-02
4.055100000000000371e+00 1.275999999999999912e-01 -1.421000000000000041e-01 -2.774999999999999689e-02
4.218700000000000117e+00 1.275999999999999912e-01 -1.234500000000000042e-01 -4.019999999999999962e-02
4.382299999999999862e+00 1.275999999999999912e-01 -1.193499999999999978e-01 -2.129999999999999949e-02
4.546000000000000263e+00 1.275999999999999912e-01 -1.158000000000000002e-01 -1.904999999999999749e-02
4.709600000000000009e+00 1.275999999999999912e-01 -1.164999999999999925e-01 -2.954999999999999294e-02
4.873300000000000409e+00 1.275999999999999912e-01 -1.169999999999999929e-01 -1.995000000000000939e-02
5.036900000000000155e+00 1.275999999999999912e-01 -9.900000000000000466e-02 -1.380000000000000671e-02
5.200599999999999667e+00 1.275999999999999912e-01 -1.065000000000000113e-01 -1.954999999999999793e-02
5.364200000000000301e+00 1.275999999999999912e-01 -9.110000000000000042e-02 -4.599999999999992983e-03
5.527800000000000047e+00 1.275999999999999912e-01 -7.295000000000000095e-02 -2.049999999999999045e-02
5.691499999999999559e+00 1.275999999999999912e-01 -7.514999999999999458e-02 -9.550000000000002931e-03
5.855100000000000193e+00 1.275999999999999912e-01 -7.105000000000000204e-02 -7.055000000000000160e-02
6.018799999999999706e+00 1.275999999999999912e-01 -6.105000000000000010e-02 -8.259999999999999287e-02
6.182400000000000340e+00 1.275999999999999912e-01 -5.229999999999999927e-02 -5.834999999999999909e-02
6.346099999999999852e+00 1.275999999999999912e-01 -4.654999999999999416e-02 -6.300000000000000044e-02
6.509699999999999598e+00 1.275999999999999912e-01 -5.249999999999999459e-03 2.765000000000000097e-02
6.673300000000000232e+00 1.275999999999999912e-01 -4.184999999999999831e-02 -6.729999999999999871e-02
6.836999999999999744e+00 1.275999999999999912e-01 -4.300000000000000003e-03 1.060000000000000005e-02
7.000600000000000378e+00 1.275999999999999912e-01 -4.700000000000000185e-03 3.199999999999999720e-03
7.164299999999999891e+00 1.275999999999999912e-01 -4.700000000000000011e-02 -9.575000000000000178e-02
7.327899999999999636e+00 1.275999999999999912e-01 -4.895000000000000046e-02 -1.009999999999999926e-01
