1.275999999999999912e-01 1.927699999999999969e+00 1.188499999999999973e-01 3.704999999999999960e-02
2.913000000000000034e-01 1.927699999999999969e+00 1.149499999999999966e-01 3.615000000000000158e-02
4.549000000000000266e-01 1.927699999999999969e+00 1.133499999999999924e-01 4.290000000000000063e-02
6.186000000000000387e-01 1.927699999999999969e+00 1.174000000000000044e-01 4.784999999999999670e-02
7.822000000000000064e-01 1.927699999999999969e+00 1.213500000000000134e-01 4.769999999999999934e-02
9.458999999999999631e-01 1.927699999999999969e+00 1.182500000000000079e-01 4.255000000000000449e-02
1.109499999999999931e+00 1.927699999999999969e+00 1.100000000000000006e-01 5.349999999999999895e-02
1.273099999999999898e+00 1.927699999999999969e+00 1.111000000000000043e-01 5.945000000000000284e-02
1.436800000000000077e+00 1.927699999999999969e+00 1.091000000000000025e-01 5.854999999999999788e-02
1.600400000000000045e+00 1.927699999999999969e+00 1.037000000000000005e-01 5.565000000000000502e-02
1.764100000000000001e+00 1.927699999999999969e+00 1.039999999999999952e-01 6.314999999999999780e-02
1.927699999999999969e+00 1.927699999999999969e+00 1.013499999999999956e-01 6.464999999999999913e-02
2.091400000000000148e+00 1.927699999999999969e+00 1.011500000000000038e-01 6.425000000000000155e-02
2.254999999999999893e+00 1.927699999999999969e+00 1.020000000000000073e-01 7.050000000000000711e-02
2.418600000000000083e+00 1.927699999999999969e+00 1.010500000000000009e-01 7.094999999999999918e-02
2.582300000000000040e+00 1.927699999999999969e+00 1.016500000000000042e-01 7.384999999999999898e-02
2.745899999999999785e+00 1.927699999999999969e+00 9.500000000000000111e-02 7.570000000000000340e-02
2.909600000000000186e+00 1.927699999999999969e+00 1.004500000000000115e-01 8.615000000000000435e-02
3.073199999999999932e+00 1.927699999999999969e+00 9.740000000000000047e-02 8.379999999999999949e-02
3.236800000000000122e+00 1.927699999999999969e+00 9.279999999999999361e-02 7.439999999999999392e-02
3.400500000000000078e+00 1.927699999999999969e+00 9.485000000000000375e-02 7.499999999999999722e-02
3.564099999999999824e+00 1.927699999999999969e+00 9.385000000000000286e-02 8.134999999999999176e-02
3.727799999999999780e+00 1.927699999999999969e+00 9.434999999999998943e-02 9.709999999999999187e-02
3.891399999999999970e+00 1.927699999999999969e+00 8.834999999999999798e-02 9.519999999999999296e-02
4.055100000000000371e+00 1.927699999999999969e+00 9.195000000000000395e-02 9.585000000000000464e-02
4.218700000000000117e+00 1.927699999999999969e+00 9.375000000000000000e-02 8.430000000000001381e-02
4.382299999999999862e+00 1.927699999999999969e+00 9.090000000000000857e-02 9.070000000000000284e-02
4.546000000000000263e+00 1.927699999999999969e+00 8.824999999999999512e-02 9.425000000000000044e-02
4.709600000000000009e+00 1.927699999999999969e+00 8.060000000000000497e-02 9.500000000000000111e-02
4.873300000000000409e+00 1.927699999999999969e+00 8.555000000000000104e-02 1.027499999999999941e-01
5.036900000000000155e+00 1.927699999999999969e+00 8.150000000000000300e-02 1.012499999999999928e-01
5.200599999999999667e+00 1.927699999999999969e+00 8.724999999999999423e-02 1.137500000000000039e-01
5.364200000000000301e+00 1.927699999999999969e+00 8.544999999999999818e-02 1.086499999999999966e-01
5.527800000000000047e+00 1.927699999999999969e+00 7.875000000000000056e-02 1.049999999999999961e-01
5.691499999999999559e+00 1.927699999999999969e+00 9.364999999999999714e-02 1.129999999999999893e-01
5.855100000000000193e+00 1.927699999999999969e+00 8.619999999999999885e-02 1.215999999999999998e-01
6.018799999999999706e+00 1.927699999999999969e+00 8.335000000000000742e-02 1.244999999999999996e-01
6.182400000000000340e+00 1.927699999999999969e+00 9.045000000000000262e-02 1.281499999999999861e-01
6.346099999999999852e+00 1.927699999999999969e+00 8.509999999999999509e-02 1.128500000000000059e-01
6.509699999999999598e+00 1.927699999999999969e+00 7.955000000000000959e-02 1.079499999999999904e-01
6.673300000000000232e+00 1.927699999999999969e+00 9.545000000000000706e-02 1.175500000000000017e-01
6.836999999999999744e+00 1.927699999999999969e+00 8.964999999999999358e-02 1.064500000000000030e-01
7.000600000000000378e+00 1.927699999999999969e+00 8.660000000000001030e-02 1.023000000000000020e-01
7.164299999999999891e+00 1.927699999999999969e+00 9.389999999999999736e-02 1.055499999999999911e-01
7.327899999999999636e+00 1.927699999999999969e+00 1.088000000000000078e-01 1.059500000000000025e-01
1.275999999999999912e-01 1.764100000000000001e+00 1.216499999999999942e-01 6.195000000000000506e-02
2.913000000000000034e-01 1.764100000000000001e+00 1.176000000000000101e-01 5.489999999999999741e-02
4.549000000000000266e-01 1.764100000000000001e+00 1.252999999999999947e-01 5.684999999999999776e-02
6.186000000000000387e-01 1.764100000000000001e+00 1.189999999999999947e-01 5.790000000000000008e-02
7.822000000000000064e-01 1.764100000000000001e+00 1.211000000000000132e-01 5.820000000000000173e-02
9.458999999999999631e-01 1.764100000000000001e+00 1.097500000000000003e-01 5.759999999999999842e-02
1.109499999999999931e+00 1.764100000000000001e+00 1.005000000000000060e-01 5.399999999999999939e-02
1.273099999999999898e+00 1.764100000000000001e+00 1.024000000000000049e-01 6.054999999999999966e-02
1.436800000000000077e+00 1.764100000000000001e+00 1.027500000000000080e-01 7.019999999999999851e-02
1.600400000000000045e+00 1.764100000000000001e+00 9.745000000000000884e-02 7.040000000000000424e-02
1.764100000000000001e+00 1.764100000000000001e+00 9.639999999999999958e-02 6.575000000000000289e-02
1.927699999999999969e+00 1.764100000000000001e+00 9.719999999999999474e-02 7.474999999999999700e-02
2.091400000000000148e+00 1.764100000000000001e+00 9.740000000000000047e-02 7.960000000000000409e-02
2.254999999999999893e+00 1.764100000000000001e+00 1.025500000000000023e-01 8.765000000000000568e-02
2.418600000000000083e+00 1.764100000000000001e+00 9.620000000000000773e-02 8.644999999999999907e-02
2.582300000000000040e+00 1.764100000000000001e+00 9.190000000000000946e-02 8.559999999999999554e-02
2.745899999999999785e+00 1.764100000000000001e+00 9.925000000000000488e-02 9.915000000000000202e-02
2.909600000000000186e+00 1.764100000000000001e+00 1.014000000000000040e-01 1.005999999999999950e-01
3.073199999999999932e+00 1.764100000000000001e+00 9.945000000000001061e-02 1.005500000000000005e-01
3.236800000000000122e+00 1.764100000000000001e+00 9.479999999999999538e-02 9.940000000000000224e-02
3.400500000000000078e+00 1.764100000000000001e+00 9.890000000000000180e-02 1.057499999999999968e-01
3.564099999999999824e+00 1.764100000000000001e+00 9.679999999999999716e-02 1.072999999999999926e-01
3.727799999999999780e+00 1.764100000000000001e+00 9.775000000000000355e-02 1.110000000000000014e-01
3.891399999999999970e+00 1.764100000000000001e+00 9.539999999999999869e-02 1.169999999999999929e-01
4.055100000000000371e+00 1.764100000000000001e+00 9.064999999999999447e-02 1.190999999999999975e-01
4.218700000000000117e+00 1.764100000000000001e+00 9.264999999999999625e-02 1.161500000000000032e-01
4.382299999999999862e+00 1.764100000000000001e+00 9.545000000000000706e-02 1.122999999999999970e-01
4.546000000000000263e+00 1.764100000000000001e+00 9.249999999999999889e-02 1.164000000000000035e-01
4.709600000000000009e+00 1.764100000000000001e+00 9.224999999999999867e-02 1.231500000000000095e-01
4.873300000000000409e+00 1.764100000000000001e+00 9.029999999999999138e-02 1.232000000000000040e-01
5.036900000000000155e+00 1.764100000000000001e+00 8.540000000000000369e-02 1.246500000000000108e-01
5.200599999999999667e+00 1.764100000000000001e+00 8.394999999999999685e-02 1.303999999999999881e-01
5.364200000000000301e+00 1.764100000000000001e+00 8.724999999999999423e-02 1.282500000000000029e-01
5.527800000000000047e+00 1.764100000000000001e+00 8.665000000000000480e-02 1.279000000000000137e-01
5.691499999999999559e+00 1.764100000000000001e+00 9.020000000000000240e-02 1.365000000000000102e-01
5.855100000000000193e+00 1.764100000000000001e+00 8.530000000000000082e-02 1.361999999999999877e-01
6.018799999999999706e+00 1.764100000000000001e+00 8.715000000000000524e-02 1.497999999999999887e-01
6.182400000000000340e+00 1.764100000000000001e+00 8.685000000000001052e-02 1.534500000000000031e-01
6.346099999999999852e+00 1.764100000000000001e+00 8.880000000000000393e-02 1.439499999999999946e-01
6.509699999999999598e+00 1.764100000000000001e+00 9.185000000000000109e-02 1.449000000000000010e-01
6.673300000000000232e+00 1.764100000000000001e+00 9.764999999999998681e-02 1.371499999999999941e-01
6.836999999999999744e+00 1.764100000000000001e+00 9.575000000000000178e-02 1.401000000000000023e-01
7.000600000000000378e+00 1.764100000000000001e+00 9.594999999999999363e-02 1.393000000000000071e-01
7.164299999999999891e+00 1.764100000000000001e+00 1.054999999999999966e-01 1.406000000000000028e-01
7.327899999999999636e+00 1.764100000000000001e+00 1.122999999999999970e-01 1.347000000000000142e-01
1.275999999999999912e-01 1.600400000000000045e+00 1.271499999999999853e-01 6.095000000000000417e-02
2.913000000000000034e-01 1.600400000000000045e+00 1.193499999999999978e-01 6.919999999999999762e-02
4.549000000000000266e-01 1.600400000000000045e+00 1.217999999999999916e-01 6.679999999999999827e-02
6.186000000000000387e-01 1.600400000000000045e+00 1.119500000000000078e-01 6.565000000000000002e-02
7.822000000000000064e-01 1.600400000000000045e+00 1.100000000000000006e-01 7.069999999999999896e-02
9.458999999999999631e-01 1.600400000000000045e+00 1.023000000000000020e-01 7.165000000000000535e-02
1.109499999999999931e+00 1.600400000000000045e+00 1.079500000000000043e-01 7.240000000000000602e-02
1.273099999999999898e+00 1.600400000000000045e+00 9.829999999999999849e-02 7.689999999999999614e-02
1.436800000000000077e+00 1.600400000000000045e+00 9.920000000000001039e-02 8.525000000000000633e-02
1.600400000000000045e+00 1.600400000000000045e+00 1.018999999999999906e-01 8.555000000000000104e-02
1.764100000000000001e+00 1.600400000000000045e+00 9.564999999999999891e-02 8.474999999999999201e-02
1.927699999999999969e+00 1.600400000000000045e+00 9.504999999999999560e-02 8.784999999999999754e-02
2.091400000000000148e+00 1.600400000000000045e+00 9.975000000000000533e-02 9.694999999999999452e-02
2.254999999999999893e+00 1.600400000000000045e+00 1.069500000000000034e-01 1.026499999999999913e-01
2.418600000000000083e+00 1.600400000000000045e+00 1.055999999999999994e-01 1.053999999999999937e-01
2.582300000000000040e+00 1.600400000000000045e+00 1.013499999999999956e-01 1.045999999999999985e-01
2.745899999999999785e+00 1.600400000000000045e+00 1.016499999999999904e-01 1.113999999999999990e-01
2.909600000000000186e+00 1.600400000000000045e+00 9.909999999999999365e-02 1.105500000000000094e-01
3.073199999999999932e+00 1.600400000000000045e+00 9.670000000000000817e-02 1.164499999999999980e-01
3.236800000000000122e+00 1.600400000000000045e+00 9.675000000000000266e-02 1.168000000000000010e-01
3.400500000000000078e+00 1.600400000000000045e+00 9.654999999999999694e-02 1.242999999999999938e-01
3.564099999999999824e+00 1.600400000000000045e+00 9.564999999999999891e-02 1.262500000000000011e-01
3.727799999999999780e+00 1.600400000000000045e+00 9.750000000000000333e-02 1.249000000000000110e-01
3.891399999999999970e+00 1.600400000000000045e+00 9.804999999999999827e-02 1.242000000000000048e-01
4.055100000000000371e+00 1.600400000000000045e+00 9.079999999999999183e-02 1.335999999999999965e-01
4.218700000000000117e+00 1.600400000000000045e+00 9.074999999999999734e-02 1.386000000000000010e-01
4.382299999999999862e+00 1.600400000000000045e+00 8.449999999999999178e-02 1.368000000000000049e-01
4.546000000000000263e+00 1.600400000000000045e+00 8.690000000000000502e-02 1.403999999999999970e-01
4.709600000000000009e+00 1.600400000000000045e+00 8.704999999999998850e-02 1.426499999999999990e-01
4.873300000000000409e+00 1.600400000000000045e+00 8.400000000000000522e-02 1.445500000000000118e-01
5.036900000000000155e+00 1.600400000000000045e+00 8.644999999999999907e-02 1.542499999999999982e-01
5.200599999999999667e+00 1.600400000000000045e+00 8.469999999999999751e-02 1.534000000000000086e-01
5.364200000000000301e+00 1.600400000000000045e+00 8.644999999999999907e-02 1.446999999999999953e-01
5.527800000000000047e+00 1.600400000000000045e+00 8.404999999999999971e-02 1.628000000000000003e-01
5.691499999999999559e+00 1.600400000000000045e+00 8.569999999999999840e-02 1.733500000000000041e-01
5.855100000000000193e+00 1.600400000000000045e+00 8.179999999999999771e-02 1.728000000000000091e-01
6.018799999999999706e+00 1.600400000000000045e+00 8.210000000000000631e-02 1.769000000000000017e-01
6.182400000000000340e+00 1.600400000000000045e+00 8.474999999999999201e-02 1.832000000000000017e-01
6.346099999999999852e+00 1.600400000000000045e+00 8.565000000000000391e-02 1.828500000000000125e-01
6.509699999999999598e+00 1.600400000000000045e+00 8.820000000000000062e-02 1.894000000000000128e-01
6.673300000000000232e+00 1.600400000000000045e+00 1.024000000000000049e-01 1.776000000000000079e-01
6.836999999999999744e+00 1.600400000000000045e+00 9.454999999999999516e-02 1.298499999999999932e-01
7.000600000000000378e+00 1.600400000000000045e+00 1.025000000000000078e-01 1.794499999999999984e-01
7.164299999999999891e+00 1.600400000000000045e+00 1.182499999999999940e-01 1.814999999999999947e-01
7.327899999999999636e+00 1.600400000000000045e+00 1.238000000000000073e-01 1.695500000000000063e-01
1.275999999999999912e-01 1.436800000000000077e+00 1.190499999999999892e-01 7.015000000000000402e-02
2.913000000000000034e-01 1.436800000000000077e+00 1.141000000000000070e-01 6.684999999999999276e-02
4.549000000000000266e-01 1.436800000000000077e+00 1.190999999999999837e-01 7.295000000000000095e-02
6.186000000000000387e-01 1.436800000000000077e+00 1.116999999999999937e-01 7.189999999999999170e-02
7.822000000000000064e-01 1.436800000000000077e+00 1.044500000000000012e-01 8.039999999999999925e-02
9.458999999999999631e-01 1.436800000000000077e+00 9.875000000000000444e-02 7.414999999999999369e-02
1.109499999999999931e+00 1.436800000000000077e+00 1.107000000000000067e-01 8.759999999999999731e-02
1.273099999999999898e+00 1.436800000000000077e+00 9.859999999999999321e-02 8.624999999999999334e-02
1.436800000000000077e+00 1.436800000000000077e+00 9.229999999999999316e-02 9.900000000000000466e-02
1.600400000000000045e+00 1.436800000000000077e+00 9.534999999999999032e-02 1.010000000000000064e-01
1.764100000000000001e+00 1.436800000000000077e+00 1.034500000000000003e-01 1.061999999999999889e-01
1.927699999999999969e+00 1.436800000000000077e+00 9.884999999999999343e-02 1.097999999999999948e-01
2.091400000000000148e+00 1.436800000000000077e+00 9.970000000000001084e-02 1.123999999999999999e-01
2.254999999999999893e+00 1.436800000000000077e+00 1.009500000000000119e-01 1.161000000000000087e-01
2.418600000000000083e+00 1.436800000000000077e+00 1.013499999999999956e-01 1.198500000000000121e-01
2.582300000000000040e+00 1.436800000000000077e+00 9.894999999999999629e-02 1.283499999999999919e-01
2.745899999999999785e+00 1.436800000000000077e+00 9.735000000000000597e-02 1.318500000000000227e-01
2.909600000000000186e+00 1.436800000000000077e+00 9.495000000000000662e-02 1.342500000000000082e-01
3.073199999999999932e+00 1.436800000000000077e+00 9.554999999999999605e-02 1.355999999999999983e-01
3.236800000000000122e+00 1.436800000000000077e+00 9.650000000000000244e-02 1.413999999999999979e-01
3.400500000000000078e+00 1.436800000000000077e+00 9.620000000000000773e-02 1.433000000000000107e-01
3.564099999999999824e+00 1.436800000000000077e+00 9.729999999999999760e-02 1.423999999999999988e-01
3.727799999999999780e+00 1.436800000000000077e+00 9.445000000000000617e-02 1.494000000000000050e-01
3.891399999999999970e+00 1.436800000000000077e+00 9.634999999999999121e-02 1.469999999999999918e-01
4.055100000000000371e+00 1.436800000000000077e+00 9.005000000000000504e-02 1.489000000000000046e-01
4.218700000000000117e+00 1.436800000000000077e+00 8.930000000000000437e-02 1.517999999999999905e-01
4.382299999999999862e+00 1.436800000000000077e+00 8.499999999999999223e-02 1.539500000000000035e-01
4.546000000000000263e+00 1.436800000000000077e+00 8.429999999999999993e-02 1.617500000000000049e-01
4.709600000000000009e+00 1.436800000000000077e+00 8.599999999999999312e-02 1.663999999999999924e-01
4.873300000000000409e+00 1.436800000000000077e+00 7.994999999999999329e-02 1.696499999999999952e-01
5.036900000000000155e+00 1.436800000000000077e+00 8.225000000000000366e-02 1.768000000000000127e-01
5.200599999999999667e+00 1.436800000000000077e+00 7.664999999999999591e-02 1.744999999999999885e-01
5.364200000000000301e+00 1.436800000000000077e+00 8.149999999999998912e-02 1.759000000000000008e-01
5.527800000000000047e+00 1.436800000000000077e+00 7.705000000000000737e-02 1.864000000000000101e-01
5.691499999999999559e+00 1.436800000000000077e+00 8.274999999999999023e-02 1.919000000000000150e-01
5.855100000000000193e+00 1.436800000000000077e+00 8.055000000000001048e-02 1.970999999999999974e-01
6.018799999999999706e+00 1.436800000000000077e+00 8.740000000000000546e-02 2.001999999999999891e-01
6.182400000000000340e+00 1.436800000000000077e+00 9.135000000000000064e-02 2.013000000000000067e-01
6.346099999999999852e+00 1.436800000000000077e+00 9.064999999999999447e-02 2.149999999999999967e-01
6.509699999999999598e+00 1.436800000000000077e+00 8.719999999999999973e-02 2.245999999999999941e-01
6.673300000000000232e+00 1.436800000000000077e+00 9.639999999999998570e-02 2.132499999999999951e-01
6.836999999999999744e+00 1.436800000000000077e+00 9.285000000000000198e-02 1.702499999999999847e-01
7.000600000000000378e+00 1.436800000000000077e+00 1.101499999999999979e-01 2.255499999999999727e-01
7.164299999999999891e+00 1.436800000000000077e+00 1.189999999999999947e-01 2.297500000000000098e-01
7.327899999999999636e+00 1.436800000000000077e+00 1.290499999999999980e-01 2.098000000000000143e-01
1.275999999999999912e-01 1.273099999999999898e+00 9.719999999999999474e-02 7.374999999999999611e-02
2.913000000000000034e-01 1.273099999999999898e+00 9.195000000000000395e-02 6.964999999999998970e-02
4.549000000000000266e-01 1.273099999999999898e+00 1.047500000000000098e-01 7.835000000000000298e-02
6.186000000000000387e-01 1.273099999999999898e+00 1.064999999999999974e-01 7.804999999999999438e-02
7.822000000000000064e-01 1.273099999999999898e+00 9.564999999999999891e-02 8.980000000000000482e-02
9.458999999999999631e-01 1.273099999999999898e+00 8.990000000000000768e-02 8.419999999999999707e-02
1.109499999999999931e+00 1.273099999999999898e+00 1.002000000000000113e-01 1.038000000000000034e-01
1.273099999999999898e+00 1.273099999999999898e+00 1.053000000000000047e-01 1.154000000000000026e-01
1.436800000000000077e+00 1.273099999999999898e+00 1.053999999999999937e-01 1.222000000000000031e-01
1.600400000000000045e+00 1.273099999999999898e+00 1.019499999999999990e-01 1.241000000000000020e-01
1.764100000000000001e+00 1.273099999999999898e+00 9.994999999999999718e-02 1.315500000000000003e-01
1.927699999999999969e+00 1.273099999999999898e+00 9.600000000000000200e-02 1.374500000000000166e-01
2.091400000000000148e+00 1.273099999999999898e+00 9.420000000000000595e-02 1.334000000000000186e-01
2.254999999999999893e+00 1.273099999999999898e+00 9.395000000000000573e-02 1.263500000000000179e-01
2.418600000000000083e+00 1.273099999999999898e+00 9.775000000000000355e-02 1.426499999999999990e-01
2.582300000000000040e+00 1.273099999999999898e+00 9.654999999999999694e-02 1.481500000000000039e-01
2.745899999999999785e+00 1.273099999999999898e+00 9.734999999999999210e-02 1.523500000000000132e-01
2.909600000000000186e+00 1.273099999999999898e+00 9.295000000000000484e-02 1.585000000000000020e-01
3.073199999999999932e+00 1.273099999999999898e+00 9.445000000000000617e-02 1.507000000000000006e-01
3.236800000000000122e+00 1.273099999999999898e+00 9.329999999999999405e-02 1.702500000000000124e-01
3.400500000000000078e+00 1.273099999999999898e+00 9.004999999999999116e-02 1.720500000000000085e-01
3.564099999999999824e+00 1.273099999999999898e+00 9.190000000000000946e-02 1.819500000000000006e-01
3.727799999999999780e+00 1.273099999999999898e+00 9.064999999999999447e-02 1.739500000000000213e-01
3.891399999999999970e+00 1.273099999999999898e+00 8.744999999999999996e-02 1.774000000000000021e-01
4.055100000000000371e+00 1.273099999999999898e+00 8.379999999999999949e-02 1.847499999999999976e-01
4.218700000000000117e+00 1.273099999999999898e+00 8.354999999999999927e-02 1.880000000000000004e-01
4.382299999999999862e+00 1.273099999999999898e+00 8.565000000000000391e-02 1.859999999999999987e-01
4.546000000000000263e+00 1.273099999999999898e+00 8.144999999999999463e-02 1.882500000000000007e-01
4.709600000000000009e+00 1.273099999999999898e+00 7.875000000000000056e-02 1.988499999999999712e-01
4.873300000000000409e+00 1.273099999999999898e+00 7.580000000000000626e-02 1.925000000000000044e-01
5.036900000000000155e+00 1.273099999999999898e+00 8.049999999999998823e-02 1.817500000000000226e-01
5.200599999999999667e+00 1.273099999999999898e+00 7.535000000000000031e-02 2.013000000000000067e-01
5.364200000000000301e+00 1.273099999999999898e+00 6.965000000000000357e-02 2.211499999999999855e-01
5.527800000000000047e+00 1.273099999999999898e+00 7.039999999999999036e-02 2.306000000000000272e-01
5.691499999999999559e+00 1.273099999999999898e+00 7.739999999999999658e-02 2.205000000000000016e-01
5.855100000000000193e+00 1.273099999999999898e+00 7.464999999999999414e-02 2.291999999999999871e-01
6.018799999999999706e+00 1.273099999999999898e+00 8.154999999999999749e-02 2.434999999999999942e-01
6.182400000000000340e+00 1.273099999999999898e+00 8.304999999999999882e-02 2.341000000000000025e-01
6.346099999999999852e+00 1.273099999999999898e+00 8.920000000000000151e-02 2.367500000000000160e-01
6.509699999999999598e+00 1.273099999999999898e+00 8.549999999999999267e-02 2.528500000000000192e-01
6.673300000000000232e+00 1.273099999999999898e+00 9.460000000000000353e-02 2.515000000000000013e-01
6.836999999999999744e+00 1.273099999999999898e+00 9.604999999999999649e-02 2.736500000000000044e-01
7.000600000000000378e+00 1.273099999999999898e+00 1.071499999999999952e-01 2.665000000000000147e-01
7.164299999999999891e+00 1.273099999999999898e+00 1.258499999999999897e-01 2.731000000000000094e-01
7.327899999999999636e+00 1.273099999999999898e+00 1.274500000000000077e-01 2.670500000000000096e-01
1.275999999999999912e-01 1.109499999999999931e+00 1.089499999999999913e-01 9.220000000000000417e-02
2.913000000000000034e-01 1.109499999999999931e+00 1.086499999999999966e-01 1.028000000000000025e-01
4.549000000000000266e-01 1.109499999999999931e+00 1.081499999999999961e-01 1.054500000000000021e-01
6.186000000000000387e-01 1.109499999999999931e+00 1.055999999999999994e-01 1.058499999999999996e-01
7.822000000000000064e-01 1.109499999999999931e+00 1.002500000000000058e-01 1.197000000000000008e-01
9.458999999999999631e-01 1.109499999999999931e+00 1.035999999999999976e-01 1.217499999999999971e-01
1.109499999999999931e+00 1.109499999999999931e+00 1.002500000000000058e-01 1.209500000000000020e-01
1.273099999999999898e+00 1.109499999999999931e+00 1.007500000000000062e-01 1.371499999999999941e-01
1.436800000000000077e+00 1.109499999999999931e+00 1.001499999999999890e-01 1.452499999999999902e-01
1.600400000000000045e+00 1.109499999999999931e+00 9.909999999999999365e-02 1.462499999999999911e-01
1.764100000000000001e+00 1.109499999999999931e+00 9.754999999999999782e-02 1.524000000000000077e-01
1.927699999999999969e+00 1.109499999999999931e+00 9.500000000000000111e-02 1.532000000000000028e-01
2.091400000000000148e+00 1.109499999999999931e+00 9.304999999999999383e-02 1.525499999999999912e-01
2.254999999999999893e+00 1.109499999999999931e+00 9.595000000000000751e-02 1.653000000000000025e-01
2.418600000000000083e+00 1.109499999999999931e+00 9.675000000000000266e-02 1.739499999999999935e-01
2.582300000000000040e+00 1.109499999999999931e+00 9.439999999999999780e-02 1.756500000000000006e-01
2.745899999999999785e+00 1.109499999999999931e+00 9.414999999999999758e-02 1.801499999999999768e-01
2.909600000000000186e+00 1.109499999999999931e+00 9.254999999999999338e-02 1.887999999999999956e-01
3.073199999999999932e+00 1.109499999999999931e+00 9.585000000000000464e-02 1.917000000000000093e-01
3.236800000000000122e+00 1.109499999999999931e+00 9.259999999999998788e-02 1.980000000000000093e-01
3.400500000000000078e+00 1.109499999999999931e+00 9.359999999999998876e-02 2.069999999999999896e-01
3.564099999999999824e+00 1.109499999999999931e+00 9.204999999999999294e-02 2.042999999999999816e-01
3.727799999999999780e+00 1.109499999999999931e+00 8.569999999999999840e-02 1.946500000000000175e-01
3.891399999999999970e+00 1.109499999999999931e+00 8.390000000000000235e-02 2.006499999999999950e-01
4.055100000000000371e+00 1.109499999999999931e+00 8.774999999999999467e-02 2.081500000000000017e-01
4.218700000000000117e+00 1.109499999999999931e+00 8.260000000000000675e-02 2.214999999999999747e-01
4.382299999999999862e+00 1.109499999999999931e+00 7.764999999999999680e-02 2.321000000000000008e-01
4.546000000000000263e+00 1.109499999999999931e+00 7.730000000000000759e-02 2.283499999999999974e-01
4.709600000000000009e+00 1.109499999999999931e+00 7.544999999999998930e-02 2.320500000000000063e-01
4.873300000000000409e+00 1.109499999999999931e+00 7.474999999999999700e-02 2.123000000000000165e-01
5.036900000000000155e+00 1.109499999999999931e+00 7.280000000000000360e-02 2.112499999999999933e-01
5.200599999999999667e+00 1.109499999999999931e+00 6.545000000000000817e-02 2.424000000000000044e-01
5.364200000000000301e+00 1.109499999999999931e+00 6.400000000000000133e-02 2.571999999999999842e-01
5.527800000000000047e+00 1.109499999999999931e+00 5.929999999999999855e-02 2.715000000000000191e-01
5.691499999999999559e+00 1.109499999999999931e+00 6.074999999999999845e-02 2.767000000000000015e-01
5.855100000000000193e+00 1.109499999999999931e+00 6.934999999999999498e-02 2.753999999999999782e-01
6.018799999999999706e+00 1.109499999999999931e+00 7.159999999999999698e-02 2.802999999999999936e-01
6.182400000000000340e+00 1.109499999999999931e+00 8.155000000000001137e-02 2.540000000000000036e-01
6.346099999999999852e+00 1.109499999999999931e+00 8.290000000000000147e-02 2.692499999999999893e-01
6.509699999999999598e+00 1.109499999999999931e+00 7.730000000000000759e-02 3.146499999999999853e-01
6.673300000000000232e+00 1.109499999999999931e+00 9.775000000000000355e-02 3.136499999999999844e-01
6.836999999999999744e+00 1.109499999999999931e+00 9.670000000000000817e-02 3.104999999999999982e-01
7.000600000000000378e+00 1.109499999999999931e+00 1.159999999999999920e-01 2.941500000000000226e-01
7.164299999999999891e+00 1.109499999999999931e+00 1.130500000000000116e-01 3.363999999999999768e-01
7.327899999999999636e+00 1.109499999999999931e+00 1.214999999999999969e-01 3.173000000000000265e-01
1.275999999999999912e-01 9.458999999999999631e-01 1.244500000000000051e-01 1.101499999999999979e-01
2.913000000000000034e-01 9.458999999999999631e-01 1.163500000000000090e-01 1.128000000000000114e-01
4.549000000000000266e-01 9.458999999999999631e-01 1.093000000000000083e-01 1.196500000000000064e-01
6.186000000000000387e-01 9.458999999999999631e-01 1.030500000000000027e-01 1.201500000000000068e-01
7.822000000000000064e-01 9.458999999999999631e-01 9.940000000000000224e-02 1.398999999999999966e-01
9.458999999999999631e-01 9.458999999999999631e-01 9.595000000000000751e-02 1.487499999999999933e-01
1.109499999999999931e+00 9.458999999999999631e-01 9.349999999999999978e-02 1.492499999999999938e-01
1.273099999999999898e+00 9.458999999999999631e-01 9.619999999999999385e-02 1.590000000000000024e-01
1.436800000000000077e+00 9.458999999999999631e-01 9.190000000000000946e-02 1.629500000000000115e-01
1.600400000000000045e+00 9.458999999999999631e-01 9.324999999999999956e-02 1.803500000000000103e-01
1.764100000000000001e+00 9.458999999999999631e-01 9.495000000000000662e-02 1.910499999999999976e-01
1.927699999999999969e+00 9.458999999999999631e-01 9.645000000000000795e-02 1.833999999999999797e-01
2.091400000000000148e+00 9.458999999999999631e-01 9.320000000000000506e-02 1.884500000000000064e-01
2.254999999999999893e+00 9.458999999999999631e-01 9.274999999999999911e-02 2.001999999999999891e-01
2.418600000000000083e+00 9.458999999999999631e-01 9.525000000000000133e-02 1.968000000000000027e-01
2.582300000000000040e+00 9.458999999999999631e-01 9.309999999999998832e-02 2.040500000000000091e-01
2.745899999999999785e+00 9.458999999999999631e-01 9.560000000000000442e-02 2.062999999999999834e-01
2.909600000000000186e+00 9.458999999999999631e-01 9.210000000000000131e-02 2.157000000000000028e-01
3.073199999999999932e+00 9.458999999999999631e-01 8.735000000000001097e-02 2.202500000000000013e-01
3.236800000000000122e+00 9.458999999999999631e-01 8.865000000000000657e-02 2.127999999999999892e-01
3.400500000000000078e+00 9.458999999999999631e-01 8.980000000000000482e-02 2.255999999999999950e-01
3.564099999999999824e+00 9.458999999999999631e-01 8.884999999999999842e-02 2.234000000000000152e-01
3.727799999999999780e+00 9.458999999999999631e-01 8.044999999999999374e-02 2.276999999999999857e-01
3.891399999999999970e+00 9.458999999999999631e-01 8.390000000000000235e-02 2.426999999999999991e-01
4.055100000000000371e+00 9.458999999999999631e-01 8.085000000000000520e-02 2.463000000000000189e-01
4.218700000000000117e+00 9.458999999999999631e-01 8.244999999999999551e-02 2.578499999999999681e-01
4.382299999999999862e+00 9.458999999999999631e-01 7.669999999999999041e-02 2.603499999999999703e-01
4.546000000000000263e+00 9.458999999999999631e-01 6.535000000000000531e-02 2.741500000000000048e-01
4.709600000000000009e+00 9.458999999999999631e-01 6.890000000000000291e-02 2.679500000000000215e-01
4.873300000000000409e+00 9.458999999999999631e-01 6.840000000000000246e-02 2.602499999999999813e-01
5.036900000000000155e+00 9.458999999999999631e-01 6.590000000000000024e-02 2.594000000000000195e-01
5.200599999999999667e+00 9.458999999999999631e-01 5.319999999999999729e-02 2.773499999999999854e-01
5.364200000000000301e+00 9.458999999999999631e-01 4.750000000000000056e-02 3.040999999999999814e-01
5.527800000000000047e+00 9.458999999999999631e-01 5.009999999999999870e-02 3.065499999999999892e-01
5.691499999999999559e+00 9.458999999999999631e-01 5.385000000000000203e-02 3.098000000000000198e-01
5.855100000000000193e+00 9.458999999999999631e-01 5.989999999999999492e-02 3.346500000000000030e-01
6.018799999999999706e+00 9.458999999999999631e-01 5.705000000000000349e-02 3.571999999999999620e-01
6.182400000000000340e+00 9.458999999999999631e-01 6.375000000000000111e-02 3.642000000000000237e-01
6.346099999999999852e+00 9.458999999999999631e-01 7.850000000000000033e-02 3.672500000000000209e-01
6.509699999999999598e+00 9.458999999999999631e-01 8.244999999999999551e-02 3.237499999999999822e-01
6.673300000000000232e+00 9.458999999999999631e-01 9.304999999999999383e-02 3.445500000000000229e-01
6.836999999999999744e+00 9.458999999999999631e-01 9.735000000000000597e-02 3.911999999999999922e-01
7.000600000000000378e+00 9.458999999999999631e-01 1.255499999999999949e-01 3.451500000000000123e-01
7.164299999999999891e+00 9.458999999999999631e-01 1.345999999999999974e-01 4.492000000000000437e-01
7.327899999999999636e+00 9.458999999999999631e-01 5.069999999999999507e-02 1.378999999999999948e-01
1.275999999999999912e-01 7.822000000000000064e-01 1.064500000000000030e-01 1.227000000000000035e-01
2.913000000000000034e-01 7.822000000000000064e-01 1.003999999999999893e-01 1.265000000000000013e-01
4.549000000000000266e-01 7.822000000000000064e-01 1.004499999999999976e-01 1.474000000000000032e-01
6.186000000000000387e-01 7.822000000000000064e-01 9.274999999999999911e-02 1.550499999999999934e-01
7.822000000000000064e-01 7.822000000000000064e-01 9.404999999999999472e-02 1.613499999999999934e-01
9.458999999999999631e-01 7.822000000000000064e-01 8.190000000000000058e-02 1.655000000000000082e-01
1.109499999999999931e+00 7.822000000000000064e-01 7.655000000000000693e-02 1.681999999999999884e-01
1.273099999999999898e+00 7.822000000000000064e-01 8.940000000000000724e-02 1.783500000000000085e-01
1.436800000000000077e+00 7.822000000000000064e-01 8.660000000000001030e-02 2.017499999999999849e-01
1.600400000000000045e+00 7.822000000000000064e-01 8.024999999999998801e-02 2.120500000000000163e-01
1.764100000000000001e+00 7.822000000000000064e-01 8.180000000000001159e-02 2.084000000000000297e-01
1.927699999999999969e+00 7.822000000000000064e-01 8.680000000000000215e-02 2.236000000000000210e-01
2.091400000000000148e+00 7.822000000000000064e-01 8.765000000000000568e-02 2.395499999999999852e-01
2.254999999999999893e+00 7.822000000000000064e-01 8.770000000000000018e-02 2.368000000000000105e-01
2.418600000000000083e+00 7.822000000000000064e-01 9.104999999999999205e-02 2.219500000000000084e-01
2.582300000000000040e+00 7.822000000000000064e-01 8.865000000000000657e-02 2.305999999999999994e-01
2.745899999999999785e+00 7.822000000000000064e-01 9.095000000000000306e-02 2.434499999999999997e-01
2.909600000000000186e+00 7.822000000000000064e-01 9.454999999999999516e-02 2.478500000000000147e-01
3.073199999999999932e+00 7.822000000000000064e-01 9.650000000000000244e-02 2.607500000000000373e-01
3.236800000000000122e+00 7.822000000000000064e-01 8.949999999999999623e-02 2.684500000000000219e-01
3.400500000000000078e+00 7.822000000000000064e-01 8.865000000000000657e-02 2.714499999999999691e-01
3.564099999999999824e+00 7.822000000000000064e-01 8.365000000000000213e-02 2.877500000000000058e-01
3.727799999999999780e+00 7.822000000000000064e-01 8.375000000000000500e-02 2.767999999999999905e-01
3.891399999999999970e+00 7.822000000000000064e-01 8.820000000000000062e-02 3.048000000000000154e-01
4.055100000000000371e+00 7.822000000000000064e-01 7.955000000000000959e-02 2.996999999999999664e-01
4.218700000000000117e+00 7.822000000000000064e-01 7.065000000000000446e-02 3.023000000000000131e-01
4.382299999999999862e+00 7.822000000000000064e-01 6.534999999999999143e-02 3.097500000000000253e-01
4.546000000000000263e+00 7.822000000000000064e-01 6.164999999999999647e-02 2.997000000000000219e-01
4.709600000000000009e+00 7.822000000000000064e-01 6.590000000000000024e-02 2.898499999999999965e-01
4.873300000000000409e+00 7.822000000000000064e-01 5.259999999999999398e-02 3.265000000000000124e-01
5.036900000000000155e+00 7.822000000000000064e-01 4.945000000000000090e-02 3.274500000000000188e-01
5.200599999999999667e+00 7.822000000000000064e-01 4.389999999999999458e-02 3.402499999999999969e-01
5.364200000000000301e+00 7.822000000000000064e-01 3.955000000000000182e-02 3.433499999999999885e-01
5.527800000000000047e+00 7.822000000000000064e-01 4.424999999999999767e-02 3.366999999999999993e-01
5.691499999999999559e+00 7.822000000000000064e-01 4.504999999999999977e-02 3.365500000000000158e-01
5.855100000000000193e+00 7.822000000000000064e-01 4.460000000000000075e-02 3.605499999999999816e-01
6.018799999999999706e+00 7.822000000000000064e-01 3.700000000000000511e-02 4.298499999999999543e-01
6.182400000000000340e+00 7.822000000000000064e-01 5.380000000000000060e-02 4.216500000000000248e-01
6.346099999999999852e+00 7.822000000000000064e-01 6.695000000000000950e-02 3.322499999999999898e-01
6.509699999999999598e+00 7.822000000000000064e-01 7.399999999999999634e-02 3.612499999999999600e-01
6.673300000000000232e+00 7.822000000000000064e-01 9.164999999999999536e-02 3.991000000000000103e-01
6.836999999999999744e+00 7.822000000000000064e-01 9.950000000000000511e-02 4.373000000000000220e-01
7.000600000000000378e+00 7.822000000000000064e-01 9.115000000000000879e-02 3.306499999999999995e-01
7.164299999999999891e+00 7.822000000000000064e-01 1.264000000000000123e-01 4.895500000000000407e-01
7.327899999999999636e+00 7.822000000000000064e-01 1.269000000000000128e-01 5.332500000000000018e-01
1.275999999999999912e-01 6.186000000000000387e-01 1.018000000000000016e-01 1.454000000000000015e-01
2.913000000000000034e-01 6.186000000000000387e-01 8.654999999999998805e-02 1.395000000000000129e-01
4.549000000000000266e-01 6.186000000000000387e-01 8.429999999999999993e-02 1.607000000000000095e-01
6.186000000000000387e-01 6.186000000000000387e-01 8.699999999999999400e-02 1.793500000000000094e-01
7.822000000000000064e-01 6.186000000000000387e-01 8.235000000000000653e-02 1.892499999999999738e-01
9.458999999999999631e-01 6.186000000000000387e-01 7.719999999999999085e-02 1.958000000000000018e-01
1.109499999999999931e+00 6.186000000000000387e-01 7.300000000000000933e-02 1.982000000000000151e-01
1.273099999999999898e+00 6.186000000000000387e-01 7.619999999999998996e-02 2.260999999999999954e-01
1.436800000000000077e+00 6.186000000000000387e-01 8.765000000000000568e-02 2.504000000000000115e-01
1.600400000000000045e+00 6.186000000000000387e-01 8.135000000000000564e-02 2.397499999999999909e-01
1.764100000000000001e+00 6.186000000000000387e-01 7.660000000000000142e-02 2.429499999999999993e-01
1.927699999999999969e+00 6.186000000000000387e-01 8.795000000000000040e-02 2.626499999999999946e-01
2.091400000000000148e+00 6.186000000000000387e-01 8.440000000000000280e-02 2.743499999999999828e-01
2.254999999999999893e+00 6.186000000000000387e-01 8.409999999999999420e-02 2.812000000000000055e-01
2.418600000000000083e+00 6.186000000000000387e-01 8.584999999999999576e-02 2.795500000000000207e-01
2.582300000000000040e+00 6.186000000000000387e-01 8.299999999999999045e-02 2.720000000000000195e-01
2.745899999999999785e+00 6.186000000000000387e-01 8.549999999999999267e-02 2.836499999999999577e-01
2.909600000000000186e+00 6.186000000000000387e-01 8.615000000000000435e-02 2.733499999999999819e-01
3.073199999999999932e+00 6.186000000000000387e-01 8.774999999999999467e-02 3.185000000000000053e-01
3.236800000000000122e+00 6.186000000000000387e-01 8.335000000000000742e-02 3.054000000000000048e-01
3.400500000000000078e+00 6.186000000000000387e-01 8.569999999999999840e-02 3.322499999999999898e-01
3.564099999999999824e+00 6.186000000000000387e-01 8.044999999999999374e-02 3.534499999999999864e-01
3.727799999999999780e+00 6.186000000000000387e-01 7.905000000000000915e-02 3.450500000000000234e-01
3.891399999999999970e+00 6.186000000000000387e-01 7.980000000000000981e-02 3.416000000000000147e-01
4.055100000000000371e+00 6.186000000000000387e-01 7.369999999999998774e-02 3.487500000000000044e-01
4.218700000000000117e+00 6.186000000000000387e-01 6.870000000000001106e-02 3.402499999999999969e-01
4.382299999999999862e+00 6.186000000000000387e-01 6.435000000000000442e-02 3.488999999999999879e-01
4.546000000000000263e+00 6.186000000000000387e-01 5.630000000000000282e-02 3.681999999999999718e-01
4.709600000000000009e+00 6.186000000000000387e-01 4.080000000000000293e-02 3.944500000000000228e-01
4.873300000000000409e+00 6.186000000000000387e-01 3.549999999999999684e-02 3.850500000000000034e-01
5.036900000000000155e+00 6.186000000000000387e-01 3.225000000000000089e-02 3.838500000000000245e-01
5.200599999999999667e+00 6.186000000000000387e-01 3.600000000000000422e-02 4.078499999999999903e-01
5.364200000000000301e+00 6.186000000000000387e-01 3.774999999999999883e-02 3.840500000000000025e-01
5.527800000000000047e+00 6.186000000000000387e-01 1.345000000000000015e-02 4.518500000000000294e-01
5.691499999999999559e+00 6.186000000000000387e-01 4.075000000000000150e-02 3.879000000000000226e-01
5.855100000000000193e+00 6.186000000000000387e-01 2.274999999999999939e-02 4.512000000000000455e-01
6.018799999999999706e+00 6.186000000000000387e-01 2.069999999999999965e-02 4.670499999999999652e-01
6.182400000000000340e+00 6.186000000000000387e-01 5.575000000000000094e-02 2.779000000000000359e-01
6.346099999999999852e+00 6.186000000000000387e-01 6.174999999999999933e-02 2.890999999999999681e-01
6.509699999999999598e+00 6.186000000000000387e-01 6.550000000000000266e-02 4.025499999999999634e-01
6.673300000000000232e+00 6.186000000000000387e-01 6.980000000000000093e-02 5.026000000000000467e-01
6.836999999999999744e+00 6.186000000000000387e-01 9.254999999999999338e-02 4.389500000000000068e-01
7.000600000000000378e+00 6.186000000000000387e-01 1.064499999999999891e-01 4.270500000000000407e-01
7.164299999999999891e+00 6.186000000000000387e-01 8.399999999999999134e-02 3.756500000000000394e-01
7.327899999999999636e+00 6.186000000000000387e-01 1.433999999999999997e-01 5.765500000000000069e-01
1.275999999999999912e-01 4.549000000000000266e-01 9.969999999999999696e-02 1.801000000000000101e-01
2.913000000000000034e-01 4.549000000000000266e-01 9.324999999999999956e-02 1.957000000000000128e-01
4.549000000000000266e-01 4.549000000000000266e-01 7.524999999999999745e-02 1.986499999999999932e-01
6.186000000000000387e-01 4.549000000000000266e-01 6.789999999999998814e-02 2.078499999999999792e-01
7.822000000000000064e-01 4.549000000000000266e-01 7.484999999999999987e-02 2.276000000000000245e-01
9.458999999999999631e-01 4.549000000000000266e-01 7.275000000000000910e-02 2.336500000000000243e-01
1.109499999999999931e+00 4.549000000000000266e-01 6.625000000000000333e-02 2.454999999999999960e-01
1.273099999999999898e+00 4.549000000000000266e-01 6.579999999999999738e-02 2.781000000000000139e-01
1.436800000000000077e+00 4.549000000000000266e-01 6.779999999999999916e-02 2.878999999999999893e-01
1.600400000000000045e+00 4.549000000000000266e-01 7.224999999999999478e-02 2.790000000000000258e-01
1.764100000000000001e+00 4.549000000000000266e-01 7.380000000000000449e-02 2.902500000000000080e-01
1.927699999999999969e+00 4.549000000000000266e-01 6.794999999999999651e-02 3.011500000000000288e-01
2.091400000000000148e+00 4.549000000000000266e-01 7.409999999999999920e-02 3.164000000000000146e-01
2.254999999999999893e+00 4.549000000000000266e-01 7.530000000000000582e-02 3.252999999999999781e-01
2.418600000000000083e+00 4.549000000000000266e-01 8.140000000000000013e-02 3.228499999999999703e-01
2.582300000000000040e+00 4.549000000000000266e-01 7.799999999999999989e-02 3.428999999999999826e-01
2.745899999999999785e+00 4.549000000000000266e-01 8.515000000000000346e-02 3.395000000000000240e-01
2.909600000000000186e+00 4.549000000000000266e-01 8.114999999999999991e-02 3.412499999999999978e-01
3.073199999999999932e+00 4.549000000000000266e-01 8.014999999999999902e-02 3.709000000000000075e-01
3.236800000000000122e+00 4.549000000000000266e-01 8.304999999999999882e-02 3.726999999999999758e-01
3.400500000000000078e+00 4.549000000000000266e-01 9.479999999999999538e-02 3.645999999999999797e-01
3.564099999999999824e+00 4.549000000000000266e-01 7.670000000000000429e-02 3.845999999999999974e-01
3.727799999999999780e+00 4.549000000000000266e-01 7.710000000000000187e-02 3.721499999999999808e-01
3.891399999999999970e+00 4.549000000000000266e-01 7.025000000000000688e-02 3.886999999999999900e-01
4.055100000000000371e+00 4.549000000000000266e-01 6.264999999999999736e-02 3.876499999999999946e-01
4.218700000000000117e+00 4.549000000000000266e-01 6.570000000000000839e-02 3.675499999999999878e-01
4.382299999999999862e+00 4.549000000000000266e-01 6.114999999999999603e-02 3.922999999999999821e-01
4.546000000000000263e+00 4.549000000000000266e-01 5.169999999999999596e-02 3.886000000000000010e-01
4.709600000000000009e+00 4.549000000000000266e-01 4.465000000000000219e-02 4.306499999999999773e-01
4.873300000000000409e+00 4.549000000000000266e-01 3.499999999999999639e-02 3.954499999999999682e-01
5.036900000000000155e+00 4.549000000000000266e-01 2.990000000000000296e-02 4.394500000000000073e-01
5.200599999999999667e+00 4.549000000000000266e-01 3.325000000000000178e-02 4.858500000000000041e-01
5.364200000000000301e+00 4.549000000000000266e-01 3.395000000000000101e-02 3.874500000000000166e-01
5.527800000000000047e+00 4.549000000000000266e-01 3.304999999999999605e-02 3.847999999999999754e-01
5.691499999999999559e+00 4.549000000000000266e-01 2.160000000000000114e-02 4.205999999999999739e-01
5.855100000000000193e+00 4.549000000000000266e-01 3.500000000000000073e-03 5.201000000000000068e-01
6.018799999999999706e+00 4.549000000000000266e-01 1.594999999999999890e-02 5.184999999999999609e-01
6.182400000000000340e+00 4.549000000000000266e-01 4.630000000000000088e-02 3.531000000000000250e-01
6.346099999999999852e+00 4.549000000000000266e-01 4.390000000000000152e-02 3.283500000000000307e-01
6.509699999999999598e+00 4.549000000000000266e-01 4.985000000000000542e-02 3.407999999999999918e-01
6.673300000000000232e+00 4.549000000000000266e-01 5.119999999999999551e-02 3.829500000000000126e-01
6.836999999999999744e+00 4.549000000000000266e-01 7.134999999999999676e-02 3.318499999999999783e-01
7.000600000000000378e+00 4.549000000000000266e-01 7.669999999999999041e-02 3.442999999999999949e-01
7.164299999999999891e+00 4.549000000000000266e-01 7.770000000000000517e-02 3.586500000000000243e-01
7.327899999999999636e+00 4.549000000000000266e-01 7.910000000000000364e-02 3.818500000000000227e-01
1.275999999999999912e-01 2.913000000000000034e-01 7.024999999999999301e-02 1.962000000000000133e-01
2.913000000000000034e-01 2.913000000000000034e-01 6.404999999999999583e-02 2.147000000000000020e-01
4.549000000000000266e-01 2.913000000000000034e-01 5.924999999999999711e-02 2.328999999999999959e-01
6.186000000000000387e-01 2.913000000000000034e-01 5.169999999999999596e-02 2.434499999999999997e-01
7.822000000000000064e-01 2.913000000000000034e-01 5.714999999999999247e-02 2.636999999999999900e-01
9.458999999999999631e-01 2.913000000000000034e-01 4.750000000000000056e-02 2.749500000000000277e-01
1.109499999999999931e+00 2.913000000000000034e-01 4.950000000000000233e-02 2.845499999999999696e-01
1.273099999999999898e+00 2.913000000000000034e-01 4.810000000000000386e-02 3.019499999999999962e-01
1.436800000000000077e+00 2.913000000000000034e-01 4.655000000000000110e-02 3.063500000000000112e-01
1.600400000000000045e+00 2.913000000000000034e-01 5.179999999999999882e-02 2.918999999999999928e-01
1.764100000000000001e+00 2.913000000000000034e-01 5.960000000000000020e-02 2.948000000000000065e-01
1.927699999999999969e+00 2.913000000000000034e-01 5.359999999999999487e-02 3.441500000000000115e-01
2.091400000000000148e+00 2.913000000000000034e-01 5.534999999999999643e-02 3.722500000000000253e-01
2.254999999999999893e+00 2.913000000000000034e-01 6.139999999999999625e-02 3.560500000000000331e-01
2.418600000000000083e+00 2.913000000000000034e-01 6.734999999999999321e-02 3.636000000000000343e-01
2.582300000000000040e+00 2.913000000000000034e-01 6.745000000000000995e-02 3.954500000000000237e-01
2.745899999999999785e+00 2.913000000000000034e-01 6.550000000000000266e-02 4.244999999999999885e-01
2.909600000000000186e+00 2.913000000000000034e-01 6.970000000000001195e-02 4.315499999999999892e-01
3.073199999999999932e+00 2.913000000000000034e-01 7.655000000000000693e-02 4.288500000000000090e-01
3.236800000000000122e+00 2.913000000000000034e-01 7.040000000000000424e-02 4.067000000000000060e-01
3.400500000000000078e+00 2.913000000000000034e-01 7.764999999999999680e-02 3.460499999999999687e-01
3.564099999999999824e+00 2.913000000000000034e-01 6.199999999999999956e-02 4.428000000000000269e-01
3.727799999999999780e+00 2.913000000000000034e-01 6.660000000000000642e-02 4.585000000000000187e-01
3.891399999999999970e+00 2.913000000000000034e-01 5.815000000000000030e-02 4.634000000000000341e-01
4.055100000000000371e+00 2.913000000000000034e-01 4.800000000000000100e-02 4.629499999999999726e-01
4.218700000000000117e+00 2.913000000000000034e-01 3.810000000000000192e-02 4.730999999999999650e-01
4.382299999999999862e+00 2.913000000000000034e-01 2.685000000000000234e-02 4.573000000000000398e-01
4.546000000000000263e+00 2.913000000000000034e-01 4.524999999999999856e-02 3.807000000000000384e-01
4.709600000000000009e+00 2.913000000000000034e-01 3.865000000000000380e-02 4.313500000000000112e-01
4.873300000000000409e+00 2.913000000000000034e-01 3.434999999999999859e-02 3.858000000000000318e-01
5.036900000000000155e+00 2.913000000000000034e-01 2.125000000000000153e-02 4.555500000000000105e-01
5.200599999999999667e+00 2.913000000000000034e-01 2.564999999999999919e-02 4.636000000000000121e-01
5.364200000000000301e+00 2.913000000000000034e-01 2.929999999999999966e-02 4.062999999999999945e-01
5.527800000000000047e+00 2.913000000000000034e-01 2.825000000000000080e-02 4.107000000000000095e-01
5.691499999999999559e+00 2.913000000000000034e-01 1.315000000000000023e-02 5.349999999999999201e-01
5.855100000000000193e+00 2.913000000000000034e-01 3.749999999999999861e-03 5.187999999999999279e-01
6.018799999999999706e+00 2.913000000000000034e-01 2.895000000000000004e-02 3.772999999999999687e-01
6.182400000000000340e+00 2.913000000000000034e-01 3.194999999999999923e-02 3.618000000000000105e-01
6.346099999999999852e+00 2.913000000000000034e-01 4.479999999999999954e-02 3.333499999999999797e-01
6.509699999999999598e+00 2.913000000000000034e-01 1.265999999999999903e-01 -9.490000000000001212e-02
6.673300000000000232e+00 2.913000000000000034e-01 4.334999999999999964e-02 3.645499999999999852e-01
6.836999999999999744e+00 2.913000000000000034e-01 -1.145000000000000011e-02 5.850000000000000165e-03
7.000600000000000378e+00 2.913000000000000034e-01 6.179999999999999383e-02 3.150499999999999967e-01
7.164299999999999891e+00 2.913000000000000034e-01 3.205000000000000210e-02 2.143499999999999850e-01
7.327899999999999636e+00 2.913000000000000034e-01 -1.302500000000000047e-01 4.055000000000000271e-02
1.275999999999999912e-01 1.275999999999999912e-01 3.825000000000000622e-02 1.743000000000000105e-01
2.913000000000000034e-01 1.275999999999999912e-01 3.724999999999999839e-02 2.039999999999999869e-01
4.549000000000000266e-01 1.275999999999999912e-01 4.174999999999999545e-02 2.446499999999999786e-01
6.186000000000000387e-01 1.275999999999999912e-01 2.715000000000000052e-02 2.435499999999999887e-01
7.822000000000000064e-01 1.275999999999999912e-01 3.379999999999999671e-02 2.800000000000000266e-01
9.458999999999999631e-01 1.275999999999999912e-01 2.630000000000000046e-02 3.010500000000000398e-01
1.109499999999999931e+00 1.275999999999999912e-01 2.394999999999999907e-02 3.080499999999999905e-01
1.273099999999999898e+00 1.275999999999999912e-01 3.109999999999999917e-02 3.084999999999999964e-01
1.436800000000000077e+00 1.275999999999999912e-01 3.189999999999999780e-02 3.064000000000000057e-01
1.600400000000000045e+00 1.275999999999999912e-01 3.354999999999999649e-02 3.477999999999999980e-01
1.764100000000000001e+00 1.275999999999999912e-01 3.459999999999999881e-02 3.517500000000000071e-01
1.927699999999999969e+00 1.275999999999999912e-01 4.180000000000000382e-02 3.511499999999999622e-01
2.091400000000000148e+00 1.275999999999999912e-01 3.824999999999999928e-02 3.873000000000000331e-01
2.254999999999999893e+00 1.275999999999999912e-01 4.495000000000000384e-02 3.978500000000000369e-01
2.418600000000000083e+00 1.275999999999999912e-01 3.300000000000000155e-02 4.677000000000000046e-01
2.582300000000000040e+00 1.275999999999999912e-01 4.064999999999999863e-02 4.598000000000000420e-01
2.745899999999999785e+00 1.275999999999999912e-01 4.664999999999999702e-02 4.219499999999999917e-01
2.909600000000000186e+00 1.275999999999999912e-01 6.500000000000000222e-02 3.551499999999999657e-01
3.073199999999999932e+00 1.275999999999999912e-01 7.309999999999999831e-02 3.772999999999999687e-01
3.236800000000000122e+00 1.275999999999999912e-01 5.605000000000000260e-02 4.541499999999999981e-01
3.400500000000000078e+00 1.275999999999999912e-01 5.630000000000000282e-02 4.834499999999999909e-01
3.564099999999999824e+00 1.275999999999999912e-01 4.875000000000000167e-02 4.811999999999999611e-01
3.727799999999999780e+00 1.275999999999999912e-01 5.380000000000000060e-02 4.156499999999999639e-01
3.891399999999999970e+00 1.275999999999999912e-01 4.944999999999999396e-02 4.324000000000000066e-01
4.055100000000000371e+00 1.275999999999999912e-01 3.409999999999999837e-02 5.387499999999999512e-01
4.218700000000000117e+00 1.275999999999999912e-01 1.385000000000000120e-02 5.004999999999999449e-01
4.382299999999999862e+00 1.275999999999999912e-01 1.765000000000000249e-02 4.894499999999999962e-01
4.546000000000000263e+00 1.275999999999999912e-01 3.759999999999999454e-02 4.055499999999999661e-01
4.709600000000000009e+00 1.275999999999999912e-01 8.499999999999998876e-03 3.911499999999999977e-01
4.873300000000000409e+00 1.275999999999999912e-01 1.609999999999999973e-02 5.079000000000000181e-01
5.036900000000000155e+00 1.275999999999999912e-01 1.779999999999999985e-02 4.843000000000000083e-01
5.200599999999999667e+00 1.275999999999999912e-01 2.875000000000000125e-02 4.247999999999999554e-01
5.364200000000000301e+00 1.275999999999999912e-01 2.524999999999999814e-02 4.231999999999999651e-01
5.527800000000000047e+00 1.275999999999999912e-01 2.450000000000000094e-02 4.249499999999999389e-01
5.691499999999999559e+00 1.275999999999999912e-01 2.699999999999999969e-02 4.099499999999999811e-01
5.855100000000000193e+00 1.275999999999999912e-01 3.400000000000000244e-03 1.127000000000000085e-01
6.018799999999999706e+00 1.275999999999999912e-01 3.425000000000000266e-02 3.607500000000000151e-01
6.182400000000000340e+00 1.275999999999999912e-01 3.724999999999999839e-02 3.495999999999999663e-01
6.346099999999999852e+00 1.275999999999999912e-01 1.385000000000000120e-02 9.625000000000000222e-02
6.509699999999999598e+00 1.275999999999999912e-01 4.870000000000000023e-02 3.105499999999999927e-01
6.673300000000000232e+00 1.275999999999999912e-01 1.799999999999999864e-02 1.106999999999999929e-01
6.836999999999999744e+00 1.275999999999999912e-01 6.099999999999999520e-03 1.135499999999999982e-01
7.000600000000000378e+00 1.275999999999999912e-01 5.190000000000000169e-02 2.874999999999999778e-01
7.164299999999999891e+00 1.275999999999999912e-01 1.789999999999999925e-02 1.890499999999999958e-01
7.327899999999999636e+00 1.275999999999999912e-01 1.375000000000000007e-02 1.822499999999999953e-01
