1.275999999999999912e-01 1.927699999999999969e+00 9.054999999999999161e-02 4.845000000000000001e-02
2.913000000000000034e-01 1.927699999999999969e+00 8.154999999999999749e-02 4.900000000000000189e-02
4.549000000000000266e-01 1.927699999999999969e+00 8.469999999999999751e-02 4.385000000000000009e-02
6.186000000000000387e-01 1.927699999999999969e+00 9.600000000000000200e-02 4.689999999999999725e-02
7.822000000000000064e-01 1.927699999999999969e+00 9.725000000000000311e-02 4.495000000000000384e-02
9.458999999999999631e-01 1.927699999999999969e+00 9.149999999999999800e-02 4.694999999999999868e-02
1.109499999999999931e+00 1.927699999999999969e+00 8.980000000000000482e-02 5.115000000000000102e-02
1.273099999999999898e+00 1.927699999999999969e+00 8.719999999999999973e-02 6.040000000000000230e-02
1.436800000000000077e+00 1.927699999999999969e+00 8.190000000000000058e-02 6.479999999999999649e-02
1.600400000000000045e+00 1.927699999999999969e+00 7.710000000000000187e-02 6.410000000000000420e-02
1.764100000000000001e+00 1.927699999999999969e+00 7.645000000000000406e-02 6.590000000000000024e-02
1.927699999999999969e+00 1.927699999999999969e+00 7.630000000000000671e-02 6.765000000000000180e-02
2.091400000000000148e+00 1.927699999999999969e+00 7.015000000000000402e-02 7.424999999999999656e-02
2.254999999999999893e+00 1.927699999999999969e+00 7.234999999999999765e-02 7.950000000000000122e-02
2.418600000000000083e+00 1.927699999999999969e+00 7.025000000000000688e-02 7.985000000000000431e-02
2.582300000000000040e+00 1.927699999999999969e+00 6.840000000000000246e-02 8.970000000000000195e-02
2.745899999999999785e+00 1.927699999999999969e+00 6.625000000000000333e-02 9.299999999999999933e-02
2.909600000000000186e+00 1.927699999999999969e+00 6.890000000000000291e-02 9.554999999999999605e-02
3.073199999999999932e+00 1.927699999999999969e+00 6.594999999999999474e-02 9.299999999999999933e-02
3.236800000000000122e+00 1.927699999999999969e+00 6.754999999999999893e-02 9.919999999999999651e-02
3.400500000000000078e+00 1.927699999999999969e+00 6.590000000000000024e-02 1.005500000000000005e-01
3.564099999999999824e+00 1.927699999999999969e+00 6.064999999999999558e-02 1.015500000000000014e-01
3.727799999999999780e+00 1.927699999999999969e+00 6.004999999999999921e-02 1.129000000000000004e-01
3.891399999999999970e+00 1.927699999999999969e+00 5.799999999999999600e-02 1.115500000000000103e-01
4.055100000000000371e+00 1.927699999999999969e+00 6.135000000000000175e-02 1.156999999999999973e-01
4.218700000000000117e+00 1.927699999999999969e+00 6.069999999999999701e-02 1.116499999999999992e-01
4.382299999999999862e+00 1.927699999999999969e+00 6.070000000000000395e-02 1.106999999999999929e-01
4.546000000000000263e+00 1.927699999999999969e+00 5.575000000000000094e-02 1.191000000000000114e-01
4.709600000000000009e+00 1.927699999999999969e+00 5.145000000000000268e-02 1.170499999999999874e-01
4.873300000000000409e+00 1.927699999999999969e+00 5.629999999999999588e-02 1.209999999999999964e-01
5.036900000000000155e+00 1.927699999999999969e+00 5.314999999999999586e-02 1.219999999999999973e-01
5.200599999999999667e+00 1.927699999999999969e+00 5.949999999999999734e-02 1.365500000000000047e-01
5.364200000000000301e+00 1.927699999999999969e+00 5.965000000000000163e-02 1.406499999999999972e-01
5.527800000000000047e+00 1.927699999999999969e+00 5.384999999999999509e-02 1.489499999999999991e-01
5.691499999999999559e+00 1.927699999999999969e+00 6.074999999999999845e-02 1.568999999999999839e-01
5.855100000000000193e+00 1.927699999999999969e+00 5.834999999999999909e-02 1.619499999999999829e-01
6.018799999999999706e+00 1.927699999999999969e+00 5.800000000000000294e-02 1.653499999999999970e-01
6.182400000000000340e+00 1.927699999999999969e+00 6.769999999999999629e-02 1.658000000000000029e-01
6.346099999999999852e+00 1.927699999999999969e+00 7.149999999999999412e-02 1.568999999999999839e-01
6.509699999999999598e+00 1.927699999999999969e+00 7.574999999999999789e-02 1.650999999999999968e-01
6.673300000000000232e+00 1.927699999999999969e+00 7.844999999999999196e-02 1.639499999999999846e-01
6.836999999999999744e+00 1.927699999999999969e+00 8.999999999999999667e-02 1.534499999999999753e-01
7.000600000000000378e+00 1.927699999999999969e+00 9.034999999999999976e-02 1.411499999999999977e-01
7.164299999999999891e+00 1.927699999999999969e+00 9.934999999999999387e-02 1.414500000000000202e-01
7.327899999999999636e+00 1.927699999999999969e+00 1.063500000000000001e-01 1.543999999999999817e-01
1.275999999999999912e-01 1.764100000000000001e+00 8.895000000000000129e-02 5.774999999999999578e-02
2.913000000000000034e-01 1.764100000000000001e+00 9.265000000000001013e-02 5.590000000000000524e-02
4.549000000000000266e-01 1.764100000000000001e+00 8.959999999999999909e-02 5.025000000000000300e-02
6.186000000000000387e-01 1.764100000000000001e+00 8.970000000000000195e-02 5.534999999999999643e-02
7.822000000000000064e-01 1.764100000000000001e+00 9.229999999999999316e-02 6.164999999999999647e-02
9.458999999999999631e-01 1.764100000000000001e+00 8.865000000000000657e-02 6.285000000000000309e-02
1.109499999999999931e+00 1.764100000000000001e+00 8.394999999999999685e-02 6.585000000000000575e-02
1.273099999999999898e+00 1.764100000000000001e+00 8.340000000000000191e-02 7.180000000000000271e-02
1.436800000000000077e+00 1.764100000000000001e+00 7.380000000000000449e-02 7.574999999999999789e-02
1.600400000000000045e+00 1.764100000000000001e+00 7.445000000000000229e-02 7.719999999999999085e-02
1.764100000000000001e+00 1.764100000000000001e+00 7.494999999999998885e-02 8.125000000000000278e-02
1.927699999999999969e+00 1.764100000000000001e+00 7.074999999999999345e-02 8.934999999999999887e-02
2.091400000000000148e+00 1.764100000000000001e+00 6.859999999999999432e-02 9.610000000000000486e-02
2.254999999999999893e+00 1.764100000000000001e+00 6.994999999999999829e-02 9.484999999999998987e-02
2.418600000000000083e+00 1.764100000000000001e+00 6.704999999999999849e-02 9.099999999999999756e-02
2.582300000000000040e+00 1.764100000000000001e+00 6.495000000000000773e-02 9.920000000000001039e-02
2.745899999999999785e+00 1.764100000000000001e+00 6.129999999999999338e-02 1.096000000000000030e-01
2.909600000000000186e+00 1.764100000000000001e+00 6.160000000000000198e-02 1.119499999999999940e-01
3.073199999999999932e+00 1.764100000000000001e+00 6.060000000000000109e-02 1.110499999999999959e-01
3.236800000000000122e+00 1.764100000000000001e+00 6.164999999999999647e-02 1.136500000000000010e-01
3.400500000000000078e+00 1.764100000000000001e+00 5.899999999999999689e-02 1.187000000000000000e-01
3.564099999999999824e+00 1.764100000000000001e+00 5.809999999999999887e-02 1.196000000000000119e-01
3.727799999999999780e+00 1.764100000000000001e+00 5.965000000000000163e-02 1.302000000000000102e-01
3.891399999999999970e+00 1.764100000000000001e+00 5.480000000000000149e-02 1.345000000000000084e-01
4.055100000000000371e+00 1.764100000000000001e+00 5.899999999999999689e-02 1.372999999999999776e-01
4.218700000000000117e+00 1.764100000000000001e+00 6.174999999999999933e-02 1.371499999999999941e-01
4.382299999999999862e+00 1.764100000000000001e+00 5.845000000000000195e-02 1.427499999999999880e-01
4.546000000000000263e+00 1.764100000000000001e+00 5.974999999999999756e-02 1.521500000000000075e-01
4.709600000000000009e+00 1.764100000000000001e+00 6.140000000000000319e-02 1.562000000000000055e-01
4.873300000000000409e+00 1.764100000000000001e+00 5.679999999999999633e-02 1.620499999999999996e-01
5.036900000000000155e+00 1.764100000000000001e+00 5.494999999999999885e-02 1.633499999999999952e-01
5.200599999999999667e+00 1.764100000000000001e+00 5.165000000000000147e-02 1.700500000000000067e-01
5.364200000000000301e+00 1.764100000000000001e+00 5.559999999999999665e-02 1.739999999999999880e-01
5.527800000000000047e+00 1.764100000000000001e+00 5.410000000000000225e-02 1.775999999999999801e-01
5.691499999999999559e+00 1.764100000000000001e+00 5.619999999999999996e-02 1.806999999999999995e-01
5.855100000000000193e+00 1.764100000000000001e+00 6.024999999999999800e-02 1.762499999999999900e-01
6.018799999999999706e+00 1.764100000000000001e+00 5.824999999999999623e-02 1.879500000000000060e-01
6.182400000000000340e+00 1.764100000000000001e+00 6.035000000000000087e-02 1.931499999999999884e-01
6.346099999999999852e+00 1.764100000000000001e+00 6.044999999999999679e-02 1.846499999999999808e-01
6.509699999999999598e+00 1.764100000000000001e+00 6.660000000000000642e-02 1.794499999999999984e-01
6.673300000000000232e+00 1.764100000000000001e+00 7.034999999999999587e-02 1.864000000000000101e-01
6.836999999999999744e+00 1.764100000000000001e+00 8.054999999999999660e-02 1.849500000000000033e-01
7.000600000000000378e+00 1.764100000000000001e+00 9.400000000000000022e-02 1.878500000000000170e-01
7.164299999999999891e+00 1.764100000000000001e+00 9.734999999999999210e-02 1.839500000000000024e-01
7.327899999999999636e+00 1.764100000000000001e+00 1.011999999999999983e-01 1.736499999999999988e-01
1.275999999999999912e-01 1.600400000000000045e+00 9.404999999999999472e-02 5.695000000000000062e-02
2.913000000000000034e-01 1.600400000000000045e+00 9.510000000000000397e-02 6.434999999999999054e-02
4.549000000000000266e-01 1.600400000000000045e+00 8.959999999999999909e-02 5.994999999999999635e-02
6.186000000000000387e-01 1.600400000000000045e+00 8.449999999999999178e-02 6.900000000000000577e-02
7.822000000000000064e-01 1.600400000000000045e+00 8.325000000000000455e-02 6.969999999999999807e-02
9.458999999999999631e-01 1.600400000000000045e+00 8.129999999999999727e-02 7.389999999999999347e-02
1.109499999999999931e+00 1.600400000000000045e+00 7.835000000000000298e-02 7.860000000000000320e-02
1.273099999999999898e+00 1.600400000000000045e+00 7.510000000000000009e-02 8.075000000000000233e-02
1.436800000000000077e+00 1.600400000000000045e+00 7.449999999999999678e-02 9.104999999999999205e-02
1.600400000000000045e+00 1.600400000000000045e+00 7.059999999999999609e-02 9.079999999999999183e-02
1.764100000000000001e+00 1.600400000000000045e+00 7.144999999999999962e-02 9.390000000000001124e-02
1.927699999999999969e+00 1.600400000000000045e+00 6.604999999999999760e-02 1.009499999999999981e-01
2.091400000000000148e+00 1.600400000000000045e+00 6.164999999999999647e-02 1.047000000000000014e-01
2.254999999999999893e+00 1.600400000000000045e+00 6.325000000000000067e-02 1.066000000000000003e-01
2.418600000000000083e+00 1.600400000000000045e+00 5.974999999999999756e-02 1.073999999999999955e-01
2.582300000000000040e+00 1.600400000000000045e+00 6.250000000000000000e-02 1.083999999999999964e-01
2.745899999999999785e+00 1.600400000000000045e+00 5.749999999999999556e-02 1.203000000000000042e-01
2.909600000000000186e+00 1.600400000000000045e+00 5.945000000000000284e-02 1.236000000000000015e-01
3.073199999999999932e+00 1.600400000000000045e+00 5.480000000000000149e-02 1.328499999999999959e-01
3.236800000000000122e+00 1.600400000000000045e+00 5.755000000000000393e-02 1.313000000000000000e-01
3.400500000000000078e+00 1.600400000000000045e+00 5.859999999999999931e-02 1.431499999999999995e-01
3.564099999999999824e+00 1.600400000000000045e+00 5.224999999999999784e-02 1.490000000000000213e-01
3.727799999999999780e+00 1.600400000000000045e+00 5.660000000000000447e-02 1.555499999999999938e-01
3.891399999999999970e+00 1.600400000000000045e+00 5.420000000000000512e-02 1.536000000000000143e-01
4.055100000000000371e+00 1.600400000000000045e+00 5.749999999999999556e-02 1.628000000000000003e-01
4.218700000000000117e+00 1.600400000000000045e+00 5.369999999999999774e-02 1.699999999999999845e-01
4.382299999999999862e+00 1.600400000000000045e+00 5.360000000000000181e-02 1.729999999999999871e-01
4.546000000000000263e+00 1.600400000000000045e+00 5.299999999999999850e-02 1.718500000000000028e-01
4.709600000000000009e+00 1.600400000000000045e+00 5.109999999999999959e-02 1.774499999999999966e-01
4.873300000000000409e+00 1.600400000000000045e+00 5.249999999999999806e-02 1.818500000000000116e-01
5.036900000000000155e+00 1.600400000000000045e+00 5.650000000000000161e-02 1.830499999999999905e-01
5.200599999999999667e+00 1.600400000000000045e+00 4.980000000000000399e-02 1.898499999999999910e-01
5.364200000000000301e+00 1.600400000000000045e+00 5.285000000000000114e-02 1.904500000000000082e-01
5.527800000000000047e+00 1.600400000000000045e+00 4.700000000000000011e-02 2.075500000000000123e-01
5.691499999999999559e+00 1.600400000000000045e+00 5.154999999999999860e-02 2.131000000000000116e-01
5.855100000000000193e+00 1.600400000000000045e+00 5.734999999999999820e-02 2.064000000000000001e-01
6.018799999999999706e+00 1.600400000000000045e+00 5.929999999999999855e-02 2.156500000000000083e-01
6.182400000000000340e+00 1.600400000000000045e+00 5.940000000000000835e-02 2.226500000000000146e-01
6.346099999999999852e+00 1.600400000000000045e+00 5.729999999999999677e-02 2.143999999999999795e-01
6.509699999999999598e+00 1.600400000000000045e+00 6.154999999999999361e-02 2.187999999999999945e-01
6.673300000000000232e+00 1.600400000000000045e+00 7.220000000000000029e-02 2.254999999999999782e-01
6.836999999999999744e+00 1.600400000000000045e+00 8.360000000000000764e-02 1.918000000000000260e-01
7.000600000000000378e+00 1.600400000000000045e+00 9.464999999999999802e-02 2.349499999999999922e-01
7.164299999999999891e+00 1.600400000000000045e+00 9.715000000000000024e-02 2.243499999999999939e-01
7.327899999999999636e+00 1.600400000000000045e+00 1.117999999999999966e-01 2.069499999999999951e-01
1.275999999999999912e-01 1.436800000000000077e+00 1.011500000000000038e-01 6.744999999999999607e-02
2.913000000000000034e-01 1.436800000000000077e+00 9.279999999999999361e-02 7.200000000000000844e-02
4.549000000000000266e-01 1.436800000000000077e+00 9.475000000000000089e-02 7.209999999999999742e-02
6.186000000000000387e-01 1.436800000000000077e+00 8.390000000000000235e-02 7.899999999999998690e-02
7.822000000000000064e-01 1.436800000000000077e+00 8.014999999999999902e-02 7.904999999999999527e-02
9.458999999999999631e-01 1.436800000000000077e+00 6.905000000000000027e-02 7.864999999999999769e-02
1.109499999999999931e+00 1.436800000000000077e+00 7.539999999999999480e-02 8.934999999999999887e-02
1.273099999999999898e+00 1.436800000000000077e+00 6.980000000000000093e-02 9.324999999999999956e-02
1.436800000000000077e+00 1.436800000000000077e+00 6.690000000000000113e-02 1.050000000000000100e-01
1.600400000000000045e+00 1.436800000000000077e+00 6.320000000000000617e-02 1.011999999999999983e-01
1.764100000000000001e+00 1.436800000000000077e+00 6.165000000000000341e-02 1.043999999999999928e-01
1.927699999999999969e+00 1.436800000000000077e+00 6.020000000000000351e-02 1.168500000000000094e-01
2.091400000000000148e+00 1.436800000000000077e+00 5.634999999999999731e-02 1.217499999999999971e-01
2.254999999999999893e+00 1.436800000000000077e+00 5.544999999999999929e-02 1.192000000000000004e-01
2.418600000000000083e+00 1.436800000000000077e+00 5.954999999999999877e-02 1.295000000000000040e-01
2.582300000000000040e+00 1.436800000000000077e+00 5.770000000000000129e-02 1.390500000000000069e-01
2.745899999999999785e+00 1.436800000000000077e+00 5.704999999999999655e-02 1.430500000000000105e-01
2.909600000000000186e+00 1.436800000000000077e+00 5.394999999999999796e-02 1.506500000000000061e-01
3.073199999999999932e+00 1.436800000000000077e+00 5.425000000000000655e-02 1.564000000000000112e-01
3.236800000000000122e+00 1.436800000000000077e+00 5.019999999999999463e-02 1.623499999999999943e-01
3.400500000000000078e+00 1.436800000000000077e+00 5.210000000000000048e-02 1.651500000000000190e-01
3.564099999999999824e+00 1.436800000000000077e+00 5.115000000000000102e-02 1.729999999999999871e-01
3.727799999999999780e+00 1.436800000000000077e+00 4.979999999999999705e-02 1.755499999999999838e-01
3.891399999999999970e+00 1.436800000000000077e+00 5.295000000000000401e-02 1.756500000000000006e-01
4.055100000000000371e+00 1.436800000000000077e+00 5.190000000000000169e-02 1.787500000000000200e-01
4.218700000000000117e+00 1.436800000000000077e+00 4.634999999999999537e-02 1.912500000000000033e-01
4.382299999999999862e+00 1.436800000000000077e+00 4.700000000000000011e-02 1.916499999999999870e-01
4.546000000000000263e+00 1.436800000000000077e+00 4.590000000000000330e-02 2.020500000000000074e-01
4.709600000000000009e+00 1.436800000000000077e+00 4.854999999999999594e-02 2.023500000000000021e-01
4.873300000000000409e+00 1.436800000000000077e+00 4.555000000000000021e-02 2.051999999999999935e-01
5.036900000000000155e+00 1.436800000000000077e+00 4.674999999999999989e-02 2.173499999999999877e-01
5.200599999999999667e+00 1.436800000000000077e+00 4.064999999999999863e-02 2.139999999999999958e-01
5.364200000000000301e+00 1.436800000000000077e+00 4.449999999999999789e-02 2.266500000000000181e-01
5.527800000000000047e+00 1.436800000000000077e+00 4.234999999999999876e-02 2.367500000000000160e-01
5.691499999999999559e+00 1.436800000000000077e+00 4.660000000000000253e-02 2.364999999999999880e-01
5.855100000000000193e+00 1.436800000000000077e+00 5.260000000000000092e-02 2.423500000000000099e-01
6.018799999999999706e+00 1.436800000000000077e+00 5.784999999999999865e-02 2.502500000000000280e-01
6.182400000000000340e+00 1.436800000000000077e+00 5.995000000000000329e-02 2.513000000000000234e-01
6.346099999999999852e+00 1.436800000000000077e+00 6.385000000000000397e-02 2.543499999999999650e-01
6.509699999999999598e+00 1.436800000000000077e+00 7.805000000000000826e-02 2.689500000000000224e-01
6.673300000000000232e+00 1.436800000000000077e+00 8.805000000000000326e-02 2.688499999999999779e-01
6.836999999999999744e+00 1.436800000000000077e+00 8.770000000000000018e-02 2.177000000000000046e-01
7.000600000000000378e+00 1.436800000000000077e+00 9.659999999999999143e-02 2.747499999999999942e-01
7.164299999999999891e+00 1.436800000000000077e+00 1.010500000000000009e-01 2.721500000000000030e-01
7.327899999999999636e+00 1.436800000000000077e+00 1.253500000000000170e-01 2.572499999999999787e-01
1.275999999999999912e-01 1.273099999999999898e+00 9.140000000000000902e-02 7.380000000000000449e-02
2.913000000000000034e-01 1.273099999999999898e+00 9.135000000000000064e-02 7.434999999999999942e-02
4.549000000000000266e-01 1.273099999999999898e+00 8.605000000000000149e-02 7.539999999999999480e-02
6.186000000000000387e-01 1.273099999999999898e+00 7.770000000000000517e-02 8.435000000000000830e-02
7.822000000000000064e-01 1.273099999999999898e+00 7.149999999999999412e-02 9.224999999999999867e-02
9.458999999999999631e-01 1.273099999999999898e+00 6.170000000000000484e-02 8.165000000000000036e-02
1.109499999999999931e+00 1.273099999999999898e+00 6.844999999999999696e-02 1.029499999999999998e-01
1.273099999999999898e+00 1.273099999999999898e+00 6.709999999999999298e-02 1.110500000000000098e-01
1.436800000000000077e+00 1.273099999999999898e+00 6.049999999999999822e-02 1.111000000000000043e-01
1.600400000000000045e+00 1.273099999999999898e+00 5.355000000000000038e-02 1.179499999999999993e-01
1.764100000000000001e+00 1.273099999999999898e+00 6.085000000000000131e-02 1.264500000000000068e-01
1.927699999999999969e+00 1.273099999999999898e+00 6.049999999999999822e-02 1.406000000000000028e-01
2.091400000000000148e+00 1.273099999999999898e+00 5.929999999999999855e-02 1.456500000000000017e-01
2.254999999999999893e+00 1.273099999999999898e+00 5.314999999999999586e-02 1.411999999999999922e-01
2.418600000000000083e+00 1.273099999999999898e+00 5.469999999999999862e-02 1.583999999999999853e-01
2.582300000000000040e+00 1.273099999999999898e+00 5.149999999999999717e-02 1.595000000000000029e-01
2.745899999999999785e+00 1.273099999999999898e+00 5.200000000000000455e-02 1.653000000000000025e-01
2.909600000000000186e+00 1.273099999999999898e+00 4.989999999999999991e-02 1.719999999999999862e-01
3.073199999999999932e+00 1.273099999999999898e+00 5.140000000000000124e-02 1.705499999999999794e-01
3.236800000000000122e+00 1.273099999999999898e+00 4.470000000000000362e-02 1.873500000000000165e-01
3.400500000000000078e+00 1.273099999999999898e+00 4.535000000000000142e-02 1.839999999999999969e-01
3.564099999999999824e+00 1.273099999999999898e+00 4.755000000000000199e-02 1.997499999999999831e-01
3.727799999999999780e+00 1.273099999999999898e+00 4.240000000000000019e-02 2.035000000000000142e-01
3.891399999999999970e+00 1.273099999999999898e+00 4.290000000000000757e-02 2.130500000000000171e-01
4.055100000000000371e+00 1.273099999999999898e+00 4.435000000000000053e-02 2.113499999999999823e-01
4.218700000000000117e+00 1.273099999999999898e+00 4.304999999999999799e-02 2.218999999999999861e-01
4.382299999999999862e+00 1.273099999999999898e+00 4.710000000000000298e-02 2.167000000000000037e-01
4.546000000000000263e+00 1.273099999999999898e+00 4.170000000000000095e-02 2.290500000000000036e-01
4.709600000000000009e+00 1.273099999999999898e+00 3.554999999999999827e-02 2.348999999999999977e-01
4.873300000000000409e+00 1.273099999999999898e+00 3.134999999999999593e-02 2.383500000000000063e-01
5.036900000000000155e+00 1.273099999999999898e+00 3.629999999999999893e-02 2.457499999999999962e-01
5.200599999999999667e+00 1.273099999999999898e+00 3.524999999999999661e-02 2.551999999999999824e-01
5.364200000000000301e+00 1.273099999999999898e+00 3.740000000000000269e-02 2.661499999999999977e-01
5.527800000000000047e+00 1.273099999999999898e+00 3.950000000000000039e-02 2.708500000000000352e-01
5.691499999999999559e+00 1.273099999999999898e+00 4.220000000000000140e-02 2.725999999999999535e-01
5.855100000000000193e+00 1.273099999999999898e+00 4.489999999999999547e-02 2.878999999999999893e-01
6.018799999999999706e+00 1.273099999999999898e+00 5.210000000000000048e-02 2.979999999999999871e-01
6.182400000000000340e+00 1.273099999999999898e+00 6.085000000000000131e-02 3.039000000000000035e-01
6.346099999999999852e+00 1.273099999999999898e+00 6.819999999999999674e-02 3.107999999999999652e-01
6.509699999999999598e+00 1.273099999999999898e+00 7.624999999999999833e-02 3.071000000000000396e-01
6.673300000000000232e+00 1.273099999999999898e+00 8.669999999999999929e-02 3.151999999999999802e-01
6.836999999999999744e+00 1.273099999999999898e+00 9.120000000000000329e-02 3.227999999999999758e-01
7.000600000000000378e+00 1.273099999999999898e+00 1.013499999999999956e-01 3.079500000000000015e-01
7.164299999999999891e+00 1.273099999999999898e+00 1.137500000000000039e-01 3.221999999999999864e-01
7.327899999999999636e+00 1.273099999999999898e+00 1.213999999999999940e-01 2.967499999999999583e-01
1.275999999999999912e-01 1.109499999999999931e+00 9.324999999999999956e-02 8.845000000000000084e-02
2.913000000000000034e-01 1.109499999999999931e+00 8.694999999999999951e-02 9.240000000000000990e-02
4.549000000000000266e-01 1.109499999999999931e+00 7.624999999999999833e-02 9.450000000000000067e-02
6.186000000000000387e-01 1.109499999999999931e+00 7.059999999999999609e-02 1.002500000000000058e-01
7.822000000000000064e-01 1.109499999999999931e+00 6.345000000000000639e-02 1.068000000000000060e-01
9.458999999999999631e-01 1.109499999999999931e+00 6.425000000000000155e-02 1.074500000000000038e-01
1.109499999999999931e+00 1.109499999999999931e+00 5.784999999999999865e-02 1.189000000000000057e-01
1.273099999999999898e+00 1.109499999999999931e+00 5.589999999999999830e-02 1.237499999999999989e-01
1.436800000000000077e+00 1.109499999999999931e+00 6.135000000000000175e-02 1.289500000000000091e-01
1.600400000000000045e+00 1.109499999999999931e+00 5.484999999999999598e-02 1.392999999999999794e-01
1.764100000000000001e+00 1.109499999999999931e+00 5.144999999999999574e-02 1.461999999999999966e-01
1.927699999999999969e+00 1.109499999999999931e+00 5.575000000000000094e-02 1.573499999999999899e-01
2.091400000000000148e+00 1.109499999999999931e+00 5.274999999999999828e-02 1.629499999999999837e-01
2.254999999999999893e+00 1.109499999999999931e+00 4.850000000000000144e-02 1.685499999999999776e-01
2.418600000000000083e+00 1.109499999999999931e+00 4.549999999999999878e-02 1.870499999999999940e-01
2.582300000000000040e+00 1.109499999999999931e+00 4.929999999999999660e-02 1.872999999999999943e-01
2.745899999999999785e+00 1.109499999999999931e+00 4.499999999999999833e-02 1.932999999999999996e-01
2.909600000000000186e+00 1.109499999999999931e+00 4.329999999999999821e-02 2.010000000000000120e-01
3.073199999999999932e+00 1.109499999999999931e+00 4.084999999999999742e-02 2.080500000000000127e-01
3.236800000000000122e+00 1.109499999999999931e+00 3.959999999999999631e-02 2.144500000000000017e-01
3.400500000000000078e+00 1.109499999999999931e+00 4.120000000000000051e-02 2.201000000000000179e-01
3.564099999999999824e+00 1.109499999999999931e+00 4.129999999999999644e-02 2.199500000000000066e-01
3.727799999999999780e+00 1.109499999999999931e+00 4.299999999999999656e-02 2.251500000000000168e-01
3.891399999999999970e+00 1.109499999999999931e+00 4.529999999999999999e-02 2.469000000000000083e-01
4.055100000000000371e+00 1.109499999999999931e+00 4.410000000000000031e-02 2.487999999999999934e-01
4.218700000000000117e+00 1.109499999999999931e+00 3.894999999999999851e-02 2.525999999999999912e-01
4.382299999999999862e+00 1.109499999999999931e+00 4.050000000000000128e-02 2.697499999999999898e-01
4.546000000000000263e+00 1.109499999999999931e+00 3.280000000000000276e-02 2.710500000000000131e-01
4.709600000000000009e+00 1.109499999999999931e+00 3.089999999999999691e-02 2.716999999999999971e-01
4.873300000000000409e+00 1.109499999999999931e+00 2.544999999999999693e-02 2.665500000000000091e-01
5.036900000000000155e+00 1.109499999999999931e+00 2.699999999999999969e-02 2.746499999999999497e-01
5.200599999999999667e+00 1.109499999999999931e+00 2.885000000000000064e-02 2.853999999999999870e-01
5.364200000000000301e+00 1.109499999999999931e+00 3.234999999999999681e-02 2.978000000000000091e-01
5.527800000000000047e+00 1.109499999999999931e+00 2.874999999999999778e-02 3.170000000000000040e-01
5.691499999999999559e+00 1.109499999999999931e+00 3.234999999999999681e-02 3.191999999999999837e-01
5.855100000000000193e+00 1.109499999999999931e+00 4.185000000000000525e-02 3.233500000000000263e-01
6.018799999999999706e+00 1.109499999999999931e+00 4.180000000000000382e-02 3.413999999999999813e-01
6.182400000000000340e+00 1.109499999999999931e+00 6.004999999999999921e-02 3.445000000000000284e-01
6.346099999999999852e+00 1.109499999999999931e+00 6.255000000000000837e-02 3.427999999999999936e-01
6.509699999999999598e+00 1.109499999999999931e+00 6.270000000000000573e-02 3.622500000000000164e-01
6.673300000000000232e+00 1.109499999999999931e+00 7.939999999999999836e-02 3.640999999999999792e-01
6.836999999999999744e+00 1.109499999999999931e+00 8.954999999999999072e-02 3.665499999999999869e-01
7.000600000000000378e+00 1.109499999999999931e+00 1.033999999999999919e-01 3.574499999999999900e-01
7.164299999999999891e+00 1.109499999999999931e+00 1.321499999999999897e-01 3.780999999999999917e-01
7.327899999999999636e+00 1.109499999999999931e+00 1.387999999999999790e-01 3.578500000000000014e-01
1.275999999999999912e-01 9.458999999999999631e-01 8.580000000000000127e-02 9.954999999999999960e-02
2.913000000000000034e-01 9.458999999999999631e-01 7.899999999999998690e-02 1.018499999999999961e-01
4.549000000000000266e-01 9.458999999999999631e-01 6.869999999999999718e-02 1.038499999999999979e-01
6.186000000000000387e-01 9.458999999999999631e-01 6.169999999999999790e-02 1.129999999999999893e-01
7.822000000000000064e-01 9.458999999999999631e-01 5.775000000000000272e-02 1.210500000000000048e-01
9.458999999999999631e-01 9.458999999999999631e-01 5.795000000000000151e-02 1.301500000000000157e-01
1.109499999999999931e+00 9.458999999999999631e-01 5.020000000000000157e-02 1.368499999999999994e-01
1.273099999999999898e+00 9.458999999999999631e-01 5.010000000000000564e-02 1.490500000000000158e-01
1.436800000000000077e+00 9.458999999999999631e-01 4.819999999999999285e-02 1.583999999999999853e-01
1.600400000000000045e+00 9.458999999999999631e-01 4.514999999999999569e-02 1.740999999999999770e-01
1.764100000000000001e+00 9.458999999999999631e-01 4.095000000000000029e-02 1.802500000000000213e-01
1.927699999999999969e+00 9.458999999999999631e-01 4.499999999999999833e-02 1.752000000000000224e-01
2.091400000000000148e+00 9.458999999999999631e-01 4.469999999999999668e-02 1.875999999999999890e-01
2.254999999999999893e+00 9.458999999999999631e-01 3.990000000000000491e-02 2.004500000000000171e-01
2.418600000000000083e+00 9.458999999999999631e-01 4.235000000000000570e-02 2.140500000000000180e-01
2.582300000000000040e+00 9.458999999999999631e-01 4.245000000000000162e-02 2.253499999999999948e-01
2.745899999999999785e+00 9.458999999999999631e-01 4.390000000000000152e-02 2.255999999999999950e-01
2.909600000000000186e+00 9.458999999999999631e-01 3.925000000000000017e-02 2.297000000000000153e-01
3.073199999999999932e+00 9.458999999999999631e-01 3.885000000000000259e-02 2.389000000000000012e-01
3.236800000000000122e+00 9.458999999999999631e-01 4.070000000000000007e-02 2.371500000000000274e-01
3.400500000000000078e+00 9.458999999999999631e-01 3.909999999999999587e-02 2.483500000000000152e-01
3.564099999999999824e+00 9.458999999999999631e-01 3.645000000000000323e-02 2.578000000000000291e-01
3.727799999999999780e+00 9.458999999999999631e-01 3.774999999999999883e-02 2.545000000000000040e-01
3.891399999999999970e+00 9.458999999999999631e-01 3.980000000000000204e-02 2.639500000000000179e-01
4.055100000000000371e+00 9.458999999999999631e-01 3.615000000000000158e-02 2.768000000000000460e-01
4.218700000000000117e+00 9.458999999999999631e-01 3.184999999999999637e-02 2.869500000000000384e-01
4.382299999999999862e+00 9.458999999999999631e-01 3.160000000000000309e-02 2.962500000000000133e-01
4.546000000000000263e+00 9.458999999999999631e-01 2.435000000000000012e-02 3.042500000000000204e-01
4.709600000000000009e+00 9.458999999999999631e-01 2.759999999999999953e-02 2.988999999999999990e-01
4.873300000000000409e+00 9.458999999999999631e-01 2.659999999999999865e-02 3.059999999999999942e-01
5.036900000000000155e+00 9.458999999999999631e-01 1.509999999999999884e-02 3.301000000000000045e-01
5.200599999999999667e+00 9.458999999999999631e-01 1.439999999999999961e-02 3.397000000000000020e-01
5.364200000000000301e+00 9.458999999999999631e-01 1.149999999999999981e-02 3.553499999999999992e-01
5.527800000000000047e+00 9.458999999999999631e-01 1.739999999999999880e-02 3.631999999999999673e-01
5.691499999999999559e+00 9.458999999999999631e-01 1.330000000000000106e-02 3.707500000000000240e-01
5.855100000000000193e+00 9.458999999999999631e-01 2.359999999999999945e-02 3.785000000000000031e-01
6.018799999999999706e+00 9.458999999999999631e-01 2.634999999999999842e-02 4.147000000000000131e-01
6.182400000000000340e+00 9.458999999999999631e-01 4.234999999999999876e-02 4.181500000000000217e-01
6.346099999999999852e+00 9.458999999999999631e-01 4.510000000000000120e-02 4.324500000000000011e-01
6.509699999999999598e+00 9.458999999999999631e-01 5.559999999999999665e-02 4.057999999999999940e-01
6.673300000000000232e+00 9.458999999999999631e-01 7.074999999999999345e-02 4.322500000000000231e-01
6.836999999999999744e+00 9.458999999999999631e-01 9.264999999999999625e-02 4.330000000000000515e-01
7.000600000000000378e+00 9.458999999999999631e-01 1.090500000000000080e-01 4.127500000000000058e-01
7.164299999999999891e+00 9.458999999999999631e-01 1.370000000000000107e-01 4.334500000000000020e-01
7.327899999999999636e+00 9.458999999999999631e-01 1.563499999999999890e-01 4.233999999999999986e-01
1.275999999999999912e-01 7.822000000000000064e-01 7.444999999999998841e-02 1.105000000000000010e-01
2.913000000000000034e-01 7.822000000000000064e-01 6.870000000000001106e-02 1.155999999999999944e-01
4.549000000000000266e-01 7.822000000000000064e-01 5.390000000000000346e-02 1.350999999999999979e-01
6.186000000000000387e-01 7.822000000000000064e-01 5.215000000000000191e-02 1.391999999999999904e-01
7.822000000000000064e-01 7.822000000000000064e-01 5.300000000000000544e-02 1.404499999999999915e-01
9.458999999999999631e-01 7.822000000000000064e-01 4.624999999999999944e-02 1.580000000000000016e-01
1.109499999999999931e+00 7.822000000000000064e-01 3.824999999999999928e-02 1.588499999999999912e-01
1.273099999999999898e+00 7.822000000000000064e-01 4.259999999999999898e-02 1.743000000000000105e-01
1.436800000000000077e+00 7.822000000000000064e-01 4.089999999999999886e-02 1.916499999999999870e-01
1.600400000000000045e+00 7.822000000000000064e-01 3.865000000000000380e-02 2.055000000000000160e-01
1.764100000000000001e+00 7.822000000000000064e-01 3.780000000000000027e-02 2.086999999999999966e-01
1.927699999999999969e+00 7.822000000000000064e-01 3.699999999999999817e-02 2.197500000000000009e-01
2.091400000000000148e+00 7.822000000000000064e-01 3.885000000000000259e-02 2.298000000000000043e-01
2.254999999999999893e+00 7.822000000000000064e-01 3.790000000000000313e-02 2.343500000000000028e-01
2.418600000000000083e+00 7.822000000000000064e-01 4.195000000000000118e-02 2.379999999999999893e-01
2.582300000000000040e+00 7.822000000000000064e-01 4.014999999999999819e-02 2.484000000000000097e-01
2.745899999999999785e+00 7.822000000000000064e-01 3.959999999999999631e-02 2.597999999999999754e-01
2.909600000000000186e+00 7.822000000000000064e-01 3.619999999999999607e-02 2.652499999999999858e-01
3.073199999999999932e+00 7.822000000000000064e-01 3.475000000000000311e-02 2.827000000000000068e-01
3.236800000000000122e+00 7.822000000000000064e-01 3.429999999999999716e-02 2.867000000000000104e-01
3.400500000000000078e+00 7.822000000000000064e-01 3.640000000000000180e-02 2.892500000000000071e-01
3.564099999999999824e+00 7.822000000000000064e-01 3.225000000000000089e-02 2.980500000000000371e-01
3.727799999999999780e+00 7.822000000000000064e-01 3.725000000000000533e-02 2.882000000000000117e-01
3.891399999999999970e+00 7.822000000000000064e-01 3.159999999999999615e-02 3.228499999999999703e-01
4.055100000000000371e+00 7.822000000000000064e-01 2.564999999999999919e-02 3.344500000000000250e-01
4.218700000000000117e+00 7.822000000000000064e-01 2.029999999999999860e-02 3.403499999999999859e-01
4.382299999999999862e+00 7.822000000000000064e-01 2.030000000000000207e-02 3.501999999999999558e-01
4.546000000000000263e+00 7.822000000000000064e-01 1.384999999999999946e-02 3.611999999999999655e-01
4.709600000000000009e+00 7.822000000000000064e-01 1.640000000000000138e-02 3.541999999999999593e-01
4.873300000000000409e+00 7.822000000000000064e-01 1.660000000000000017e-02 3.616500000000000270e-01
5.036900000000000155e+00 7.822000000000000064e-01 5.150000000000000064e-03 3.865999999999999992e-01
5.200599999999999667e+00 7.822000000000000064e-01 2.500000000000002220e-04 3.932999999999999829e-01
5.364200000000000301e+00 7.822000000000000064e-01 4.599999999999999922e-03 4.032000000000000028e-01
5.527800000000000047e+00 7.822000000000000064e-01 1.314999999999999850e-02 3.903499999999999748e-01
5.691499999999999559e+00 7.822000000000000064e-01 7.900000000000000772e-03 4.044499999999999762e-01
5.855100000000000193e+00 7.822000000000000064e-01 7.349999999999998895e-03 4.627499999999999947e-01
6.018799999999999706e+00 7.822000000000000064e-01 1.045000000000000095e-02 5.001499999999999835e-01
6.182400000000000340e+00 7.822000000000000064e-01 1.915000000000000036e-02 4.914499999999999980e-01
6.346099999999999852e+00 7.822000000000000064e-01 5.115000000000000102e-02 4.600499999999999590e-01
6.509699999999999598e+00 7.822000000000000064e-01 5.215000000000000191e-02 4.662000000000000033e-01
6.673300000000000232e+00 7.822000000000000064e-01 6.619999999999999496e-02 4.703499999999999903e-01
6.836999999999999744e+00 7.822000000000000064e-01 9.434999999999998943e-02 4.834000000000000519e-01
7.000600000000000378e+00 7.822000000000000064e-01 1.172499999999999931e-01 4.567999999999999838e-01
7.164299999999999891e+00 7.822000000000000064e-01 9.734999999999999210e-02 4.884000000000000563e-01
7.327899999999999636e+00 7.822000000000000064e-01 1.582999999999999963e-01 5.763499999999999179e-01
1.275999999999999912e-01 6.186000000000000387e-01 7.189999999999999170e-02 1.214000000000000079e-01
2.913000000000000034e-01 6.186000000000000387e-01 6.004999999999999921e-02 1.232499999999999984e-01
4.549000000000000266e-01 6.186000000000000387e-01 4.670000000000000540e-02 1.386000000000000010e-01
6.186000000000000387e-01 6.186000000000000387e-01 4.804999999999999549e-02 1.537000000000000033e-01
7.822000000000000064e-01 6.186000000000000387e-01 4.445000000000000340e-02 1.681499999999999939e-01
9.458999999999999631e-01 6.186000000000000387e-01 3.414999999999999980e-02 1.872499999999999998e-01
1.109499999999999931e+00 6.186000000000000387e-01 2.595000000000000084e-02 1.861500000000000099e-01
1.273099999999999898e+00 6.186000000000000387e-01 2.935000000000000109e-02 1.976499999999999924e-01
1.436800000000000077e+00 6.186000000000000387e-01 3.425000000000000266e-02 2.246499999999999886e-01
1.600400000000000045e+00 6.186000000000000387e-01 3.615000000000000158e-02 2.395499999999999852e-01
1.764100000000000001e+00 6.186000000000000387e-01 3.134999999999999593e-02 2.474500000000000033e-01
1.927699999999999969e+00 6.186000000000000387e-01 2.819999999999999937e-02 2.561499999999999888e-01
2.091400000000000148e+00 6.186000000000000387e-01 2.989999999999999949e-02 2.641999999999999904e-01
2.254999999999999893e+00 6.186000000000000387e-01 2.935000000000000109e-02 2.808499999999999885e-01
2.418600000000000083e+00 6.186000000000000387e-01 3.764999999999999597e-02 2.789000000000000368e-01
2.582300000000000040e+00 6.186000000000000387e-01 3.470000000000000168e-02 2.813999999999999835e-01
2.745899999999999785e+00 6.186000000000000387e-01 3.289999999999999869e-02 2.923000000000000043e-01
2.909600000000000186e+00 6.186000000000000387e-01 3.425000000000000266e-02 3.039000000000000035e-01
3.073199999999999932e+00 6.186000000000000387e-01 2.635000000000000189e-02 3.304500000000000215e-01
3.236800000000000122e+00 6.186000000000000387e-01 3.244999999999999968e-02 3.301499999999999990e-01
3.400500000000000078e+00 6.186000000000000387e-01 3.579999999999999849e-02 3.528000000000000025e-01
3.564099999999999824e+00 6.186000000000000387e-01 2.759999999999999953e-02 3.714999999999999969e-01
3.727799999999999780e+00 6.186000000000000387e-01 2.740000000000000074e-02 3.769000000000000128e-01
3.891399999999999970e+00 6.186000000000000387e-01 2.310000000000000248e-02 3.850000000000000089e-01
4.055100000000000371e+00 6.186000000000000387e-01 1.814999999999999947e-02 3.914500000000000202e-01
4.218700000000000117e+00 6.186000000000000387e-01 1.685000000000000039e-02 4.017499999999999960e-01
4.382299999999999862e+00 6.186000000000000387e-01 9.349999999999998937e-03 4.013499999999999845e-01
4.546000000000000263e+00 6.186000000000000387e-01 4.500000000000000527e-03 3.930500000000000105e-01
4.709600000000000009e+00 6.186000000000000387e-01 -7.300000000000000065e-03 4.359000000000000097e-01
4.873300000000000409e+00 6.186000000000000387e-01 -6.599999999999999964e-03 4.448999999999999622e-01
5.036900000000000155e+00 6.186000000000000387e-01 -6.450000000000000872e-03 4.413500000000000201e-01
5.200599999999999667e+00 6.186000000000000387e-01 -6.750000000000000791e-03 4.430999999999999939e-01
5.364200000000000301e+00 6.186000000000000387e-01 7.000000000000009687e-04 4.410000000000000031e-01
5.527800000000000047e+00 6.186000000000000387e-01 -4.499999999999998793e-03 4.893499999999999517e-01
5.691499999999999559e+00 6.186000000000000387e-01 -1.154999999999999777e-02 5.185999999999999499e-01
5.855100000000000193e+00 6.186000000000000387e-01 -4.749999999999999015e-03 5.011499999999999844e-01
6.018799999999999706e+00 6.186000000000000387e-01 4.550000000000000225e-03 5.251000000000000112e-01
6.182400000000000340e+00 6.186000000000000387e-01 1.990000000000000102e-02 5.360500000000000265e-01
6.346099999999999852e+00 6.186000000000000387e-01 3.375000000000000222e-02 4.883500000000000063e-01
6.509699999999999598e+00 6.186000000000000387e-01 4.255000000000000449e-02 5.105500000000000593e-01
6.673300000000000232e+00 6.186000000000000387e-01 6.035000000000000087e-02 5.550500000000000433e-01
6.836999999999999744e+00 6.186000000000000387e-01 8.770000000000000018e-02 5.312999999999999945e-01
7.000600000000000378e+00 6.186000000000000387e-01 1.097499999999999865e-01 5.035500000000000531e-01
7.164299999999999891e+00 6.186000000000000387e-01 1.171500000000000041e-01 6.371499999999999941e-01
7.327899999999999636e+00 6.186000000000000387e-01 1.385000000000000120e-01 4.804999999999999827e-01
1.275999999999999912e-01 4.549000000000000266e-01 6.570000000000000839e-02 1.365500000000000047e-01
2.913000000000000034e-01 4.549000000000000266e-01 4.704999999999999460e-02 1.392999999999999794e-01
4.549000000000000266e-01 4.549000000000000266e-01 3.440000000000000002e-02 1.554000000000000103e-01
6.186000000000000387e-01 4.549000000000000266e-01 3.219999999999999946e-02 1.818000000000000171e-01
7.822000000000000064e-01 4.549000000000000266e-01 2.524999999999999814e-02 1.959499999999999853e-01
9.458999999999999631e-01 4.549000000000000266e-01 2.424999999999999725e-02 2.119499999999999995e-01
1.109499999999999931e+00 4.549000000000000266e-01 1.654999999999999874e-02 2.366999999999999937e-01
1.273099999999999898e+00 4.549000000000000266e-01 1.589999999999999747e-02 2.387499999999999900e-01
1.436800000000000077e+00 4.549000000000000266e-01 2.124999999999999806e-02 2.635500000000000065e-01
1.600400000000000045e+00 4.549000000000000266e-01 2.035000000000000003e-02 2.773499999999999854e-01
1.764100000000000001e+00 4.549000000000000266e-01 2.380000000000000171e-02 2.895999999999999686e-01
1.927699999999999969e+00 4.549000000000000266e-01 1.700000000000000122e-02 2.998999999999999999e-01
2.091400000000000148e+00 4.549000000000000266e-01 1.539999999999999876e-02 3.124000000000000110e-01
2.254999999999999893e+00 4.549000000000000266e-01 1.885000000000000217e-02 3.243500000000000272e-01
2.418600000000000083e+00 4.549000000000000266e-01 2.060000000000000026e-02 3.290500000000000091e-01
2.582300000000000040e+00 4.549000000000000266e-01 1.750000000000000167e-02 3.457999999999999963e-01
2.745899999999999785e+00 4.549000000000000266e-01 2.045000000000000290e-02 3.573500000000000010e-01
2.909600000000000186e+00 4.549000000000000266e-01 2.255000000000000060e-02 3.618000000000000105e-01
3.073199999999999932e+00 4.549000000000000266e-01 2.390000000000000110e-02 3.940500000000000114e-01
3.236800000000000122e+00 4.549000000000000266e-01 2.419999999999999929e-02 4.070000000000000284e-01
3.400500000000000078e+00 4.549000000000000266e-01 2.334999999999999923e-02 4.103999999999999870e-01
3.564099999999999824e+00 4.549000000000000266e-01 2.415000000000000133e-02 4.308999999999999497e-01
3.727799999999999780e+00 4.549000000000000266e-01 2.389999999999999764e-02 4.295499999999999874e-01
3.891399999999999970e+00 4.549000000000000266e-01 1.264999999999999979e-02 4.221500000000000252e-01
4.055100000000000371e+00 4.549000000000000266e-01 1.099999999999999936e-02 4.556999999999999940e-01
4.218700000000000117e+00 4.549000000000000266e-01 9.050000000000000752e-03 4.529499999999999638e-01
4.382299999999999862e+00 4.549000000000000266e-01 -1.400000000000001937e-03 4.551000000000000045e-01
4.546000000000000263e+00 4.549000000000000266e-01 -7.500000000000001457e-03 4.640999999999999570e-01
4.709600000000000009e+00 4.549000000000000266e-01 -1.934999999999999915e-02 5.055000000000000604e-01
4.873300000000000409e+00 4.549000000000000266e-01 -1.630000000000000199e-02 4.859999999999999876e-01
5.036900000000000155e+00 4.549000000000000266e-01 -2.424999999999999725e-02 5.095499999999999474e-01
5.200599999999999667e+00 4.549000000000000266e-01 -3.414999999999999980e-02 5.728500000000000814e-01
5.364200000000000301e+00 4.549000000000000266e-01 -2.924999999999999822e-02 5.323999999999999844e-01
5.527800000000000047e+00 4.549000000000000266e-01 -8.449999999999999178e-03 5.110999999999999988e-01
5.691499999999999559e+00 4.549000000000000266e-01 -1.829999999999999682e-02 5.416000000000000814e-01
5.855100000000000193e+00 4.549000000000000266e-01 -1.099999999999999936e-02 5.963000000000000522e-01
6.018799999999999706e+00 4.549000000000000266e-01 -3.199999999999999720e-03 5.887000000000000011e-01
6.182400000000000340e+00 4.549000000000000266e-01 1.445000000000000104e-02 4.728499999999999925e-01
6.346099999999999852e+00 4.549000000000000266e-01 8.099999999999999561e-03 5.719499999999999584e-01
6.509699999999999598e+00 4.549000000000000266e-01 4.349999999999999700e-02 5.141999999999999904e-01
6.673300000000000232e+00 4.549000000000000266e-01 5.784999999999999865e-02 4.936500000000000332e-01
6.836999999999999744e+00 4.549000000000000266e-01 7.969999999999999307e-02 5.114499999999999602e-01
7.000600000000000378e+00 4.549000000000000266e-01 4.090000000000000580e-02 2.571499999999999897e-01
7.164299999999999891e+00 4.549000000000000266e-01 8.829999999999998961e-02 4.239499999999999935e-01
7.327899999999999636e+00 4.549000000000000266e-01 1.307500000000000051e-01 4.768499999999999961e-01
1.275999999999999912e-01 2.913000000000000034e-01 3.940000000000000446e-02 1.295000000000000040e-01
2.913000000000000034e-01 2.913000000000000034e-01 2.185000000000000137e-02 1.708500000000000019e-01
4.549000000000000266e-01 2.913000000000000034e-01 8.699999999999999400e-03 2.207500000000000018e-01
6.186000000000000387e-01 2.913000000000000034e-01 2.380000000000000171e-02 2.056499999999999995e-01
7.822000000000000064e-01 2.913000000000000034e-01 1.175000000000000003e-02 2.183500000000000163e-01
9.458999999999999631e-01 2.913000000000000034e-01 9.299999999999999239e-03 2.451499999999999790e-01
1.109499999999999931e+00 2.913000000000000034e-01 4.949999999999999539e-03 2.716500000000000026e-01
1.273099999999999898e+00 2.913000000000000034e-01 2.949999999999999498e-03 2.756000000000000116e-01
1.436800000000000077e+00 2.913000000000000034e-01 5.849999999999999298e-03 3.027999999999999581e-01
1.600400000000000045e+00 2.913000000000000034e-01 1.299999999999999767e-02 3.089999999999999969e-01
1.764100000000000001e+00 2.913000000000000034e-01 6.450000000000000872e-03 3.171999999999999820e-01
1.927699999999999969e+00 2.913000000000000034e-01 -2.500000000000000486e-03 3.487500000000000044e-01
2.091400000000000148e+00 2.913000000000000034e-01 -8.699999999999999400e-03 3.701999999999999735e-01
2.254999999999999893e+00 2.913000000000000034e-01 1.020000000000000073e-02 3.659000000000000030e-01
2.418600000000000083e+00 2.913000000000000034e-01 1.564999999999999725e-02 3.592500000000000138e-01
2.582300000000000040e+00 2.913000000000000034e-01 1.064999999999999801e-02 3.788000000000000256e-01
2.745899999999999785e+00 2.913000000000000034e-01 1.254999999999999866e-02 3.844500000000000139e-01
2.909600000000000186e+00 2.913000000000000034e-01 1.050000000000000065e-02 4.182500000000000107e-01
3.073199999999999932e+00 2.913000000000000034e-01 8.449999999999999178e-03 4.429499999999999549e-01
3.236800000000000122e+00 2.913000000000000034e-01 1.269999999999999948e-02 4.631500000000000061e-01
3.400500000000000078e+00 2.913000000000000034e-01 1.679999999999999896e-02 4.475000000000000089e-01
3.564099999999999824e+00 2.913000000000000034e-01 1.609999999999999973e-02 4.651000000000000134e-01
3.727799999999999780e+00 2.913000000000000034e-01 1.690000000000000183e-02 4.827500000000000124e-01
3.891399999999999970e+00 2.913000000000000034e-01 3.150000000000000022e-03 5.241500000000000048e-01
4.055100000000000371e+00 2.913000000000000034e-01 -2.800000000000000405e-03 5.218500000000000361e-01
4.218700000000000117e+00 2.913000000000000034e-01 -5.650000000000000508e-03 5.478500000000000592e-01
4.382299999999999862e+00 2.913000000000000034e-01 -1.179999999999999973e-02 5.375999999999999668e-01
4.546000000000000263e+00 2.913000000000000034e-01 -1.230000000000000017e-02 5.009000000000000119e-01
4.709600000000000009e+00 2.913000000000000034e-01 -3.769999999999999740e-02 5.776999999999999913e-01
4.873300000000000409e+00 2.913000000000000034e-01 -1.575000000000000011e-02 5.012499999999999734e-01
5.036900000000000155e+00 2.913000000000000034e-01 -1.320000000000000166e-02 5.052499999999999769e-01
5.200599999999999667e+00 2.913000000000000034e-01 -3.719999999999999696e-02 6.682500000000000107e-01
5.364200000000000301e+00 2.913000000000000034e-01 -3.600000000000000335e-03 5.752999999999999226e-01
5.527800000000000047e+00 2.913000000000000034e-01 -1.515000000000000027e-02 5.396499999999999631e-01
5.691499999999999559e+00 2.913000000000000034e-01 -5.254999999999999949e-02 6.595499999999999696e-01
5.855100000000000193e+00 2.913000000000000034e-01 -3.939999999999999752e-02 6.841500000000000359e-01
6.018799999999999706e+00 2.913000000000000034e-01 -1.060000000000000005e-02 5.995500000000000274e-01
6.182400000000000340e+00 2.913000000000000034e-01 1.779999999999999985e-02 4.949500000000000011e-01
6.346099999999999852e+00 2.913000000000000034e-01 -5.449999999999999983e-03 5.691000000000000503e-01
6.509699999999999598e+00 2.913000000000000034e-01 3.930000000000000160e-02 4.598499999999999810e-01
6.673300000000000232e+00 2.913000000000000034e-01 5.279999999999999971e-02 4.359000000000000097e-01
6.836999999999999744e+00 2.913000000000000034e-01 -1.419999999999999908e-02 -1.439999999999999961e-02
7.000600000000000378e+00 2.913000000000000034e-01 7.560000000000000053e-02 4.248999999999999999e-01
7.164299999999999891e+00 2.913000000000000034e-01 9.245000000000000440e-02 -6.154999999999999361e-02
7.327899999999999636e+00 2.913000000000000034e-01 8.989999999999999380e-02 4.101500000000000146e-01
1.275999999999999912e-01 1.275999999999999912e-01 1.519999999999999997e-02 1.396000000000000019e-01
2.913000000000000034e-01 1.275999999999999912e-01 6.000000000000000125e-03 1.685500000000000054e-01
4.549000000000000266e-01 1.275999999999999912e-01 -6.300000000000000912e-03 2.194999999999999729e-01
6.186000000000000387e-01 1.275999999999999912e-01 -2.150000000000000001e-03 1.762499999999999900e-01
7.822000000000000064e-01 1.275999999999999912e-01 -1.615000000000000116e-02 2.175000000000000266e-01
9.458999999999999631e-01 1.275999999999999912e-01 -1.490000000000000005e-02 2.499500000000000055e-01
1.109499999999999931e+00 1.275999999999999912e-01 -1.315000000000000023e-02 2.636499999999999955e-01
1.273099999999999898e+00 1.275999999999999912e-01 -1.229999999999999843e-02 2.988000000000000100e-01
1.436800000000000077e+00 1.275999999999999912e-01 -9.499999999999999764e-03 3.170499999999999985e-01
1.600400000000000045e+00 1.275999999999999912e-01 -1.779999999999999985e-02 3.435500000000000220e-01
1.764100000000000001e+00 1.275999999999999912e-01 -1.464999999999999983e-02 3.473999999999999866e-01
1.927699999999999969e+00 1.275999999999999912e-01 -1.505000000000000088e-02 3.457999999999999963e-01
2.091400000000000148e+00 1.275999999999999912e-01 -2.340000000000000066e-02 3.592000000000000193e-01
2.254999999999999893e+00 1.275999999999999912e-01 -4.450000000000000830e-03 3.795999999999999930e-01
2.418600000000000083e+00 1.275999999999999912e-01 1.130000000000000102e-02 3.495000000000000329e-01
2.582300000000000040e+00 1.275999999999999912e-01 -2.035000000000000003e-02 4.273000000000000131e-01
2.745899999999999785e+00 1.275999999999999912e-01 -1.414999999999999938e-02 4.102999999999999980e-01
2.909600000000000186e+00 1.275999999999999912e-01 5.150000000000000064e-03 4.198999999999999955e-01
3.073199999999999932e+00 1.275999999999999912e-01 1.569999999999999868e-02 4.044999999999999707e-01
3.236800000000000122e+00 1.275999999999999912e-01 -1.145000000000000011e-02 5.503000000000000114e-01
3.400500000000000078e+00 1.275999999999999912e-01 -6.549999999999998532e-03 5.683000000000000274e-01
3.564099999999999824e+00 1.275999999999999912e-01 4.050000000000001515e-03 5.760499999999999510e-01
3.727799999999999780e+00 1.275999999999999912e-01 -1.299999999999999940e-03 5.692000000000000393e-01
3.891399999999999970e+00 1.275999999999999912e-01 -1.899999999999998912e-03 5.829999999999999627e-01
4.055100000000000371e+00 1.275999999999999912e-01 -1.544999999999999846e-02 6.383999999999999675e-01
4.218700000000000117e+00 1.275999999999999912e-01 -2.514999999999999875e-02 6.661000000000000254e-01
4.382299999999999862e+00 1.275999999999999912e-01 -3.950000000000000039e-02 6.441000000000000059e-01
4.546000000000000263e+00 1.275999999999999912e-01 -2.609999999999999820e-02 5.492000000000000215e-01
4.709600000000000009e+00 1.275999999999999912e-01 -4.539999999999999591e-02 6.494999999999999662e-01
4.873300000000000409e+00 1.275999999999999912e-01 -4.399999999999999745e-02 6.854000000000000092e-01
5.036900000000000155e+00 1.275999999999999912e-01 -3.880000000000000115e-02 6.548499999999999321e-01
5.200599999999999667e+00 1.275999999999999912e-01 -3.380000000000000365e-02 6.394999999999999574e-01
5.364200000000000301e+00 1.275999999999999912e-01 -4.879999999999999616e-02 7.053000000000000380e-01
5.527800000000000047e+00 1.275999999999999912e-01 -1.734999999999999737e-02 5.575499999999999901e-01
5.691499999999999559e+00 1.275999999999999912e-01 -1.214999999999999934e-02 5.541500000000000314e-01
5.855100000000000193e+00 1.275999999999999912e-01 -6.400000000000001174e-03 5.380500000000000282e-01
6.018799999999999706e+00 1.275999999999999912e-01 1.149999999999999981e-03 5.181000000000000050e-01
6.182400000000000340e+00 1.275999999999999912e-01 1.060000000000000005e-02 5.114499999999999602e-01
6.346099999999999852e+00 1.275999999999999912e-01 1.245000000000000100e-02 2.437000000000000000e-01
6.509699999999999598e+00 1.275999999999999912e-01 5.600000000000000810e-03 2.116500000000000048e-01
6.673300000000000232e+00 1.275999999999999912e-01 4.820000000000000673e-02 4.264000000000000012e-01
6.836999999999999744e+00 1.275999999999999912e-01 6.174999999999999933e-02 4.171000000000000263e-01
7.000600000000000378e+00 1.275999999999999912e-01 7.005000000000000115e-02 4.085499999999999687e-01
7.164299999999999891e+00 1.275999999999999912e-01 7.755000000000000782e-02 4.054499999999999771e-01
7.327899999999999636e+00 1.275999999999999912e-01 8.325000000000000455e-02 3.874000000000000221e-01
