1.275999999999999912e-01 1.927699999999999969e+00 1.265000000000000013e-01 -3.590000000000000135e-02
2.913000000000000034e-01 1.927699999999999969e+00 1.131500000000000006e-01 -5.374999999999999917e-02
4.549000000000000266e-01 1.927699999999999969e+00 1.254500000000000060e-01 -5.949999999999999734e-02
6.186000000000000387e-01 1.927699999999999969e+00 1.365500000000000047e-01 -5.619999999999999996e-02
7.822000000000000064e-01 1.927699999999999969e+00 1.348499999999999976e-01 -5.880000000000000504e-02
9.458999999999999631e-01 1.927699999999999969e+00 1.227000000000000035e-01 -5.489999999999999741e-02
1.109499999999999931e+00 1.927699999999999969e+00 1.271500000000000130e-01 -5.535000000000000336e-02
1.273099999999999898e+00 1.927699999999999969e+00 1.179000000000000048e-01 -5.870000000000000218e-02
1.436800000000000077e+00 1.927699999999999969e+00 1.084999999999999992e-01 -5.204999999999999905e-02
1.600400000000000045e+00 1.927699999999999969e+00 1.017500000000000071e-01 -5.034999999999999892e-02
1.764100000000000001e+00 1.927699999999999969e+00 9.979999999999999982e-02 -5.500000000000000028e-02
1.927699999999999969e+00 1.927699999999999969e+00 9.919999999999999651e-02 -5.985000000000000042e-02
2.091400000000000148e+00 1.927699999999999969e+00 1.025500000000000023e-01 -5.964999999999999469e-02
2.254999999999999893e+00 1.927699999999999969e+00 1.071000000000000008e-01 -5.129999999999999838e-02
2.418600000000000083e+00 1.927699999999999969e+00 9.834999999999999298e-02 -5.045000000000000179e-02
2.582300000000000040e+00 1.927699999999999969e+00 1.013499999999999956e-01 -5.880000000000000504e-02
2.745899999999999785e+00 1.927699999999999969e+00 9.909999999999999365e-02 -6.054999999999999966e-02
2.909600000000000186e+00 1.927699999999999969e+00 9.590000000000001301e-02 -5.764999999999999986e-02
3.073199999999999932e+00 1.927699999999999969e+00 9.600000000000000200e-02 -5.634999999999999731e-02
3.236800000000000122e+00 1.927699999999999969e+00 9.254999999999999338e-02 -6.199999999999999956e-02
3.400500000000000078e+00 1.927699999999999969e+00 9.290000000000001035e-02 -6.179999999999999383e-02
3.564099999999999824e+00 1.927699999999999969e+00 9.154999999999999249e-02 -6.205000000000000099e-02
3.727799999999999780e+00 1.927699999999999969e+00 8.999999999999999667e-02 -6.164999999999999647e-02
3.891399999999999970e+00 1.927699999999999969e+00 8.740000000000000546e-02 -5.500000000000000028e-02
4.055100000000000371e+00 1.927699999999999969e+00 8.734999999999999709e-02 -5.670000000000000040e-02
4.218700000000000117e+00 1.927699999999999969e+00 8.594999999999999862e-02 -6.135000000000000175e-02
4.382299999999999862e+00 1.927699999999999969e+00 8.799999999999999489e-02 -6.725000000000000422e-02
4.546000000000000263e+00 1.927699999999999969e+00 8.490000000000000324e-02 -7.599999999999999811e-02
4.709600000000000009e+00 1.927699999999999969e+00 7.785000000000000253e-02 -6.644999999999999518e-02
4.873300000000000409e+00 1.927699999999999969e+00 7.499999999999999722e-02 -7.710000000000000187e-02
5.036900000000000155e+00 1.927699999999999969e+00 7.470000000000000251e-02 -8.050000000000000211e-02
5.200599999999999667e+00 1.927699999999999969e+00 7.175000000000000822e-02 -6.854999999999999982e-02
5.364200000000000301e+00 1.927699999999999969e+00 6.890000000000000291e-02 -7.900000000000000078e-02
5.527800000000000047e+00 1.927699999999999969e+00 5.680000000000000326e-02 -8.934999999999998499e-02
5.691499999999999559e+00 1.927699999999999969e+00 5.774999999999999578e-02 -9.975000000000000533e-02
5.855100000000000193e+00 1.927699999999999969e+00 4.424999999999999767e-02 -8.190000000000000058e-02
6.018799999999999706e+00 1.927699999999999969e+00 3.969999999999999918e-02 -7.250000000000000888e-02
6.182400000000000340e+00 1.927699999999999969e+00 3.429999999999999716e-02 -8.025000000000000189e-02
6.346099999999999852e+00 1.927699999999999969e+00 3.229999999999999538e-02 -8.029999999999999638e-02
6.509699999999999598e+00 1.927699999999999969e+00 1.949999999999999997e-02 -7.245000000000000051e-02
6.673300000000000232e+00 1.927699999999999969e+00 1.615000000000000116e-02 -9.654999999999999694e-02
6.836999999999999744e+00 1.927699999999999969e+00 7.100000000000000408e-03 -7.599999999999999811e-02
7.000600000000000378e+00 1.927699999999999969e+00 7.650000000000000550e-03 -8.440000000000000280e-02
7.164299999999999891e+00 1.927699999999999969e+00 8.950000000000001357e-03 -9.979999999999999982e-02
7.327899999999999636e+00 1.927699999999999969e+00 -2.850000000000000103e-03 -1.020999999999999963e-01
1.275999999999999912e-01 1.764100000000000001e+00 1.491999999999999993e-01 -4.034999999999999698e-02
2.913000000000000034e-01 1.764100000000000001e+00 1.239999999999999991e-01 -4.979999999999999705e-02
4.549000000000000266e-01 1.764100000000000001e+00 1.282999999999999974e-01 -5.840000000000000052e-02
6.186000000000000387e-01 1.764100000000000001e+00 1.295000000000000040e-01 -5.864999999999999380e-02
7.822000000000000064e-01 1.764100000000000001e+00 1.398500000000000021e-01 -5.759999999999999842e-02
9.458999999999999631e-01 1.764100000000000001e+00 1.221500000000000086e-01 -6.155000000000000054e-02
1.109499999999999931e+00 1.764100000000000001e+00 1.159499999999999975e-01 -5.779999999999999721e-02
1.273099999999999898e+00 1.764100000000000001e+00 1.121499999999999997e-01 -5.689999999999999919e-02
1.436800000000000077e+00 1.764100000000000001e+00 1.121499999999999997e-01 -5.564999999999999808e-02
1.600400000000000045e+00 1.764100000000000001e+00 1.098999999999999977e-01 -5.150000000000000411e-02
1.764100000000000001e+00 1.764100000000000001e+00 1.055999999999999994e-01 -6.049999999999999822e-02
1.927699999999999969e+00 1.764100000000000001e+00 9.875000000000000444e-02 -6.420000000000000706e-02
2.091400000000000148e+00 1.764100000000000001e+00 1.003000000000000003e-01 -6.590000000000000024e-02
2.254999999999999893e+00 1.764100000000000001e+00 1.082499999999999990e-01 -4.914999999999999925e-02
2.418600000000000083e+00 1.764100000000000001e+00 9.969999999999999696e-02 -4.775000000000000078e-02
2.582300000000000040e+00 1.764100000000000001e+00 9.934999999999999387e-02 -5.634999999999999731e-02
2.745899999999999785e+00 1.764100000000000001e+00 1.018999999999999906e-01 -5.224999999999999784e-02
2.909600000000000186e+00 1.764100000000000001e+00 9.754999999999999782e-02 -5.515000000000000457e-02
3.073199999999999932e+00 1.764100000000000001e+00 9.784999999999999254e-02 -5.675000000000000183e-02
3.236800000000000122e+00 1.764100000000000001e+00 9.934999999999999387e-02 -5.809999999999999887e-02
3.400500000000000078e+00 1.764100000000000001e+00 9.765000000000000069e-02 -5.390000000000000346e-02
3.564099999999999824e+00 1.764100000000000001e+00 9.925000000000000488e-02 -5.444999999999999840e-02
3.727799999999999780e+00 1.764100000000000001e+00 9.545000000000000706e-02 -5.524999999999999356e-02
3.891399999999999970e+00 1.764100000000000001e+00 9.245000000000000440e-02 -5.000000000000000278e-02
4.055100000000000371e+00 1.764100000000000001e+00 9.345000000000000528e-02 -5.174999999999999739e-02
4.218700000000000117e+00 1.764100000000000001e+00 8.849999999999999534e-02 -5.425000000000000655e-02
4.382299999999999862e+00 1.764100000000000001e+00 9.049999999999999711e-02 -6.364999999999999825e-02
4.546000000000000263e+00 1.764100000000000001e+00 8.780000000000000304e-02 -5.859999999999999931e-02
4.709600000000000009e+00 1.764100000000000001e+00 7.944999999999999285e-02 -6.264999999999999736e-02
4.873300000000000409e+00 1.764100000000000001e+00 7.724999999999999922e-02 -7.445000000000000229e-02
5.036900000000000155e+00 1.764100000000000001e+00 8.085000000000000520e-02 -7.705000000000000737e-02
5.200599999999999667e+00 1.764100000000000001e+00 7.594999999999998974e-02 -8.655000000000000193e-02
5.364200000000000301e+00 1.764100000000000001e+00 7.409999999999999920e-02 -9.545000000000000706e-02
5.527800000000000047e+00 1.764100000000000001e+00 6.339999999999999802e-02 -9.305000000000000770e-02
5.691499999999999559e+00 1.764100000000000001e+00 6.115000000000000296e-02 -9.890000000000000180e-02
5.855100000000000193e+00 1.764100000000000001e+00 4.854999999999999594e-02 -8.429999999999999993e-02
6.018799999999999706e+00 1.764100000000000001e+00 4.214999999999999997e-02 -8.225000000000000366e-02
6.182400000000000340e+00 1.764100000000000001e+00 4.005000000000000226e-02 -8.480000000000000038e-02
6.346099999999999852e+00 1.764100000000000001e+00 3.244999999999999968e-02 -7.245000000000000051e-02
6.509699999999999598e+00 1.764100000000000001e+00 2.154999999999999971e-02 -6.010000000000000064e-02
6.673300000000000232e+00 1.764100000000000001e+00 1.609999999999999973e-02 -9.790000000000000091e-02
6.836999999999999744e+00 1.764100000000000001e+00 8.450000000000000913e-03 -7.989999999999999880e-02
7.000600000000000378e+00 1.764100000000000001e+00 9.199999999999999845e-03 -7.100000000000000755e-02
7.164299999999999891e+00 1.764100000000000001e+00 7.449999999999999158e-03 -6.579999999999999738e-02
7.327899999999999636e+00 1.764100000000000001e+00 7.000000000000001013e-04 -8.750000000000000833e-02
1.275999999999999912e-01 1.600400000000000045e+00 1.401000000000000023e-01 -5.099999999999999672e-02
2.913000000000000034e-01 1.600400000000000045e+00 1.307999999999999996e-01 -4.755000000000000199e-02
4.549000000000000266e-01 1.600400000000000045e+00 1.289000000000000146e-01 -5.435000000000000248e-02
6.186000000000000387e-01 1.600400000000000045e+00 1.282000000000000084e-01 -5.564999999999999808e-02
7.822000000000000064e-01 1.600400000000000045e+00 1.318499999999999950e-01 -5.489999999999999741e-02
9.458999999999999631e-01 1.600400000000000045e+00 1.215500000000000053e-01 -6.004999999999999921e-02
1.109499999999999931e+00 1.600400000000000045e+00 1.197000000000000008e-01 -5.870000000000000218e-02
1.273099999999999898e+00 1.600400000000000045e+00 1.136999999999999955e-01 -5.505000000000000171e-02
1.436800000000000077e+00 1.600400000000000045e+00 1.156000000000000083e-01 -5.179999999999999882e-02
1.600400000000000045e+00 1.600400000000000045e+00 1.091999999999999915e-01 -5.120000000000000245e-02
1.764100000000000001e+00 1.600400000000000045e+00 1.085500000000000076e-01 -5.534999999999999643e-02
1.927699999999999969e+00 1.600400000000000045e+00 1.033499999999999974e-01 -6.800000000000000488e-02
2.091400000000000148e+00 1.600400000000000045e+00 9.854999999999999871e-02 -6.784999999999999365e-02
2.254999999999999893e+00 1.600400000000000045e+00 1.032500000000000084e-01 -4.789999999999999813e-02
2.418600000000000083e+00 1.600400000000000045e+00 1.025999999999999968e-01 -4.709999999999999604e-02
2.582300000000000040e+00 1.600400000000000045e+00 1.055999999999999994e-01 -4.900000000000000189e-02
2.745899999999999785e+00 1.600400000000000045e+00 1.023000000000000020e-01 -5.265000000000000235e-02
2.909600000000000186e+00 1.600400000000000045e+00 9.579999999999999627e-02 -5.355000000000000038e-02
3.073199999999999932e+00 1.600400000000000045e+00 1.005000000000000060e-01 -5.475000000000000006e-02
3.236800000000000122e+00 1.600400000000000045e+00 9.959999999999999409e-02 -6.045000000000000373e-02
3.400500000000000078e+00 1.600400000000000045e+00 9.635000000000000508e-02 -5.594999999999999973e-02
3.564099999999999824e+00 1.600400000000000045e+00 1.003499999999999948e-01 -5.924999999999999711e-02
3.727799999999999780e+00 1.600400000000000045e+00 9.509999999999999010e-02 -6.575000000000000289e-02
3.891399999999999970e+00 1.600400000000000045e+00 9.329999999999999405e-02 -6.445000000000000728e-02
4.055100000000000371e+00 1.600400000000000045e+00 9.520000000000000684e-02 -6.339999999999999802e-02
4.218700000000000117e+00 1.600400000000000045e+00 9.145000000000000351e-02 -6.289999999999999758e-02
4.382299999999999862e+00 1.600400000000000045e+00 9.429999999999999494e-02 -6.389999999999999847e-02
4.546000000000000263e+00 1.600400000000000045e+00 9.029999999999999138e-02 -6.450000000000000178e-02
4.709600000000000009e+00 1.600400000000000045e+00 8.735000000000001097e-02 -6.790000000000000202e-02
4.873300000000000409e+00 1.600400000000000045e+00 8.294999999999999596e-02 -7.395000000000000184e-02
5.036900000000000155e+00 1.600400000000000045e+00 8.160000000000000586e-02 -7.355000000000000426e-02
5.200599999999999667e+00 1.600400000000000045e+00 7.184999999999999720e-02 -8.700000000000000788e-02
5.364200000000000301e+00 1.600400000000000045e+00 7.574999999999999789e-02 -1.103000000000000091e-01
5.527800000000000047e+00 1.600400000000000045e+00 6.770000000000001017e-02 -8.569999999999999840e-02
5.691499999999999559e+00 1.600400000000000045e+00 7.080000000000000182e-02 -8.990000000000000768e-02
5.855100000000000193e+00 1.600400000000000045e+00 5.410000000000000225e-02 -8.585000000000000964e-02
6.018799999999999706e+00 1.600400000000000045e+00 4.564999999999999614e-02 -8.170000000000000873e-02
6.182400000000000340e+00 1.600400000000000045e+00 3.685000000000000081e-02 -8.344999999999999640e-02
6.346099999999999852e+00 1.600400000000000045e+00 3.369999999999999385e-02 -9.280000000000000748e-02
6.509699999999999598e+00 1.600400000000000045e+00 2.820000000000000284e-02 -8.009999999999999065e-02
6.673300000000000232e+00 1.600400000000000045e+00 2.600000000000000228e-02 -8.184999999999999221e-02
6.836999999999999744e+00 1.600400000000000045e+00 1.764999999999999902e-02 -9.679999999999999716e-02
7.000600000000000378e+00 1.600400000000000045e+00 1.024999999999999870e-02 -7.094999999999999918e-02
7.164299999999999891e+00 1.600400000000000045e+00 6.549999999999999399e-03 -4.555000000000000021e-02
7.327899999999999636e+00 1.600400000000000045e+00 3.900000000000000688e-03 -6.769999999999999629e-02
1.275999999999999912e-01 1.436800000000000077e+00 1.265999999999999903e-01 -5.859999999999999931e-02
2.913000000000000034e-01 1.436800000000000077e+00 1.365999999999999992e-01 -5.765000000000000679e-02
4.549000000000000266e-01 1.436800000000000077e+00 1.449000000000000010e-01 -5.494999999999999885e-02
6.186000000000000387e-01 1.436800000000000077e+00 1.234999999999999987e-01 -5.125000000000000389e-02
7.822000000000000064e-01 1.436800000000000077e+00 1.242499999999999993e-01 -5.909999999999999976e-02
9.458999999999999631e-01 1.436800000000000077e+00 1.033000000000000029e-01 -4.729999999999999483e-02
1.109499999999999931e+00 1.436800000000000077e+00 1.198499999999999982e-01 -5.369999999999999774e-02
1.273099999999999898e+00 1.436800000000000077e+00 1.177999999999999881e-01 -6.089999999999999580e-02
1.436800000000000077e+00 1.436800000000000077e+00 1.152999999999999997e-01 -5.415000000000000369e-02
1.600400000000000045e+00 1.436800000000000077e+00 1.086999999999999911e-01 -4.969999999999999418e-02
1.764100000000000001e+00 1.436800000000000077e+00 1.063000000000000056e-01 -4.989999999999999991e-02
1.927699999999999969e+00 1.436800000000000077e+00 1.087499999999999994e-01 -5.895000000000000240e-02
2.091400000000000148e+00 1.436800000000000077e+00 1.081999999999999906e-01 -6.244999999999999857e-02
2.254999999999999893e+00 1.436800000000000077e+00 1.000999999999999945e-01 -5.790000000000000008e-02
2.418600000000000083e+00 1.436800000000000077e+00 1.054500000000000021e-01 -4.375000000000000416e-02
2.582300000000000040e+00 1.436800000000000077e+00 1.087499999999999994e-01 -4.959999999999999826e-02
2.745899999999999785e+00 1.436800000000000077e+00 1.055999999999999994e-01 -5.445000000000000534e-02
2.909600000000000186e+00 1.436800000000000077e+00 1.020999999999999963e-01 -4.674999999999999989e-02
3.073199999999999932e+00 1.436800000000000077e+00 1.026999999999999996e-01 -5.340000000000000302e-02
3.236800000000000122e+00 1.436800000000000077e+00 9.429999999999999494e-02 -6.124999999999999889e-02
3.400500000000000078e+00 1.436800000000000077e+00 9.589999999999999913e-02 -5.319999999999999729e-02
3.564099999999999824e+00 1.436800000000000077e+00 1.014499999999999985e-01 -5.534999999999999643e-02
3.727799999999999780e+00 1.436800000000000077e+00 1.007500000000000062e-01 -6.235000000000000264e-02
3.891399999999999970e+00 1.436800000000000077e+00 9.695000000000000839e-02 -6.120000000000000440e-02
4.055100000000000371e+00 1.436800000000000077e+00 9.299999999999999933e-02 -5.129999999999999838e-02
4.218700000000000117e+00 1.436800000000000077e+00 9.564999999999999891e-02 -6.074999999999999845e-02
4.382299999999999862e+00 1.436800000000000077e+00 9.865000000000000158e-02 -7.290000000000000646e-02
4.546000000000000263e+00 1.436800000000000077e+00 9.270000000000000462e-02 -7.515000000000000846e-02
4.709600000000000009e+00 1.436800000000000077e+00 8.799999999999999489e-02 -6.260000000000000286e-02
4.873300000000000409e+00 1.436800000000000077e+00 8.415000000000000258e-02 -6.704999999999999849e-02
5.036900000000000155e+00 1.436800000000000077e+00 7.880000000000000893e-02 -7.879999999999999505e-02
5.200599999999999667e+00 1.436800000000000077e+00 6.989999999999998992e-02 -8.809999999999999776e-02
5.364200000000000301e+00 1.436800000000000077e+00 7.330000000000000404e-02 -8.395000000000001072e-02
5.527800000000000047e+00 1.436800000000000077e+00 7.075000000000000733e-02 -7.370000000000000162e-02
5.691499999999999559e+00 1.436800000000000077e+00 6.984999999999999543e-02 -9.045000000000000262e-02
5.855100000000000193e+00 1.436800000000000077e+00 5.330000000000000016e-02 -1.049500000000000016e-01
6.018799999999999706e+00 1.436800000000000077e+00 4.785000000000000364e-02 -9.115000000000000879e-02
6.182400000000000340e+00 1.436800000000000077e+00 3.490000000000000047e-02 -7.790000000000001090e-02
6.346099999999999852e+00 1.436800000000000077e+00 3.354999999999999649e-02 -5.904999999999999832e-02
6.509699999999999598e+00 1.436800000000000077e+00 3.094999999999999835e-02 -6.550000000000000266e-02
6.673300000000000232e+00 1.436800000000000077e+00 3.035000000000000198e-02 -9.085000000000000020e-02
6.836999999999999744e+00 1.436800000000000077e+00 1.379999999999999977e-02 -6.119999999999999746e-02
7.000600000000000378e+00 1.436800000000000077e+00 5.150000000000000931e-03 -5.025000000000000300e-02
7.164299999999999891e+00 1.436800000000000077e+00 1.234999999999999987e-02 -4.955000000000000376e-02
7.327899999999999636e+00 1.436800000000000077e+00 9.899999999999999079e-03 -8.490000000000000324e-02
1.275999999999999912e-01 1.273099999999999898e+00 1.336999999999999855e-01 -6.525000000000000244e-02
2.913000000000000034e-01 1.273099999999999898e+00 1.270499999999999963e-01 -6.775000000000000466e-02
4.549000000000000266e-01 1.273099999999999898e+00 1.311999999999999833e-01 -5.084999999999999937e-02
6.186000000000000387e-01 1.273099999999999898e+00 1.247000000000000053e-01 -6.565000000000000002e-02
7.822000000000000064e-01 1.273099999999999898e+00 1.192000000000000004e-01 -6.750000000000000444e-02
9.458999999999999631e-01 1.273099999999999898e+00 1.035500000000000032e-01 -4.839999999999999858e-02
1.109499999999999931e+00 1.273099999999999898e+00 1.146999999999999964e-01 -5.915000000000000119e-02
1.273099999999999898e+00 1.273099999999999898e+00 1.176500000000000046e-01 -5.759999999999999842e-02
1.436800000000000077e+00 1.273099999999999898e+00 1.138500000000000068e-01 -5.055000000000000465e-02
1.600400000000000045e+00 1.273099999999999898e+00 1.101499999999999979e-01 -5.190000000000000169e-02
1.764100000000000001e+00 1.273099999999999898e+00 1.108500000000000041e-01 -5.399999999999999939e-02
1.927699999999999969e+00 1.273099999999999898e+00 1.067500000000000115e-01 -5.360000000000000181e-02
2.091400000000000148e+00 1.273099999999999898e+00 1.082499999999999990e-01 -5.670000000000000040e-02
2.254999999999999893e+00 1.273099999999999898e+00 9.709999999999999187e-02 -7.080000000000000182e-02
2.418600000000000083e+00 1.273099999999999898e+00 1.048000000000000043e-01 -4.589999999999999636e-02
2.582300000000000040e+00 1.273099999999999898e+00 1.078000000000000069e-01 -5.115000000000000102e-02
2.745899999999999785e+00 1.273099999999999898e+00 1.106000000000000039e-01 -5.569999999999999951e-02
2.909600000000000186e+00 1.273099999999999898e+00 1.111999999999999933e-01 -4.674999999999999989e-02
3.073199999999999932e+00 1.273099999999999898e+00 1.034000000000000058e-01 -3.699999999999999817e-02
3.236800000000000122e+00 1.273099999999999898e+00 9.619999999999999385e-02 -5.059999999999999915e-02
3.400500000000000078e+00 1.273099999999999898e+00 1.005999999999999950e-01 -3.835000000000000214e-02
3.564099999999999824e+00 1.273099999999999898e+00 1.026999999999999996e-01 -3.645000000000000323e-02
3.727799999999999780e+00 1.273099999999999898e+00 1.011500000000000038e-01 -4.560000000000000164e-02
3.891399999999999970e+00 1.273099999999999898e+00 9.629999999999999671e-02 -4.714999999999999747e-02
4.055100000000000371e+00 1.273099999999999898e+00 9.364999999999999714e-02 -3.835000000000000214e-02
4.218700000000000117e+00 1.273099999999999898e+00 9.969999999999999696e-02 -3.984999999999999654e-02
4.382299999999999862e+00 1.273099999999999898e+00 9.794999999999999540e-02 -4.839999999999999858e-02
4.546000000000000263e+00 1.273099999999999898e+00 9.695000000000000839e-02 -7.994999999999999329e-02
4.709600000000000009e+00 1.273099999999999898e+00 9.179999999999999272e-02 -6.165000000000000341e-02
4.873300000000000409e+00 1.273099999999999898e+00 8.754999999999998894e-02 -7.589999999999999525e-02
5.036900000000000155e+00 1.273099999999999898e+00 8.150000000000000300e-02 -9.054999999999999161e-02
5.200599999999999667e+00 1.273099999999999898e+00 7.370000000000000162e-02 -7.685000000000000164e-02
5.364200000000000301e+00 1.273099999999999898e+00 7.080000000000000182e-02 -7.439999999999999392e-02
5.527800000000000047e+00 1.273099999999999898e+00 6.729999999999999871e-02 -7.075000000000000733e-02
5.691499999999999559e+00 1.273099999999999898e+00 6.609999999999999210e-02 -9.115000000000000879e-02
5.855100000000000193e+00 1.273099999999999898e+00 6.060000000000000109e-02 -1.123999999999999999e-01
6.018799999999999706e+00 1.273099999999999898e+00 5.269999999999999685e-02 -1.000000000000000056e-01
6.182400000000000340e+00 1.273099999999999898e+00 4.155000000000000360e-02 -9.170000000000000373e-02
6.346099999999999852e+00 1.273099999999999898e+00 3.005000000000000032e-02 -9.314999999999999669e-02
6.509699999999999598e+00 1.273099999999999898e+00 3.119999999999999857e-02 -8.169999999999999485e-02
6.673300000000000232e+00 1.273099999999999898e+00 2.999999999999999889e-02 -7.990000000000001268e-02
6.836999999999999744e+00 1.273099999999999898e+00 2.049999999999999739e-02 -7.389999999999999347e-02
7.000600000000000378e+00 1.273099999999999898e+00 9.249999999999999542e-03 -9.674999999999998879e-02
7.164299999999999891e+00 1.273099999999999898e+00 8.299999999999998351e-03 -8.079999999999999682e-02
7.327899999999999636e+00 1.273099999999999898e+00 4.100000000000001213e-03 -8.804999999999998939e-02
1.275999999999999912e-01 1.109499999999999931e+00 1.557499999999999996e-01 -5.550000000000000072e-02
2.913000000000000034e-01 1.109499999999999931e+00 1.433999999999999997e-01 -5.734999999999999820e-02
4.549000000000000266e-01 1.109499999999999931e+00 1.311499999999999888e-01 -5.394999999999999796e-02
6.186000000000000387e-01 1.109499999999999931e+00 1.246500000000000108e-01 -6.579999999999999738e-02
7.822000000000000064e-01 1.109499999999999931e+00 1.247499999999999998e-01 -5.459999999999999576e-02
9.458999999999999631e-01 1.109499999999999931e+00 1.151999999999999968e-01 -6.015000000000000208e-02
1.109499999999999931e+00 1.109499999999999931e+00 1.112999999999999962e-01 -6.245000000000000551e-02
1.273099999999999898e+00 1.109499999999999931e+00 1.149499999999999966e-01 -5.279999999999999971e-02
1.436800000000000077e+00 1.109499999999999931e+00 1.073500000000000010e-01 -5.585000000000000381e-02
1.600400000000000045e+00 1.109499999999999931e+00 1.053999999999999937e-01 -5.385000000000000203e-02
1.764100000000000001e+00 1.109499999999999931e+00 1.122500000000000026e-01 -4.230000000000000426e-02
1.927699999999999969e+00 1.109499999999999931e+00 1.081999999999999906e-01 -3.880000000000000115e-02
2.091400000000000148e+00 1.109499999999999931e+00 1.081499999999999961e-01 -5.660000000000000447e-02
2.254999999999999893e+00 1.109499999999999931e+00 1.126500000000000001e-01 -6.719999999999999585e-02
2.418600000000000083e+00 1.109499999999999931e+00 1.111499999999999988e-01 -5.360000000000000181e-02
2.582300000000000040e+00 1.109499999999999931e+00 1.068999999999999950e-01 -5.094999999999999529e-02
2.745899999999999785e+00 1.109499999999999931e+00 1.078500000000000014e-01 -5.829999999999999766e-02
2.909600000000000186e+00 1.109499999999999931e+00 1.090500000000000080e-01 -4.644999999999999823e-02
3.073199999999999932e+00 1.109499999999999931e+00 1.032000000000000001e-01 -4.100000000000000172e-02
3.236800000000000122e+00 1.109499999999999931e+00 1.008000000000000007e-01 -3.880000000000000115e-02
3.400500000000000078e+00 1.109499999999999931e+00 1.053999999999999937e-01 -4.034999999999999698e-02
3.564099999999999824e+00 1.109499999999999931e+00 1.018499999999999961e-01 -4.324999999999999678e-02
3.727799999999999780e+00 1.109499999999999931e+00 9.470000000000000639e-02 -3.925000000000000017e-02
3.891399999999999970e+00 1.109499999999999931e+00 1.016499999999999904e-01 -5.079999999999999793e-02
4.055100000000000371e+00 1.109499999999999931e+00 1.042500000000000093e-01 -4.719999999999999890e-02
4.218700000000000117e+00 1.109499999999999931e+00 1.020999999999999963e-01 -4.275000000000000328e-02
4.382299999999999862e+00 1.109499999999999931e+00 1.004499999999999976e-01 -6.800000000000000488e-02
4.546000000000000263e+00 1.109499999999999931e+00 9.865000000000000158e-02 -6.350000000000000089e-02
4.709600000000000009e+00 1.109499999999999931e+00 9.740000000000000047e-02 -4.825000000000000122e-02
4.873300000000000409e+00 1.109499999999999931e+00 9.040000000000000813e-02 -7.125000000000000777e-02
5.036900000000000155e+00 1.109499999999999931e+00 8.765000000000000568e-02 -8.539999999999998981e-02
5.200599999999999667e+00 1.109499999999999931e+00 8.499999999999999223e-02 -7.324999999999999567e-02
5.364200000000000301e+00 1.109499999999999931e+00 7.954999999999999571e-02 -7.629999999999999283e-02
5.527800000000000047e+00 1.109499999999999931e+00 6.969999999999999807e-02 -8.705000000000000238e-02
5.691499999999999559e+00 1.109499999999999931e+00 6.819999999999999674e-02 -9.664999999999999980e-02
5.855100000000000193e+00 1.109499999999999931e+00 6.254999999999999449e-02 -1.087499999999999994e-01
6.018799999999999706e+00 1.109499999999999931e+00 5.555000000000000215e-02 -9.064999999999999447e-02
6.182400000000000340e+00 1.109499999999999931e+00 4.479999999999999954e-02 -9.115000000000000879e-02
6.346099999999999852e+00 1.109499999999999931e+00 3.200000000000000067e-02 -7.664999999999999591e-02
6.509699999999999598e+00 1.109499999999999931e+00 2.795000000000000262e-02 -7.149999999999999412e-02
6.673300000000000232e+00 1.109499999999999931e+00 2.404999999999999846e-02 -7.945000000000000673e-02
6.836999999999999744e+00 1.109499999999999931e+00 2.219999999999999751e-02 -6.874999999999999167e-02
7.000600000000000378e+00 1.109499999999999931e+00 1.394999999999999886e-02 -9.939999999999998836e-02
7.164299999999999891e+00 1.109499999999999931e+00 1.460000000000000013e-02 -6.959999999999999520e-02
7.327899999999999636e+00 1.109499999999999931e+00 7.400000000000000328e-03 -7.184999999999999720e-02
1.275999999999999912e-01 9.458999999999999631e-01 1.365500000000000047e-01 -5.469999999999999862e-02
2.913000000000000034e-01 9.458999999999999631e-01 1.366499999999999937e-01 -5.324999999999999872e-02
4.549000000000000266e-01 9.458999999999999631e-01 1.280499999999999972e-01 -5.500000000000000028e-02
6.186000000000000387e-01 9.458999999999999631e-01 1.050999999999999990e-01 -6.275000000000000022e-02
7.822000000000000064e-01 9.458999999999999631e-01 1.149499999999999966e-01 -5.909999999999999976e-02
9.458999999999999631e-01 9.458999999999999631e-01 1.135500000000000120e-01 -5.405000000000000082e-02
1.109499999999999931e+00 9.458999999999999631e-01 1.079999999999999988e-01 -5.224999999999999784e-02
1.273099999999999898e+00 9.458999999999999631e-01 1.091999999999999915e-01 -5.689999999999999919e-02
1.436800000000000077e+00 9.458999999999999631e-01 1.017500000000000071e-01 -6.569999999999999452e-02
1.600400000000000045e+00 9.458999999999999631e-01 1.093500000000000028e-01 -5.140000000000000124e-02
1.764100000000000001e+00 9.458999999999999631e-01 1.147999999999999993e-01 -4.139999999999999930e-02
1.927699999999999969e+00 9.458999999999999631e-01 1.044500000000000012e-01 -4.920000000000000068e-02
2.091400000000000148e+00 9.458999999999999631e-01 1.097500000000000003e-01 -5.214999999999999497e-02
2.254999999999999893e+00 9.458999999999999631e-01 1.112500000000000017e-01 -4.365000000000000130e-02
2.418600000000000083e+00 9.458999999999999631e-01 1.103000000000000091e-01 -5.639999999999999875e-02
2.582300000000000040e+00 9.458999999999999631e-01 1.073999999999999955e-01 -5.934999999999999998e-02
2.745899999999999785e+00 9.458999999999999631e-01 1.064999999999999974e-01 -5.130000000000000532e-02
2.909600000000000186e+00 9.458999999999999631e-01 1.072499999999999981e-01 -4.935000000000000497e-02
3.073199999999999932e+00 9.458999999999999631e-01 1.020000000000000073e-01 -5.369999999999999774e-02
3.236800000000000122e+00 9.458999999999999631e-01 1.047499999999999959e-01 -4.219999999999999446e-02
3.400500000000000078e+00 9.458999999999999631e-01 1.068500000000000005e-01 -6.035000000000000087e-02
3.564099999999999824e+00 9.458999999999999631e-01 1.055500000000000049e-01 -5.245000000000000356e-02
3.727799999999999780e+00 9.458999999999999631e-01 9.715000000000000024e-02 -5.220000000000000334e-02
3.891399999999999970e+00 9.458999999999999631e-01 1.038999999999999924e-01 -3.805000000000000049e-02
4.055100000000000371e+00 9.458999999999999631e-01 1.023999999999999910e-01 -3.030000000000000054e-02
4.218700000000000117e+00 9.458999999999999631e-01 1.018000000000000016e-01 -2.799999999999999711e-02
4.382299999999999862e+00 9.458999999999999631e-01 1.012000000000000122e-01 -5.490000000000000435e-02
4.546000000000000263e+00 9.458999999999999631e-01 1.001500000000000029e-01 -6.205000000000000793e-02
4.709600000000000009e+00 9.458999999999999631e-01 9.564999999999999891e-02 -4.569999999999999757e-02
4.873300000000000409e+00 9.458999999999999631e-01 9.120000000000000329e-02 -6.054999999999999272e-02
5.036900000000000155e+00 9.458999999999999631e-01 9.115000000000000879e-02 -9.169999999999998985e-02
5.200599999999999667e+00 9.458999999999999631e-01 8.949999999999999623e-02 -8.765000000000000568e-02
5.364200000000000301e+00 9.458999999999999631e-01 8.574999999999999289e-02 -9.274999999999999911e-02
5.527800000000000047e+00 9.458999999999999631e-01 7.935000000000000386e-02 -1.341999999999999860e-01
5.691499999999999559e+00 9.458999999999999631e-01 6.734999999999999321e-02 -1.136500000000000010e-01
5.855100000000000193e+00 9.458999999999999631e-01 5.870000000000000218e-02 -1.001500000000000029e-01
6.018799999999999706e+00 9.458999999999999631e-01 5.514999999999999764e-02 -9.120000000000000329e-02
6.182400000000000340e+00 9.458999999999999631e-01 4.655000000000000110e-02 -9.929999999999999938e-02
6.346099999999999852e+00 9.458999999999999631e-01 3.509999999999999926e-02 -1.101000000000000034e-01
6.509699999999999598e+00 9.458999999999999631e-01 3.395000000000000101e-02 -1.161999999999999977e-01
6.673300000000000232e+00 9.458999999999999631e-01 2.245000000000000120e-02 -1.084500000000000047e-01
6.836999999999999744e+00 9.458999999999999631e-01 1.855000000000000052e-02 -8.505000000000000060e-02
7.000600000000000378e+00 9.458999999999999631e-01 3.700000000000000164e-03 -1.011999999999999983e-01
7.164299999999999891e+00 9.458999999999999631e-01 8.250000000000000389e-03 -7.175000000000000822e-02
7.327899999999999636e+00 9.458999999999999631e-01 8.999999999999997585e-04 -6.539999999999999980e-02
1.275999999999999912e-01 7.822000000000000064e-01 1.327000000000000124e-01 -6.980000000000000093e-02
2.913000000000000034e-01 7.822000000000000064e-01 1.303499999999999936e-01 -6.554999999999999716e-02
4.549000000000000266e-01 7.822000000000000064e-01 1.223500000000000143e-01 -6.354999999999999538e-02
6.186000000000000387e-01 7.822000000000000064e-01 1.103999999999999981e-01 -6.525000000000000244e-02
7.822000000000000064e-01 7.822000000000000064e-01 1.114499999999999935e-01 -6.130000000000000032e-02
9.458999999999999631e-01 7.822000000000000064e-01 1.052000000000000018e-01 -6.260000000000000286e-02
1.109499999999999931e+00 7.822000000000000064e-01 1.015000000000000069e-01 -5.165000000000000147e-02
1.273099999999999898e+00 7.822000000000000064e-01 1.023499999999999965e-01 -5.670000000000000040e-02
1.436800000000000077e+00 7.822000000000000064e-01 1.026999999999999996e-01 -5.990000000000000185e-02
1.600400000000000045e+00 7.822000000000000064e-01 1.036499999999999921e-01 -7.019999999999999851e-02
1.764100000000000001e+00 7.822000000000000064e-01 1.010500000000000009e-01 -6.559999999999999165e-02
1.927699999999999969e+00 7.822000000000000064e-01 1.048999999999999932e-01 -4.879999999999999616e-02
2.091400000000000148e+00 7.822000000000000064e-01 1.091000000000000025e-01 -4.424999999999999767e-02
2.254999999999999893e+00 7.822000000000000064e-01 1.036999999999999866e-01 -3.450000000000000289e-02
2.418600000000000083e+00 7.822000000000000064e-01 1.016499999999999904e-01 -4.684999999999999581e-02
2.582300000000000040e+00 7.822000000000000064e-01 1.092499999999999999e-01 -6.489999999999999936e-02
2.745899999999999785e+00 7.822000000000000064e-01 1.122500000000000026e-01 -6.600000000000000311e-02
2.909600000000000186e+00 7.822000000000000064e-01 1.145000000000000046e-01 -6.709999999999999298e-02
3.073199999999999932e+00 7.822000000000000064e-01 1.107999999999999957e-01 -5.145000000000000961e-02
3.236800000000000122e+00 7.822000000000000064e-01 1.073999999999999955e-01 -3.640000000000000180e-02
3.400500000000000078e+00 7.822000000000000064e-01 1.005999999999999950e-01 -1.954999999999999793e-02
3.564099999999999824e+00 7.822000000000000064e-01 1.071000000000000008e-01 -3.884999999999999565e-02
3.727799999999999780e+00 7.822000000000000064e-01 1.048499999999999988e-01 -5.390000000000000346e-02
3.891399999999999970e+00 7.822000000000000064e-01 1.028499999999999970e-01 -2.800000000000000058e-02
4.055100000000000371e+00 7.822000000000000064e-01 9.879999999999999893e-02 -2.620000000000000107e-02
4.218700000000000117e+00 7.822000000000000064e-01 1.052000000000000018e-01 -4.439999999999999503e-02
4.382299999999999862e+00 7.822000000000000064e-01 1.050500000000000045e-01 -6.145000000000000462e-02
4.546000000000000263e+00 7.822000000000000064e-01 1.064499999999999891e-01 -8.149999999999998912e-02
4.709600000000000009e+00 7.822000000000000064e-01 1.040000000000000091e-01 -7.664999999999999591e-02
4.873300000000000409e+00 7.822000000000000064e-01 1.004499999999999976e-01 -8.439999999999998892e-02
5.036900000000000155e+00 7.822000000000000064e-01 9.450000000000000067e-02 -1.014999999999999930e-01
5.200599999999999667e+00 7.822000000000000064e-01 8.915000000000000702e-02 -1.127499999999999891e-01
5.364200000000000301e+00 7.822000000000000064e-01 8.250000000000000389e-02 -1.387000000000000177e-01
5.527800000000000047e+00 7.822000000000000064e-01 7.389999999999999347e-02 -1.499000000000000055e-01
5.691499999999999559e+00 7.822000000000000064e-01 6.235000000000000264e-02 -1.397499999999999853e-01
5.855100000000000193e+00 7.822000000000000064e-01 5.884999999999999953e-02 -1.241000000000000020e-01
6.018799999999999706e+00 7.822000000000000064e-01 5.109999999999999959e-02 -1.306000000000000216e-01
6.182400000000000340e+00 7.822000000000000064e-01 4.514999999999999569e-02 -1.509000000000000064e-01
6.346099999999999852e+00 7.822000000000000064e-01 3.690000000000000224e-02 -1.476999999999999980e-01
6.509699999999999598e+00 7.822000000000000064e-01 3.304999999999999605e-02 -1.418500000000000039e-01
6.673300000000000232e+00 7.822000000000000064e-01 2.560000000000000123e-02 -1.244999999999999996e-01
6.836999999999999744e+00 7.822000000000000064e-01 1.300000000000000114e-02 -1.175999999999999962e-01
7.000600000000000378e+00 7.822000000000000064e-01 1.449999999999999900e-03 -1.291499999999999870e-01
7.164299999999999891e+00 7.822000000000000064e-01 1.499999999999999598e-03 -8.039999999999999925e-02
7.327899999999999636e+00 7.822000000000000064e-01 -1.099999999999999936e-02 -5.975000000000000450e-02
1.275999999999999912e-01 6.186000000000000387e-01 1.330000000000000071e-01 -8.460000000000000853e-02
2.913000000000000034e-01 6.186000000000000387e-01 1.263499999999999901e-01 -7.820000000000000562e-02
4.549000000000000266e-01 6.186000000000000387e-01 1.102500000000000008e-01 -7.209999999999999742e-02
6.186000000000000387e-01 6.186000000000000387e-01 1.078999999999999959e-01 -7.124999999999999389e-02
7.822000000000000064e-01 6.186000000000000387e-01 1.040999999999999981e-01 -6.575000000000000289e-02
9.458999999999999631e-01 6.186000000000000387e-01 1.054000000000000076e-01 -5.884999999999999953e-02
1.109499999999999931e+00 6.186000000000000387e-01 9.840000000000000135e-02 -5.830000000000000460e-02
1.273099999999999898e+00 6.186000000000000387e-01 1.013999999999999901e-01 -6.034999999999999393e-02
1.436800000000000077e+00 6.186000000000000387e-01 1.025999999999999968e-01 -6.099999999999999867e-02
1.600400000000000045e+00 6.186000000000000387e-01 9.719999999999999474e-02 -7.080000000000000182e-02
1.764100000000000001e+00 6.186000000000000387e-01 1.001999999999999974e-01 -7.010000000000000953e-02
1.927699999999999969e+00 6.186000000000000387e-01 1.025500000000000023e-01 -5.815000000000000724e-02
2.091400000000000148e+00 6.186000000000000387e-01 1.030999999999999972e-01 -5.369999999999999774e-02
2.254999999999999893e+00 6.186000000000000387e-01 1.016999999999999987e-01 -4.564999999999999614e-02
2.418600000000000083e+00 6.186000000000000387e-01 9.879999999999999893e-02 -4.795000000000000651e-02
2.582300000000000040e+00 6.186000000000000387e-01 1.053999999999999937e-01 -6.244999999999999163e-02
2.745899999999999785e+00 6.186000000000000387e-01 1.041499999999999926e-01 -7.469999999999998863e-02
2.909600000000000186e+00 6.186000000000000387e-01 1.152999999999999997e-01 -8.029999999999999638e-02
3.073199999999999932e+00 6.186000000000000387e-01 1.107500000000000151e-01 -5.770000000000000129e-02
3.236800000000000122e+00 6.186000000000000387e-01 1.043499999999999983e-01 -5.599999999999999423e-02
3.400500000000000078e+00 6.186000000000000387e-01 1.044999999999999957e-01 -4.760000000000000342e-02
3.564099999999999824e+00 6.186000000000000387e-01 1.043999999999999928e-01 -4.370000000000000273e-02
3.727799999999999780e+00 6.186000000000000387e-01 1.068999999999999950e-01 -5.485000000000000292e-02
3.891399999999999970e+00 6.186000000000000387e-01 1.072000000000000036e-01 -7.319999999999998730e-02
4.055100000000000371e+00 6.186000000000000387e-01 1.030500000000000027e-01 -7.944999999999999285e-02
4.218700000000000117e+00 6.186000000000000387e-01 1.117499999999999882e-01 -9.919999999999999651e-02
4.382299999999999862e+00 6.186000000000000387e-01 1.084999999999999992e-01 -1.037500000000000089e-01
4.546000000000000263e+00 6.186000000000000387e-01 1.058999999999999941e-01 -1.074500000000000038e-01
4.709600000000000009e+00 6.186000000000000387e-01 1.072000000000000036e-01 -1.018000000000000016e-01
4.873300000000000409e+00 6.186000000000000387e-01 1.026499999999999913e-01 -1.290000000000000036e-01
5.036900000000000155e+00 6.186000000000000387e-01 9.694999999999999452e-02 -1.452999999999999847e-01
5.200599999999999667e+00 6.186000000000000387e-01 9.115000000000000879e-02 -1.500999999999999834e-01
5.364200000000000301e+00 6.186000000000000387e-01 8.540000000000000369e-02 -1.643499999999999961e-01
5.527800000000000047e+00 6.186000000000000387e-01 7.589999999999999525e-02 -1.614000000000000157e-01
5.691499999999999559e+00 6.186000000000000387e-01 6.670000000000000928e-02 -1.647500000000000075e-01
5.855100000000000193e+00 6.186000000000000387e-01 5.714999999999999941e-02 -1.471999999999999975e-01
6.018799999999999706e+00 6.186000000000000387e-01 5.000000000000000278e-02 -1.595499999999999974e-01
6.182400000000000340e+00 6.186000000000000387e-01 4.909999999999999781e-02 -1.809000000000000052e-01
6.346099999999999852e+00 6.186000000000000387e-01 3.615000000000000158e-02 -1.833499999999999852e-01
6.509699999999999598e+00 6.186000000000000387e-01 2.035000000000000003e-02 -1.737499999999999878e-01
6.673300000000000232e+00 6.186000000000000387e-01 1.839999999999999969e-02 -1.600999999999999923e-01
6.836999999999999744e+00 6.186000000000000387e-01 8.850000000000000228e-03 -1.692499999999999838e-01
7.000600000000000378e+00 6.186000000000000387e-01 4.899999999999999842e-03 -1.612999999999999989e-01
7.164299999999999891e+00 6.186000000000000387e-01 -9.500000000000001499e-03 -1.250999999999999890e-01
7.327899999999999636e+00 6.186000000000000387e-01 -1.504999999999999914e-02 -1.220499999999999918e-01
1.275999999999999912e-01 4.549000000000000266e-01 1.393000000000000071e-01 -9.660000000000000531e-02
2.913000000000000034e-01 4.549000000000000266e-01 1.234500000000000042e-01 -9.314999999999999669e-02
4.549000000000000266e-01 4.549000000000000266e-01 1.174000000000000044e-01 -9.189999999999999558e-02
6.186000000000000387e-01 4.549000000000000266e-01 1.089500000000000052e-01 -8.649999999999999356e-02
7.822000000000000064e-01 4.549000000000000266e-01 9.675000000000000266e-02 -7.950000000000000122e-02
9.458999999999999631e-01 4.549000000000000266e-01 9.020000000000000240e-02 -8.150000000000000300e-02
1.109499999999999931e+00 4.549000000000000266e-01 9.420000000000000595e-02 -8.369999999999999662e-02
1.273099999999999898e+00 4.549000000000000266e-01 9.729999999999999760e-02 -8.010000000000000453e-02
1.436800000000000077e+00 4.549000000000000266e-01 9.314999999999999669e-02 -7.530000000000000582e-02
1.600400000000000045e+00 4.549000000000000266e-01 9.049999999999999711e-02 -8.160000000000000586e-02
1.764100000000000001e+00 4.549000000000000266e-01 9.809999999999999276e-02 -8.384999999999999398e-02
1.927699999999999969e+00 4.549000000000000266e-01 9.090000000000000857e-02 -7.585000000000000075e-02
2.091400000000000148e+00 4.549000000000000266e-01 9.359999999999998876e-02 -7.530000000000000582e-02
2.254999999999999893e+00 4.549000000000000266e-01 9.675000000000000266e-02 -8.499999999999999223e-02
2.418600000000000083e+00 4.549000000000000266e-01 9.425000000000000044e-02 -8.470000000000001139e-02
2.582300000000000040e+00 4.549000000000000266e-01 9.754999999999999782e-02 -8.199999999999998956e-02
2.745899999999999785e+00 4.549000000000000266e-01 1.002500000000000058e-01 -8.300000000000000433e-02
2.909600000000000186e+00 4.549000000000000266e-01 1.004000000000000031e-01 -9.765000000000000069e-02
3.073199999999999932e+00 4.549000000000000266e-01 9.284999999999998810e-02 -9.485000000000000375e-02
3.236800000000000122e+00 4.549000000000000266e-01 9.585000000000000464e-02 -8.825000000000000899e-02
3.400500000000000078e+00 4.549000000000000266e-01 9.690000000000000002e-02 -9.514999999999999847e-02
3.564099999999999824e+00 4.549000000000000266e-01 8.905000000000000415e-02 -9.430000000000000882e-02
3.727799999999999780e+00 4.549000000000000266e-01 8.674999999999999378e-02 -1.039999999999999952e-01
3.891399999999999970e+00 4.549000000000000266e-01 9.984999999999999432e-02 -1.093500000000000028e-01
4.055100000000000371e+00 4.549000000000000266e-01 1.062499999999999972e-01 -1.188000000000000028e-01
4.218700000000000117e+00 4.549000000000000266e-01 1.118000000000000105e-01 -1.433999999999999997e-01
4.382299999999999862e+00 4.549000000000000266e-01 1.053499999999999992e-01 -1.508500000000000119e-01
4.546000000000000263e+00 4.549000000000000266e-01 1.129000000000000004e-01 -1.527499999999999969e-01
4.709600000000000009e+00 4.549000000000000266e-01 1.117000000000000076e-01 -1.451999999999999957e-01
4.873300000000000409e+00 4.549000000000000266e-01 1.068000000000000060e-01 -1.933499999999999941e-01
5.036900000000000155e+00 4.549000000000000266e-01 1.026499999999999913e-01 -2.052499999999999880e-01
5.200599999999999667e+00 4.549000000000000266e-01 9.525000000000000133e-02 -2.134999999999999953e-01
5.364200000000000301e+00 4.549000000000000266e-01 9.135000000000000064e-02 -2.242500000000000049e-01
5.527800000000000047e+00 4.549000000000000266e-01 8.890000000000000679e-02 -2.213999999999999857e-01
5.691499999999999559e+00 4.549000000000000266e-01 7.869999999999999218e-02 -2.406500000000000028e-01
5.855100000000000193e+00 4.549000000000000266e-01 6.669999999999999540e-02 -2.172499999999999987e-01
6.018799999999999706e+00 4.549000000000000266e-01 6.370000000000000662e-02 -2.069000000000000283e-01
6.182400000000000340e+00 4.549000000000000266e-01 5.834999999999999909e-02 -2.184999999999999998e-01
6.346099999999999852e+00 4.549000000000000266e-01 4.124999999999999500e-02 -2.190000000000000002e-01
6.509699999999999598e+00 4.549000000000000266e-01 3.214999999999999802e-02 -1.975500000000000034e-01
6.673300000000000232e+00 4.549000000000000266e-01 2.784999999999999976e-02 -1.708500000000000019e-01
6.836999999999999744e+00 4.549000000000000266e-01 9.350000000000000672e-03 -1.764499999999999957e-01
7.000600000000000378e+00 4.549000000000000266e-01 1.550000000000000162e-03 -1.669999999999999818e-01
7.164299999999999891e+00 4.549000000000000266e-01 -4.899999999999999842e-03 -1.436000000000000054e-01
7.327899999999999636e+00 4.549000000000000266e-01 -1.239999999999999783e-02 -1.295000000000000040e-01
1.275999999999999912e-01 2.913000000000000034e-01 1.089499999999999913e-01 -1.181500000000000050e-01
2.913000000000000034e-01 2.913000000000000034e-01 1.046499999999999930e-01 -1.116000000000000048e-01
4.549000000000000266e-01 2.913000000000000034e-01 1.043499999999999983e-01 -1.097000000000000058e-01
6.186000000000000387e-01 2.913000000000000034e-01 9.564999999999999891e-02 -1.079500000000000043e-01
7.822000000000000064e-01 2.913000000000000034e-01 8.765000000000000568e-02 -1.003500000000000086e-01
9.458999999999999631e-01 2.913000000000000034e-01 8.669999999999999929e-02 -1.009499999999999981e-01
1.109499999999999931e+00 2.913000000000000034e-01 8.310000000000000719e-02 -1.006999999999999978e-01
1.273099999999999898e+00 2.913000000000000034e-01 8.440000000000000280e-02 -9.625000000000000222e-02
1.436800000000000077e+00 2.913000000000000034e-01 9.245000000000000440e-02 -1.025500000000000023e-01
1.600400000000000045e+00 2.913000000000000034e-01 8.649999999999999356e-02 -1.142499999999999905e-01
1.764100000000000001e+00 2.913000000000000034e-01 8.924999999999999600e-02 -1.156500000000000028e-01
1.927699999999999969e+00 2.913000000000000034e-01 8.840000000000000635e-02 -1.053499999999999992e-01
2.091400000000000148e+00 2.913000000000000034e-01 8.594999999999999862e-02 -1.176499999999999907e-01
2.254999999999999893e+00 2.913000000000000034e-01 9.054999999999999161e-02 -1.307499999999999774e-01
2.418600000000000083e+00 2.913000000000000034e-01 8.704999999999998850e-02 -1.420500000000000096e-01
2.582300000000000040e+00 2.913000000000000034e-01 9.579999999999999627e-02 -1.399499999999999911e-01
2.745899999999999785e+00 2.913000000000000034e-01 1.007500000000000062e-01 -1.342499999999999805e-01
2.909600000000000186e+00 2.913000000000000034e-01 9.625000000000000222e-02 -1.414999999999999869e-01
3.073199999999999932e+00 2.913000000000000034e-01 8.699999999999999400e-02 -1.567500000000000004e-01
3.236800000000000122e+00 2.913000000000000034e-01 9.385000000000000286e-02 -1.616500000000000159e-01
3.400500000000000078e+00 2.913000000000000034e-01 8.879999999999999005e-02 -1.547499999999999987e-01
3.564099999999999824e+00 2.913000000000000034e-01 7.420000000000000207e-02 -1.549000000000000099e-01
3.727799999999999780e+00 2.913000000000000034e-01 8.285000000000000697e-02 -1.683999999999999941e-01
3.891399999999999970e+00 2.913000000000000034e-01 9.575000000000000178e-02 -1.692999999999999783e-01
4.055100000000000371e+00 2.913000000000000034e-01 1.042000000000000010e-01 -1.817999999999999894e-01
4.218700000000000117e+00 2.913000000000000034e-01 1.102999999999999953e-01 -1.954500000000000126e-01
4.382299999999999862e+00 2.913000000000000034e-01 1.055500000000000049e-01 -2.081500000000000017e-01
4.546000000000000263e+00 2.913000000000000034e-01 1.105500000000000094e-01 -2.288999999999999924e-01
4.709600000000000009e+00 2.913000000000000034e-01 1.083500000000000019e-01 -2.364500000000000213e-01
4.873300000000000409e+00 2.913000000000000034e-01 1.025000000000000078e-01 -2.348500000000000032e-01
5.036900000000000155e+00 2.913000000000000034e-01 1.010000000000000064e-01 -2.386000000000000065e-01
5.200599999999999667e+00 2.913000000000000034e-01 9.675000000000000266e-02 -2.531499999999999861e-01
5.364200000000000301e+00 2.913000000000000034e-01 9.625000000000000222e-02 -2.685500000000000109e-01
5.527800000000000047e+00 2.913000000000000034e-01 1.037000000000000005e-01 -2.663499999999999757e-01
5.691499999999999559e+00 2.913000000000000034e-01 8.734999999999999709e-02 -2.787499999999999978e-01
5.855100000000000193e+00 2.913000000000000034e-01 7.080000000000000182e-02 -2.616499999999999937e-01
6.018799999999999706e+00 2.913000000000000034e-01 6.060000000000000109e-02 -2.391999999999999960e-01
6.182400000000000340e+00 2.913000000000000034e-01 5.009999999999999870e-02 -1.943999999999999895e-01
6.346099999999999852e+00 2.913000000000000034e-01 4.599999999999999922e-02 -2.030500000000000083e-01
6.509699999999999598e+00 2.913000000000000034e-01 3.840000000000000357e-02 -1.922500000000000042e-01
6.673300000000000232e+00 2.913000000000000034e-01 2.165000000000000258e-02 -1.447000000000000230e-01
6.836999999999999744e+00 2.913000000000000034e-01 4.599999999999999922e-03 -1.360500000000000043e-01
7.000600000000000378e+00 2.913000000000000034e-01 5.749999999999999903e-03 -1.338999999999999913e-01
7.164299999999999891e+00 2.913000000000000034e-01 7.400000000000000328e-03 -1.260499999999999954e-01
7.327899999999999636e+00 2.913000000000000034e-01 1.499999999999999598e-03 -1.335000000000000075e-01
1.275999999999999912e-01 1.275999999999999912e-01 8.965000000000000746e-02 -1.363999999999999935e-01
2.913000000000000034e-01 1.275999999999999912e-01 8.680000000000000215e-02 -1.498499999999999832e-01
4.549000000000000266e-01 1.275999999999999912e-01 7.905000000000000915e-02 -1.380500000000000060e-01
6.186000000000000387e-01 1.275999999999999912e-01 6.969999999999999807e-02 -1.108999999999999986e-01
7.822000000000000064e-01 1.275999999999999912e-01 7.850000000000000033e-02 -1.224500000000000033e-01
9.458999999999999631e-01 1.275999999999999912e-01 8.160000000000000586e-02 -1.184999999999999942e-01
1.109499999999999931e+00 1.275999999999999912e-01 7.144999999999999962e-02 -1.174999999999999933e-01
1.273099999999999898e+00 1.275999999999999912e-01 9.085000000000000020e-02 -1.282999999999999974e-01
1.436800000000000077e+00 1.275999999999999912e-01 8.920000000000000151e-02 -1.239500000000000046e-01
1.600400000000000045e+00 1.275999999999999912e-01 8.899999999999999578e-02 -1.360000000000000098e-01
1.764100000000000001e+00 1.275999999999999912e-01 9.224999999999999867e-02 -1.518500000000000127e-01
1.927699999999999969e+00 1.275999999999999912e-01 9.095000000000000306e-02 -1.448000000000000120e-01
2.091400000000000148e+00 1.275999999999999912e-01 8.849999999999999534e-02 -1.556499999999999828e-01
2.254999999999999893e+00 1.275999999999999912e-01 9.370000000000000551e-02 -1.754499999999999948e-01
2.418600000000000083e+00 1.275999999999999912e-01 9.270000000000000462e-02 -1.798500000000000099e-01
2.582300000000000040e+00 1.275999999999999912e-01 9.969999999999999696e-02 -1.794000000000000039e-01
2.745899999999999785e+00 1.275999999999999912e-01 9.719999999999999474e-02 -1.809499999999999997e-01
2.909600000000000186e+00 1.275999999999999912e-01 8.905000000000000415e-02 -1.798999999999999766e-01
3.073199999999999932e+00 1.275999999999999912e-01 9.185000000000000109e-02 -1.510500000000000176e-01
3.236800000000000122e+00 1.275999999999999912e-01 8.480000000000000038e-02 -2.352500000000000147e-01
3.400500000000000078e+00 1.275999999999999912e-01 8.559999999999999554e-02 -2.278999999999999915e-01
3.564099999999999824e+00 1.275999999999999912e-01 8.394999999999999685e-02 -2.137499999999999956e-01
3.727799999999999780e+00 1.275999999999999912e-01 9.004999999999999116e-02 -2.125999999999999834e-01
3.891399999999999970e+00 1.275999999999999912e-01 9.790000000000000091e-02 -2.461500000000000077e-01
4.055100000000000371e+00 1.275999999999999912e-01 1.088999999999999968e-01 -2.616999999999999882e-01
4.218700000000000117e+00 1.275999999999999912e-01 1.021500000000000047e-01 -2.434999999999999942e-01
4.382299999999999862e+00 1.275999999999999912e-01 1.047500000000000098e-01 -2.793999999999999817e-01
4.546000000000000263e+00 1.275999999999999912e-01 1.059499999999999886e-01 -2.993500000000000050e-01
4.709600000000000009e+00 1.275999999999999912e-01 9.460000000000000353e-02 -3.133500000000000174e-01
4.873300000000000409e+00 1.275999999999999912e-01 9.570000000000000728e-02 -2.724500000000000255e-01
5.036900000000000155e+00 1.275999999999999912e-01 9.310000000000000220e-02 -2.819499999999999784e-01
5.200599999999999667e+00 1.275999999999999912e-01 9.894999999999999629e-02 -2.931500000000000217e-01
5.364200000000000301e+00 1.275999999999999912e-01 9.964999999999998859e-02 -2.922500000000000098e-01
5.527800000000000047e+00 1.275999999999999912e-01 1.048000000000000043e-01 -2.698500000000000343e-01
5.691499999999999559e+00 1.275999999999999912e-01 7.844999999999999196e-02 -2.372000000000000219e-01
5.855100000000000193e+00 1.275999999999999912e-01 3.930000000000000160e-02 -1.774999999999999911e-01
6.018799999999999706e+00 1.275999999999999912e-01 3.950000000000000039e-02 3.930000000000000160e-02
6.182400000000000340e+00 1.275999999999999912e-01 3.209999999999999659e-02 4.680000000000000132e-02
6.346099999999999852e+00 1.275999999999999912e-01 4.645000000000000517e-02 -1.034499999999999864e-01
6.509699999999999598e+00 1.275999999999999912e-01 6.130000000000000032e-02 5.574999999999999400e-02
6.673300000000000232e+00 1.275999999999999912e-01 -8.500000000000000611e-04 -1.451500000000000012e-01
6.836999999999999744e+00 1.275999999999999912e-01 3.349999999999999679e-03 6.799999999999999621e-03
7.000600000000000378e+00 1.275999999999999912e-01 -5.849999999999999298e-03 -1.372499999999999831e-01
7.164299999999999891e+00 1.275999999999999912e-01 -6.850000000000000186e-03 -1.363000000000000045e-01
7.327899999999999636e+00 1.275999999999999912e-01 1.000000000000002623e-04 -1.262000000000000066e-01
